Samples	SBS1536A	SBS1536B	SBS1536C	SBS1536D	SBS1536E
PD37458	2.72E+01	8.29E+00	6.76E+00	2.26E+00	3.65E+01
PD37459	1.78E+01	6.55E+00	3.53E+00	2.01E+00	1.87E+01
PD37461	1.54E+01	5.10E+00	4.84E+00	2.00E+00	2.15E+01
PD37462	1.57E+01	5.53E+00	3.10E+00	2.06E+00	1.75E+01
PD37463	1.48E+01	7.98E+00	2.90E+00	1.55E+02	1.59E+02
PD37464	1.61E+01	7.11E+00	6.18E+00	1.87E+01	1.19E+01
PD37466	1.47E+01	7.20E+00	8.02E+00	2.12E+01	1.16E+01
PD37467	2.79E+01	9.20E+00	1.48E+01	1.12E+00	4.66E+01
PD37468	5.86E+01	1.49E+01	8.84E+00	4.61E+00	6.70E+01
PD37469	1.95E+01	7.96E+00	7.77E+00	4.55E+01	2.20E+01
PD37470	5.09E+01	1.06E+01	1.97E+01	2.74E+00	7.09E+01
PD37472	2.77E+01	8.73E+00	1.09E+01	2.89E+00	4.28E+01
PD37473	2.12E+01	6.06E+00	4.85E+00	2.33E+00	2.71E+01
PD37474	1.50E+01	4.74E+00	3.80E+00	1.77E+00	1.83E+01
PD37475	2.05E+01	7.15E+00	5.52E+00	2.11E+00	2.65E+01
PD37476	1.39E+01	4.31E+00	2.36E+00	1.75E+00	1.61E+01
PD37478	1.59E+01	5.64E+00	4.49E+00	2.09E+00	2.27E+01
PD37479	3.97E+01	9.60E+00	5.88E+00	2.98E+00	4.90E+01
PD37480	2.72E+01	9.26E+00	1.32E+01	1.84E+00	4.54E+01
PD37481	3.79E+01	1.16E+01	1.06E+01	2.72E+00	5.15E+01
PD37482	2.47E+01	7.66E+00	1.32E+01	1.48E+00	4.15E+01
PD37483	2.65E+01	8.84E+00	1.31E+01	2.39E+00	4.25E+01
PD37484	1.69E+01	5.63E+00	3.24E+00	1.45E+02	1.57E+02
PD37485	1.73E+01	5.34E+00	5.97E+00	1.49E+00	2.37E+01
PD37486	1.73E+01	6.39E+00	8.10E+00	1.41E+00	2.79E+01
PD42572	1.15E+01	6.89E+00	5.00E+00	6.57E+01	5.74E+01
PD42573	1.78E+01	7.25E+00	8.99E+00	5.12E+00	2.57E+01
PD42574	1.55E+01	6.77E+00	5.43E+00	1.14E+01	1.29E+01
PD42576	1.29E+01	8.80E+00	4.87E+00	7.54E+01	6.49E+01
PD42578	2.86E+01	7.82E+00	1.08E+01	2.09E+00	4.11E+01
PD42580	1.61E+01	4.80E+00	5.39E+00	1.73E+00	2.18E+01
PD42585	2.37E+01	8.78E+00	6.97E+00	1.89E+01	1.91E+01
PD42586	1.13E+01	3.83E+00	2.87E+00	1.60E+00	1.28E+01
PD42587	9.53E+00	5.60E+00	2.96E+00	8.13E+01	8.83E+01
PD42590	1.42E+01	7.51E+00	7.18E+00	4.28E+00	2.19E+01
PD42591	3.50E+01	2.71E+01	1.04E+01	3.02E+02	3.65E+02
PD42592	2.07E+01	7.58E+00	6.38E+00	9.97E+00	2.00E+01
PD42593	1.61E+01	6.13E+00	9.00E+00	3.39E+00	2.49E+01
PD42595	2.18E+01	7.24E+00	5.68E+00	3.36E+00	2.73E+01
PD42596	9.80E+00	3.61E+00	2.68E+00	1.98E+00	9.63E+00
PD42671	1.98E+01	6.95E+00	4.82E+00	2.20E+00	2.40E+01
PD42672	1.35E+01	5.66E+00	3.59E+00	3.66E+00	1.10E+01
PD42673	2.94E+01	8.02E+00	7.17E+00	3.95E+00	3.31E+01
PD42674	1.37E+01	6.99E+00	6.85E+00	1.14E+01	1.38E+01
PD42675	1.94E+01	5.58E+00	4.87E+00	1.65E+00	2.35E+01
PD42676	1.56E+01	5.04E+00	5.44E+00	2.52E+00	2.00E+01
PD42677	1.45E+01	5.23E+00	4.49E+00	1.88E+01	8.95E+00
PD42876	1.90E+01	6.33E+00	7.03E+00	1.62E+02	1.77E+02
PD42882	1.45E+01	7.87E+00	6.15E+00	9.46E+00	1.27E+01
PD42884	1.18E+01	5.69E+00	3.70E+00	3.15E+01	2.49E+01
PD42885	5.55E+00	6.27E+00	2.28E+00	2.17E+01	2.53E+01
PD42886	2.80E+01	1.04E+01	1.49E+01	8.61E+00	4.19E+01
PD42887	1.26E+01	7.27E+00	8.35E+00	1.13E+02	1.25E+02
PD42890	1.89E+01	1.07E+01	5.23E+00	1.01E+02	9.07E+01
PD42891	2.77E+01	1.11E+01	1.10E+01	9.32E+00	3.65E+01
PD42893	1.88E+01	7.12E+00	8.14E+00	3.11E+00	2.81E+01
PD42894	1.57E+01	1.30E+01	7.94E+00	9.75E+01	1.05E+02
PD42895	2.38E+01	8.06E+00	5.54E+00	2.10E+01	1.61E+01
PD42896	1.50E+01	8.64E+00	7.08E+00	8.14E+01	6.32E+01
PD42897	1.33E+01	9.00E+00	8.80E+00	6.20E+01	4.23E+01
PD42898	2.95E+01	2.28E+01	9.58E+00	1.74E+02	2.27E+02
PD42899	1.26E+01	1.44E+01	5.59E+00	1.04E+02	1.11E+02
PD42900	1.26E+01	8.53E+00	2.71E+01	2.09E+01	2.28E+01
PD42901	1.93E+01	7.23E+00	6.83E+00	3.86E+00	2.60E+01
PD42902	1.46E+01	4.60E+00	5.07E+00	5.82E+00	1.48E+01
PD42903	1.35E+01	5.33E+00	4.36E+00	2.38E+01	1.32E+01
PD42904	1.27E+01	5.31E+00	3.52E+00	6.23E+00	1.13E+01
PD42905	1.45E+01	8.24E+00	7.78E+00	1.55E+02	1.55E+02
PD42906	8.40E+00	4.47E+00	3.90E+00	5.00E+01	4.31E+01
PD46699	2.53E+01	8.52E+00	7.92E+00	2.91E+00	3.28E+01
PD46700	1.73E+01	5.31E+00	8.46E+00	1.34E+00	2.81E+01
PD46701	2.53E+01	6.82E+00	6.98E+00	2.03E+00	3.24E+01
PD46702	1.70E+01	5.89E+00	3.57E+00	2.20E+00	1.79E+01
PD46703	2.60E+01	8.90E+00	5.69E+00	2.98E+00	2.96E+01
PD46704	1.71E+01	6.33E+00	6.50E+00	1.43E+00	2.61E+01
PD46705	2.10E+01	1.05E+01	4.78E+00	2.23E+01	2.18E+01
PD46706	2.39E+01	7.91E+00	6.64E+00	3.30E+00	2.94E+01
PD46707	1.74E+01	5.72E+00	4.39E+00	2.08E+00	2.11E+01
PD46708	3.11E+01	9.18E+00	7.93E+00	2.45E+00	4.12E+01
PD46709	3.62E+01	1.11E+01	1.06E+01	3.12E+00	4.99E+01
PD46710	2.04E+01	6.68E+00	5.94E+00	2.16E+00	2.59E+01
PD46711	1.67E+01	5.88E+00	3.44E+00	2.09E+00	1.63E+01
PD46712	1.65E+01	6.39E+00	4.17E+00	2.11E+00	1.53E+01
PD46713	3.67E+01	1.06E+01	1.22E+01	2.56E+00	5.27E+01
PD46714	2.54E+01	7.73E+00	5.78E+00	2.60E+00	2.94E+01
PD46716	2.80E+01	8.29E+00	5.14E+00	2.42E+00	3.08E+01
PD46717	3.02E+01	9.11E+00	8.61E+00	5.81E+00	3.58E+01
PD46718	9.78E+00	3.75E+00	3.91E+00	1.57E+00	1.33E+01
PD46719	1.24E+01	4.68E+00	4.97E+00	2.02E+00	1.90E+01
PD46720	3.47E+01	1.37E+01	1.89E+01	2.08E+00	6.17E+01
PD46721	2.30E+01	8.80E+00	1.21E+01	1.74E+00	4.10E+01
PD46722	1.78E+01	7.29E+00	7.63E+00	2.03E+00	2.78E+01
PD46723	2.20E+01	7.70E+00	8.13E+00	1.72E+00	3.29E+01
PD46724	1.13E+01	4.46E+00	5.77E+00	1.01E+00	1.85E+01
PD46725	1.73E+01	6.10E+00	7.07E+00	1.34E+00	2.64E+01
PD46726	1.77E+01	6.03E+00	5.12E+00	2.98E+00	2.43E+01
PD46727	1.83E+01	9.41E+00	1.04E+01	1.64E+00	3.53E+01
PD46728	2.44E+01	8.14E+00	9.18E+00	1.20E+00	3.66E+01
PD46729	2.66E+01	7.63E+00	1.05E+01	1.82E+00	4.03E+01
PD46730	1.13E+01	4.18E+00	5.48E+00	4.13E-01	1.82E+01
PD46731	3.06E+01	1.08E+01	1.24E+01	1.91E+00	4.81E+01
PD46732	2.08E+01	5.36E+00	6.12E+00	2.12E+00	2.80E+01
PD46733	2.36E+01	8.59E+00	1.19E+01	1.48E+00	4.07E+01
PD46734	2.64E+01	7.97E+00	9.36E+00	2.84E+00	3.65E+01
PD46735	9.46E+00	4.03E+00	3.63E+00	1.52E+00	1.36E+01
PD46736	2.20E+01	7.90E+00	1.03E+01	2.02E+00	3.66E+01
PD46737	1.36E+01	4.68E+00	5.59E+00	1.60E+00	1.92E+01
PD46738	1.10E+01	4.99E+00	4.38E+00	1.30E+00	1.61E+01
PD46739	1.74E+01	6.37E+00	6.63E+00	1.66E+00	2.71E+01
PD46743	3.25E+01	9.51E+00	6.63E+00	2.81E+00	3.78E+01
PD46744	2.26E+01	7.35E+00	9.58E+00	2.17E+00	3.39E+01
PD46745	2.10E+01	6.44E+00	6.08E+00	2.06E+00	2.79E+01
PD46748	3.58E+01	9.77E+00	1.17E+01	2.34E+00	4.94E+01
PD46749	2.10E+01	1.22E+01	1.02E+01	2.24E+00	3.87E+01
PD46750	1.29E+01	5.00E+00	5.27E+00	1.75E+00	1.98E+01
PD46752	2.85E+01	1.23E+01	1.16E+01	2.15E+00	4.68E+01
PD46753	7.05E+00	3.02E+00	3.32E+00	1.31E+00	9.62E+00
PD46754	2.35E+01	6.08E+00	7.62E+00	1.79E+00	3.09E+01
PD46755	1.53E+01	5.99E+00	7.26E+00	1.77E+00	2.37E+01
PD46757	1.66E+01	5.59E+00	6.48E+00	1.98E+00	2.49E+01
PD46763	3.67E+01	1.08E+01	1.20E+00	2.69E+00	3.50E+01
PD46764	2.62E+01	7.99E+00	8.95E+00	1.86E+00	3.91E+01
PD46766	1.19E+01	4.07E+00	4.09E+00	1.46E+00	1.61E+01
PD46767	1.23E+01	3.83E+00	4.33E+00	1.55E+00	1.64E+01
PD46768	1.42E+01	4.83E+00	2.41E+00	1.69E+00	1.43E+01
PD46769	1.95E+01	5.61E+00	7.61E+00	1.69E+00	2.83E+01
PD46770	1.99E+01	5.88E+00	7.08E+00	1.89E+00	2.71E+01
PD46771	2.79E+01	9.44E+00	7.15E+00	2.71E+00	3.59E+01
PD46772	1.93E+01	8.38E+00	5.11E+00	5.55E+01	3.73E+01
PD46773	1.12E+01	8.54E+00	7.20E+00	6.25E+01	4.60E+01
PD46774	9.75E+00	6.76E+00	5.22E+00	6.37E+01	5.62E+01
PD46775	2.28E+01	0.00E+00	7.43E+00	1.89E+02	2.05E+02
PD46776	1.48E+01	6.11E+00	6.03E+00	2.46E+01	1.17E+01
PD46777	2.91E+01	7.93E+00	8.84E+00	5.40E+00	3.51E+01
PD46779	6.16E+00	2.39E+00	2.55E+00	9.30E-01	8.23E+00
PD46781	1.17E+01	3.64E+00	4.62E+00	1.26E+00	1.67E+01
PD46783	3.70E+01	1.16E+01	1.52E+01	1.18E+00	5.77E+01
PD46784	1.16E+01	4.40E+00	6.09E+00	9.44E-01	1.96E+01
PD46785	1.61E+01	6.03E+00	6.13E+00	1.76E+00	2.35E+01
PD46786	2.27E+01	1.15E+01	1.25E+01	2.45E+00	4.15E+01
PD46787	1.63E+01	6.65E+00	6.20E+00	1.86E+00	2.52E+01
PD46789	2.97E+01	7.99E+00	8.36E+00	2.26E+00	3.79E+01
PD46790	2.59E+01	1.00E+01	1.17E+01	2.22E+00	4.15E+01
PD46791	2.76E+01	9.85E+00	1.14E+01	2.30E+00	4.51E+01
PD46793	2.31E+01	6.31E+00	6.76E+00	1.99E+00	2.94E+01
PD46798	2.30E+01	7.04E+00	6.18E+00	1.71E+00	2.91E+01
PD46799	7.46E+00	2.96E+00	2.12E+00	1.37E+00	6.97E+00
PD46800	1.29E+01	4.51E+00	5.00E+00	1.31E+00	1.93E+01
PD46801	2.14E+01	1.14E+01	9.76E+00	2.73E+00	3.64E+01
PD46806	3.23E+01	1.08E+01	6.01E+00	3.38E+00	3.51E+01
PD46807	8.74E+00	3.06E+00	1.83E+00	1.02E+00	9.64E+00
PD46809	1.14E+01	4.08E+00	4.69E+00	1.39E+00	1.65E+01
PD46810	7.15E+00	2.82E+00	3.41E+00	8.99E-01	1.12E+01
PD46811	2.41E+01	9.43E+00	1.08E+01	2.14E+00	3.95E+01
PD46812	2.90E+01	9.83E+00	4.48E+00	2.35E+00	2.99E+01
PD46815	2.33E+01	6.17E+00	7.43E+00	1.84E+00	3.15E+01
PD46817	1.76E+01	5.55E+00	7.58E+00	1.75E+00	2.58E+01
PD46819	1.12E+01	4.47E+00	3.22E+00	1.52E+00	1.40E+01
PD46820	1.15E+01	4.08E+00	4.61E+00	6.40E-01	1.79E+01
PD46821	9.66E+00	3.95E+00	4.74E+00	1.03E+00	1.52E+01
PD46822	1.91E+01	7.46E+00	1.02E+01	1.60E+00	3.25E+01
PD46824	2.13E+01	6.91E+00	6.78E+00	2.04E+00	2.90E+01
PD46826	1.30E+01	5.35E+00	3.78E+00	1.95E+00	1.61E+01
PD46827	2.11E+01	8.08E+00	6.10E+00	2.11E+00	2.94E+01
PD46828	1.40E+01	5.65E+00	4.61E+00	1.81E+00	1.81E+01
PD46829	1.99E+01	7.06E+00	5.84E+00	2.20E+00	2.62E+01
PD46830	2.44E+01	7.38E+00	9.33E+00	1.93E+00	3.58E+01
PD46831	3.61E+01	1.08E+01	6.14E+00	2.42E+00	4.39E+01
PD46832	3.21E+01	9.75E+00	5.75E+00	2.90E+00	3.46E+01
PD46833	1.20E+01	4.00E+00	3.71E+00	1.49E+00	1.54E+01
PD46834	1.73E+01	5.98E+00	6.78E+00	1.72E+00	2.52E+01
PD46835	1.41E+01	4.39E+00	4.56E+00	1.42E+00	1.80E+01
PD46836	1.42E+01	6.62E+00	6.95E+00	1.66E+00	2.37E+01
PD46838	8.40E+00	4.52E+00	4.78E+00	1.74E+00	8.01E+00
PD46839	6.10E+00	2.47E+00	1.91E+00	1.11E+00	6.92E+00
PD46841	3.10E+01	1.03E+01	1.09E+01	2.88E+00	4.45E+01
PD46842	2.63E+01	1.01E+01	5.43E+00	2.89E+00	2.25E+01
PD46844	1.90E+01	6.58E+00	7.97E+00	1.99E+00	2.85E+01
PD46845	2.81E+01	9.91E+00	8.85E+00	2.54E+00	4.03E+01
PD46846	3.53E+01	9.77E+00	1.87E+01	2.05E+00	5.75E+01
PD46847	2.56E+01	8.46E+00	8.28E+00	2.84E+00	3.40E+01
PD46848	3.21E+01	9.71E+00	1.43E+01	2.06E+00	5.09E+01
PD46849	1.88E+01	6.62E+00	4.20E+00	2.41E+00	2.26E+01
PD46850	1.61E+01	5.04E+00	6.30E+00	1.69E+00	2.45E+01
PD46851	1.43E+01	5.40E+00	4.49E+00	1.50E+00	1.98E+01
PD46852	2.48E+01	7.11E+00	2.99E+00	2.14E+00	2.48E+01
PD46853	1.76E+01	6.48E+00	7.04E+00	1.61E+00	2.80E+01
PD46854	3.53E+01	1.10E+01	1.57E+01	2.28E+00	5.66E+01
PD46855	2.62E+01	8.26E+00	9.43E+00	2.78E+00	3.90E+01
PD46856	2.15E+01	8.26E+00	1.26E+01	1.58E+00	3.93E+01
PD46857	1.68E+01	6.97E+00	8.07E+00	2.00E+00	2.67E+01
PD46858	1.04E+01	3.98E+00	5.04E+00	1.19E+00	1.63E+01
PD46859	1.83E+01	5.88E+00	5.49E+00	1.83E+00	2.37E+01
PD46860	1.40E+01	5.06E+00	3.36E+00	1.69E+00	1.62E+01
PD46861	9.73E+00	5.22E+00	5.85E+00	3.25E+00	1.57E+01
PD46862	1.36E+01	5.09E+00	3.61E+00	6.38E+00	1.16E+01
PD46863	2.80E+01	9.72E+00	1.21E+01	4.91E+00	4.08E+01
PD46864	3.01E+01	1.22E+01	1.31E+01	1.87E+00	5.08E+01
PD46865	3.60E+01	1.23E+01	1.43E+01	2.86E+00	5.47E+01
PD46866	1.94E+01	6.95E+00	5.15E+00	2.60E+00	2.44E+01
PD46868	2.15E+01	7.86E+00	6.53E+00	2.25E+00	3.02E+01
PD46869	2.64E+01	9.50E+00	1.12E+01	1.91E+00	4.24E+01
PD46870	1.37E+01	4.69E+00	3.89E+00	1.63E+00	1.67E+01
PD46871	1.94E+01	6.12E+00	6.61E+00	1.74E+00	2.70E+01
PD46872	3.40E+01	9.67E+00	1.37E+01	2.24E+00	5.34E+01
PD46873	3.16E+00	1.50E+00	1.27E+00	5.39E-01	3.47E+00
PD46874	3.40E+01	9.81E+00	6.40E+00	2.61E+00	3.79E+01
PD46875	2.14E+01	7.38E+00	1.03E+01	1.56E+00	3.46E+01
PD46876	1.33E+01	4.07E+00	4.11E+00	1.35E+00	1.77E+01
PD46877	9.08E+00	3.11E+00	4.27E+00	1.11E+00	1.34E+01
PD46878	1.97E+01	5.43E+00	6.66E+00	1.29E+00	2.79E+01
PD46879	2.83E+01	9.24E+00	1.16E+01	1.74E+00	4.37E+01
PD46882	1.94E+01	5.98E+00	8.13E+00	1.47E+00	2.89E+01
PD46884	2.43E+01	9.48E+00	1.38E+01	2.04E+00	4.24E+01
PD46885	3.31E+01	9.53E+00	8.47E+00	2.22E+00	4.32E+01
PD46886	1.71E+01	5.72E+00	4.46E+00	2.03E+00	2.17E+01
PD46887	2.71E+01	8.38E+00	6.05E+00	3.49E+00	3.36E+01
PD46888	1.38E+01	5.31E+00	6.27E+00	1.29E+00	2.18E+01
PD46889	2.93E+01	1.04E+01	1.41E+01	1.69E+00	4.87E+01
PD46891	1.98E+01	7.19E+00	8.37E+00	1.60E+00	3.08E+01
PD46892	2.46E+01	8.91E+00	5.87E+00	2.56E+00	2.35E+01
PD46901	2.36E+01	7.04E+00	5.95E+00	1.60E+00	3.15E+01
PD46902	2.12E+01	7.11E+00	9.36E+00	1.49E+00	3.31E+01
PD46903	2.32E+01	8.07E+00	7.79E+00	2.17E+00	3.33E+01
PD46904	1.72E+01	6.47E+00	6.59E+00	3.42E+00	2.44E+01
PD46905	4.57E+01	1.66E+01	1.61E+01	7.76E-01	7.19E+01
PD46907	8.80E+00	3.39E+00	2.96E+00	1.23E+00	1.07E+01
PD46909	2.77E+01	7.44E+00	1.08E+01	2.66E+00	4.17E+01
PD46911	2.99E+00	1.58E+00	1.01E+00	7.84E-01	2.55E+00
PD46912	8.24E+00	3.65E+00	2.78E+00	1.42E+00	7.87E+00
PD46913	3.42E+01	1.01E+01	1.46E+01	2.43E+00	5.17E+01
PD46914	8.29E+00	3.76E+00	2.40E+00	1.56E+00	8.13E+00
PD46916	1.35E+01	5.24E+00	4.91E+00	2.06E+00	1.91E+01
PD46917	1.98E+01	5.50E+00	4.91E+00	2.19E+00	2.31E+01
PD46918	1.31E+01	4.59E+00	4.29E+00	1.69E+00	1.76E+01
PD46919	9.02E+00	3.80E+00	2.49E+00	1.32E+00	1.04E+01
PD46920	1.13E+01	3.96E+00	4.74E+00	1.20E+00	1.67E+01
PD46922	2.54E+01	7.01E+00	9.02E+00	1.90E+00	3.55E+01
PD46923	2.95E+01	7.73E+00	1.16E+01	1.70E+00	4.33E+01
PD46924	2.03E+01	6.36E+00	6.87E+00	1.85E+00	2.87E+01
PD46925	1.30E+01	5.31E+00	6.09E+00	1.58E+00	2.01E+01
PD46926	2.25E+01	9.94E+00	1.15E+01	1.65E+00	3.97E+01
PD46928	2.38E+01	9.02E+00	4.98E+00	2.59E+00	2.45E+01
PD46929	1.90E+01	6.66E+00	8.98E+00	1.72E+00	2.97E+01
PD46930	3.99E+01	1.27E+01	1.42E+01	2.26E+00	6.03E+01
PD46931	1.51E+01	5.08E+00	5.72E+00	1.41E+00	2.14E+01
PD46933	1.04E+01	3.90E+00	4.01E+00	1.46E+00	1.43E+01
PD46934	1.73E+01	8.71E+00	7.05E+00	2.09E+00	2.75E+01
PD46935	2.23E+01	9.72E+00	1.15E+01	1.38E+00	3.98E+01
PD46936	1.94E+01	5.88E+00	5.51E+00	2.20E+00	2.52E+01
PD46937	7.11E+00	2.80E+00	2.30E+00	1.15E+00	8.58E+00
PD46938	1.96E+01	8.75E+00	8.65E+00	2.08E+00	3.15E+01
PD46939	2.41E+01	8.19E+00	9.08E+00	9.92E-01	3.73E+01
PD46940	1.47E+01	5.68E+00	5.08E+00	1.95E+00	1.87E+01
PD46941	1.35E+01	5.66E+00	4.12E+00	1.88E+00	1.86E+01
PD46942	2.66E+01	7.91E+00	1.16E+01	1.59E+00	4.08E+01
PD46943	3.41E+01	9.51E+00	8.93E+00	2.40E+00	4.35E+01
PD46947	1.88E+01	7.08E+00	7.46E+00	1.80E+00	2.79E+01
PD46948	2.62E+01	8.76E+00	1.31E+01	2.15E+00	4.21E+01
PD46949	3.95E+01	1.03E+01	1.64E+01	2.48E+00	5.86E+01
PD46950	3.57E+01	1.25E+01	7.04E+00	3.06E+00	3.56E+01
PD46951	1.91E+01	6.10E+00	5.67E+00	2.02E+00	2.43E+01
PD46953	2.56E+01	3.31E+01	7.73E+00	2.04E+02	2.61E+02
PD46954	9.10E+00	2.92E+00	1.32E+00	6.46E+01	7.20E+01
PD46955	1.07E+01	7.06E+00	6.70E+00	3.92E+01	4.01E+01
PD46956	2.50E+01	5.59E+00	6.44E+00	2.14E+02	2.36E+02
PD46957	1.09E+01	5.70E+00	3.98E+00	1.22E+02	1.29E+02
PD46958	7.28E+00	8.41E+00	4.30E+00	2.54E+01	2.90E+01
PD46959	2.74E+01	7.58E+00	7.75E+00	1.03E+01	2.70E+01
PD46960	1.59E+01	8.73E+00	7.19E+00	2.26E+00	2.57E+01
PD46961	1.47E+01	6.03E+00	5.33E+00	2.82E+00	1.98E+01
PD46962	2.55E+01	8.36E+00	6.23E+00	1.98E+00	3.33E+01
PD46963	2.99E+01	1.13E+01	9.13E+00	2.60E+00	4.25E+01
PD46964	2.71E+01	8.36E+00	1.01E+01	1.82E+00	4.00E+01
PD47583	2.05E+01	7.93E+00	8.90E+00	2.11E+00	3.25E+01
PD47584	1.07E+01	4.21E+00	5.02E+00	1.96E+00	1.58E+01
PD47586	8.79E+00	3.62E+00	3.30E+00	1.60E+00	1.29E+01
PD47587	1.68E+01	6.60E+00	5.32E+00	3.75E+00	2.13E+01
PD47589	1.58E+01	6.00E+00	5.59E+00	2.91E+00	2.07E+01
PD47590	1.33E+01	9.86E+00	6.81E+00	8.83E+01	7.20E+01
PD47591	2.09E+01	7.07E+00	4.31E+00	8.77E+00	1.77E+01
PD47592	6.66E+01	6.36E+01	1.85E+01	2.05E+01	5.96E+01
PD47593	7.21E+00	4.90E+00	3.32E+00	3.75E+01	3.52E+01
PD47596	2.50E+01	1.08E+01	7.79E+00	6.87E+00	2.02E+01
PD47597	1.38E+01	7.22E+00	5.76E+00	2.63E+01	1.12E+01
PD47598	2.78E+01	7.90E+00	1.04E+01	2.12E+00	4.21E+01
PD47599	2.06E+01	7.18E+00	8.42E+00	1.80E+00	3.26E+01
PD47600	2.23E+01	7.30E+00	3.78E+00	2.70E+00	2.45E+01
PD47601	8.93E+00	4.44E+00	4.05E+00	1.92E+00	1.01E+01
PD47605	2.10E+01	5.74E+00	7.19E+00	1.76E+00	2.98E+01
PD47606	1.66E+01	7.04E+00	6.27E+00	2.06E+00	2.31E+01
PD48850	1.94E+01	7.61E+00	7.63E+00	2.54E+00	2.96E+01
PD48851	2.58E+01	9.45E+00	8.83E+00	2.36E+00	3.79E+01
PD48852	2.68E+01	1.18E+01	1.48E+01	3.94E+00	4.50E+01
PD48855	2.15E+01	3.33E+01	2.18E+01	7.60E-01	7.12E+01
PD48858	3.34E+01	8.49E+00	9.39E+00	2.04E+00	4.42E+01
PD48859	1.68E+01	5.60E+00	4.19E+00	2.27E+00	1.98E+01
PD48861	2.48E+01	9.16E+00	7.78E+00	2.83E+00	3.39E+01
PD48864	1.67E+01	6.43E+00	7.67E+00	1.50E+00	2.73E+01
PD48865	1.45E+01	5.38E+00	6.19E+00	1.56E+00	2.22E+01
PD48866	3.16E+01	1.29E+01	1.48E+01	2.87E+00	5.18E+01
PD48867	1.34E+01	4.70E+00	4.40E+00	1.87E+00	1.64E+01
PD48868	7.36E+00	3.91E+00	4.09E+00	1.11E+00	1.01E+01
PD48869	3.93E+01	1.12E+01	1.28E+01	2.81E+00	5.50E+01
PD48871	1.41E+01	4.06E+00	4.69E+00	1.54E+00	1.91E+01
PD48872	1.51E+01	4.52E+00	4.00E+00	1.85E+00	1.94E+01
PD48873	1.47E+01	5.35E+00	7.85E+00	1.53E+00	2.39E+01
PD48875	4.01E+01	1.12E+01	6.34E+00	2.69E+00	4.75E+01
PD48877	2.38E+01	7.02E+00	5.55E+00	2.23E+00	2.85E+01
PD48878	8.99E+00	3.27E+00	2.82E+00	1.85E+00	1.05E+01
PD48879	1.11E+01	4.75E+00	5.94E+00	3.72E+00	1.56E+01
PD48881	2.13E+01	8.91E+00	1.05E+01	1.20E+01	2.53E+01
PD48882	1.90E+01	8.26E+00	7.46E+00	5.04E+01	2.82E+01
PD48884	2.12E+01	6.48E+00	7.86E+00	1.21E+01	1.98E+01
PD48885	9.06E+00	3.79E+00	2.52E+00	2.24E+00	7.68E+00
PD48886	8.54E+00	3.04E+00	2.37E+00	1.64E+00	9.37E+00
PD48887	3.62E+01	9.41E+00	1.09E+01	2.42E+02	2.91E+02
PD48890	1.88E+01	8.22E+00	5.96E+00	3.54E+01	1.90E+01
PD48898	2.34E+01	7.63E+00	1.00E+01	3.68E+00	3.33E+01
PD48899	2.57E+01	1.04E+01	1.28E+01	1.56E+00	4.42E+01
PD48902	1.36E+01	7.40E+00	4.26E+00	4.86E+01	3.68E+01
PD48904	9.95E+00	3.44E+00	2.68E+00	1.50E+00	1.20E+01
PD48906	2.20E+01	7.23E+00	8.77E+00	2.19E+00	3.46E+01
PD48907	1.19E+01	4.60E+00	3.16E+00	1.83E+00	1.37E+01
PD48909	1.89E+01	6.24E+00	6.97E+00	1.69E+00	2.75E+01
PD48911	3.68E+01	1.09E+01	1.10E+01	2.45E+00	5.13E+01
PD48913	1.99E+01	6.08E+00	6.90E+00	1.59E+00	2.90E+01
PD48914	1.96E+01	5.81E+00	7.08E+00	2.17E+00	2.91E+01
PD48915	2.63E+01	9.39E+00	1.14E+01	1.80E+00	4.29E+01
PD48916	2.01E+01	6.60E+00	7.28E+00	1.47E+00	2.88E+01
PD48919	8.03E+00	2.98E+00	3.28E+00	1.42E+00	1.07E+01
PD48920	2.39E+01	8.73E+00	9.53E+00	2.90E+00	3.47E+01
PD48922	2.37E+01	6.52E+00	5.92E+00	2.04E+00	3.00E+01
PD48924	8.81E+00	3.93E+00	2.76E+00	1.56E+00	1.01E+01
PD48929	1.33E+01	5.01E+00	5.17E+00	1.40E+00	1.68E+01
PD48931	2.53E+01	8.66E+00	8.26E+00	1.88E+00	3.56E+01
PD48932	2.65E+01	8.23E+00	9.50E+00	1.91E+00	3.87E+01
PD48933	1.18E+01	3.71E+00	2.09E+01	8.38E-01	2.19E+01
PD48934	2.23E+01	7.23E+00	1.08E+01	1.24E+00	3.66E+01
PD48935	1.86E+01	6.03E+00	6.78E+00	1.61E+00	2.62E+01
PD48936	1.47E+01	5.13E+00	5.25E+00	2.15E+00	2.15E+01
PD48937	2.13E+01	7.81E+00	1.01E+01	1.62E+00	3.62E+01
PD48939	1.97E+01	6.33E+00	6.40E+00	2.05E+00	2.57E+01
PD48940	1.81E+01	5.62E+00	6.74E+00	1.94E+00	2.57E+01
PD48942	6.83E+01	3.02E+01	2.56E+01	3.17E+00	1.13E+02
PD48943	3.05E+01	7.37E+00	1.15E+01	1.96E+00	4.34E+01
PD48944	1.20E+01	4.51E+00	6.87E+00	1.24E+00	2.06E+01
PD48945	2.42E+01	9.08E+00	1.05E+01	1.85E+00	3.86E+01
PD48946	1.04E+01	3.82E+00	3.82E+00	1.64E+00	1.45E+01
PD48948	2.69E+01	7.67E+00	1.19E+01	2.44E+00	4.26E+01
PD48949	2.53E+01	1.18E+01	1.10E+01	1.74E+00	4.49E+01
PD48950	2.09E+01	6.58E+00	8.18E+00	2.40E+00	3.28E+01
PD50083	2.08E+01	7.33E+00	8.11E+00	1.82E+00	3.11E+01
PD50084	1.29E+01	4.41E+00	4.31E+00	1.48E+00	1.75E+01
PD50085	1.80E+01	6.21E+00	4.57E+00	2.21E+00	1.92E+01
PD50086	1.68E+01	6.83E+00	5.93E+00	5.23E+00	2.07E+01
PD50087	1.86E+01	6.88E+00	7.51E+00	2.43E+00	2.77E+01
PD50089	1.42E+01	9.20E+00	4.43E+00	1.24E+02	1.21E+02
PD50090	8.56E+00	4.74E+00	3.15E+00	2.05E+01	1.23E+01
PD50092	1.19E+01	4.56E+00	4.75E+00	2.33E+00	1.57E+01
PD50094	6.59E+00	3.08E+00	1.98E+00	7.80E+00	5.04E+00
PD50095	1.16E+01	4.66E+00	3.13E+00	2.89E+00	9.88E+00
PD50096	1.42E+01	4.67E+00	5.71E+00	1.30E+00	2.05E+01
PD50097	1.79E+01	7.45E+00	7.93E+00	3.92E+00	2.63E+01
PD50099	1.25E+01	5.44E+00	5.21E+00	1.95E+01	8.45E+00
PD50100	3.29E+01	9.13E+00	1.04E+01	2.46E+00	4.53E+01
PD50101	1.90E+01	6.10E+00	5.96E+00	1.50E+01	1.36E+01
PD50102	1.85E+01	5.77E+00	5.74E+00	1.72E+00	2.53E+01
PD50103	1.05E+01	3.61E+00	3.46E+00	2.52E+00	1.18E+01
PD50105	2.70E+01	9.62E+00	1.06E+01	2.36E+00	4.20E+01
PD50107	2.15E+01	6.64E+00	6.02E+00	2.13E+00	2.77E+01
PD50110	2.25E+01	7.19E+00	4.75E+00	2.86E+00	2.58E+01
PD50111	3.05E+01	1.02E+01	1.20E+01	1.91E+00	4.73E+01
PD50114	1.96E+01	6.38E+00	7.89E+00	1.77E+00	2.90E+01
PD50115	2.43E+01	9.00E+00	9.11E+00	1.99E+00	3.62E+01
PD50116	3.60E+01	1.00E+01	8.14E+00	2.44E+00	4.43E+01
PD50119	3.27E+01	1.14E+01	1.04E+01	3.23E+00	5.04E+01
PD50120	2.81E+01	8.51E+00	1.09E+01	2.15E+00	4.38E+01
PD50122	2.25E+01	7.29E+00	6.93E+00	1.81E+00	3.16E+01
PD50123	3.27E+01	1.10E+01	1.54E+01	2.16E+00	5.24E+01
PD50124	1.23E+01	4.72E+00	6.51E+00	1.58E+00	2.00E+01
PD50127	1.19E+01	4.56E+00	4.08E+00	1.65E+00	1.41E+01
PD50129	3.29E+01	1.04E+01	1.58E+01	2.02E+00	5.48E+01
PD50131	2.38E+01	7.23E+00	1.19E+01	1.58E+00	3.93E+01
PD50132	2.43E+01	9.40E+00	8.81E+00	2.58E+00	3.82E+01
PD50135	2.28E+01	7.96E+00	1.02E+01	1.77E+00	3.60E+01
PD50137	5.88E+00	2.70E+00	2.09E+00	7.85E-01	5.58E+00
PD50138	3.00E+01	1.06E+01	8.31E+00	1.88E+00	4.29E+01
PD50139	2.18E+01	6.42E+00	5.61E+00	1.77E+00	2.67E+01
PD50140	1.74E+01	5.57E+00	5.73E+00	2.21E+00	2.21E+01
PD50143	7.51E+00	2.62E+00	3.49E+00	6.53E-01	1.14E+01
PD50146	1.82E+01	7.51E+00	8.23E+00	1.51E+00	3.05E+01
PD50147	1.02E+01	5.83E+00	5.11E+00	2.99E+01	2.61E+01
PD50148	2.31E+01	9.67E+00	9.94E+00	1.54E+00	3.82E+01
PD50151	1.12E+01	6.61E+00	7.08E+00	2.71E+00	1.20E+01
PD50153	1.51E+01	4.87E+00	4.60E+00	2.23E+01	9.70E+00
PD50154	8.00E+00	3.22E+00	3.50E+00	1.35E+00	1.10E+01
PD50157	1.01E+01	4.30E+00	3.41E+00	1.63E+00	1.10E+01
PD50160	1.27E+01	3.90E+00	4.39E+00	1.35E+00	1.82E+01
PD50161	2.23E+01	8.50E+00	9.34E+00	1.85E+00	3.54E+01
PD50162	3.57E+01	1.98E+01	1.94E+01	2.77E+00	6.87E+01
PD50163	3.75E+01	1.33E+01	1.33E+01	2.58E+00	5.75E+01
PD50164	1.62E+01	5.82E+00	4.19E+00	2.21E+00	2.13E+01
PD50165	2.48E+01	1.10E+01	1.22E+01	1.65E+00	4.48E+01
PD50166	9.59E+00	4.89E+00	5.18E+00	2.44E+00	1.17E+01
PD50167	1.92E+01	6.85E+00	8.86E+00	3.64E+00	3.20E+01
PD50168	4.64E+01	1.32E+01	1.54E+01	2.36E+00	6.80E+01
PD50169	1.40E+01	4.50E+00	4.83E+00	1.49E+00	2.01E+01
PD50170	2.60E+01	7.21E+00	1.25E+01	1.47E+00	4.21E+01
PD50171	1.59E+01	5.19E+00	4.01E+00	1.82E+00	1.85E+01
PD50172	1.05E+01	4.05E+00	4.36E+00	1.16E+00	1.64E+01
PD50173	3.23E+01	8.17E+00	7.71E+00	2.41E+00	4.02E+01
PD50175	2.99E+01	7.94E+00	8.62E+00	2.24E+00	3.75E+01
PD50177	1.39E+01	3.82E+00	6.20E+00	1.19E+00	2.09E+01
PD50181	2.14E+01	7.09E+00	6.95E+00	2.78E+00	2.77E+01
PD50183	2.68E+01	6.76E+00	8.91E+00	2.05E+00	3.63E+01
PD50184	1.50E+01	5.19E+00	6.34E+00	1.26E+00	2.22E+01
PD50187	2.19E+01	7.52E+00	9.51E+00	1.43E+00	3.46E+01
PD50188	2.23E+01	6.68E+00	6.06E+00	2.79E+00	2.88E+01
PD50190	4.45E+01	1.42E+01	1.53E+01	1.73E+00	6.62E+01
PD50191	1.78E+01	6.38E+00	9.18E+00	1.48E+00	2.99E+01
PD50194	1.01E+01	3.86E+00	3.92E+00	1.25E+00	1.41E+01
PD50196	1.87E+01	6.56E+00	8.24E+00	3.04E+00	2.68E+01
PD50197	1.04E+01	4.12E+00	4.91E+00	1.34E+00	1.61E+01
PD50199	1.31E+01	5.10E+00	7.24E+00	1.36E+00	2.23E+01
PD50200	2.80E+01	9.08E+00	9.77E+00	2.16E+00	4.14E+01
PD50201	1.40E+01	5.34E+00	6.26E+00	8.49E-01	2.25E+01
PD50202	8.91E+00	3.26E+00	3.86E+00	7.78E-01	1.32E+01
PD50203	1.23E+01	5.21E+00	6.93E+00	7.74E-01	2.13E+01
PD50207	2.11E+01	7.69E+00	9.31E+00	1.50E+00	3.39E+01
PD50209	8.49E+00	3.56E+00	4.42E+00	1.21E+00	1.28E+01
PD50210	7.31E+00	2.94E+00	3.23E+00	1.29E+00	9.78E+00
PD50212	1.11E+01	4.27E+00	4.99E+00	9.82E-01	1.71E+01
PD50213	1.79E+01	6.48E+00	7.62E+00	2.19E+00	2.85E+01
PD50214	1.17E+01	4.21E+00	4.31E+00	1.70E+00	1.65E+01
PD50215	1.71E+01	5.50E+00	5.67E+00	1.48E+00	2.41E+01
PD50216	1.24E+01	4.06E+00	3.81E+00	1.56E+00	1.69E+01
PD50217	2.82E+01	9.27E+00	1.20E+01	2.52E+00	4.61E+01
PD50219	1.47E+01	5.39E+00	5.29E+00	2.20E+00	2.21E+01
PD50221	5.67E+00	2.62E+00	2.44E+00	8.79E-01	7.08E+00
PD50325	2.81E+01	9.75E+00	1.12E+01	2.05E+00	4.38E+01
PD50326	6.58E+00	2.62E+00	2.03E+00	1.07E+00	6.87E+00
PD50327	2.70E+01	8.47E+00	7.49E+00	2.56E+00	3.59E+01
PD50329	7.94E+00	3.68E+00	3.84E+00	1.07E+00	1.30E+01
PD50334	1.89E+01	6.94E+00	5.26E+00	3.33E+00	2.30E+01
PD50335	2.43E+01	1.25E+01	1.43E+01	1.80E+00	4.68E+01
PD50337	1.06E+01	3.86E+00	2.38E+00	1.68E+00	9.75E+00
PD50339	1.77E+01	5.87E+00	5.62E+00	1.87E+00	2.44E+01
PD50340	2.18E+01	7.71E+00	8.31E+00	1.46E+00	3.38E+01
PD50341	1.42E+01	4.75E+00	5.06E+00	1.50E+00	2.03E+01
PD50342	1.19E+01	4.43E+00	2.61E+00	1.58E+00	1.27E+01
PD50343	1.48E+01	5.21E+00	4.33E+00	2.50E+00	1.65E+01
PD50344	2.47E+01	7.25E+00	7.77E+00	2.43E+00	3.40E+01
PD50345	3.18E+01	9.55E+00	1.30E+01	1.93E+00	4.84E+01
PD50346	1.58E+01	6.83E+00	7.22E+00	1.29E+00	2.63E+01
PD50347	2.22E+01	6.39E+00	5.43E+00	2.09E+00	2.66E+01
PD50350	2.13E+01	5.79E+00	6.35E+00	1.78E+00	2.93E+01
PD50351	2.50E+01	1.11E+01	1.15E+01	1.96E+00	4.30E+01
PD50354	1.28E+01	4.55E+00	3.26E+00	1.54E+00	1.59E+01
PD50357	1.42E+01	5.34E+00	5.86E+00	1.29E+01	1.07E+01
PD50360	2.21E+01	9.79E+00	1.29E+01	2.46E+00	3.92E+01
PD50387	3.03E+01	8.47E+00	1.10E+01	2.28E+00	4.26E+01
PD50388	1.28E+01	4.85E+00	5.71E+00	1.70E+00	2.10E+01
PD50389	3.24E+01	1.25E+01	1.53E+01	2.13E+00	5.56E+01
PD50393	2.17E+01	7.84E+00	7.58E+00	3.03E+00	2.97E+01
PD50394	2.29E+01	7.27E+00	9.12E+00	1.12E+00	3.49E+01
PD50397	1.56E+01	5.39E+00	5.04E+00	2.58E+00	1.94E+01
PD50401	1.82E+01	6.14E+00	8.11E+00	1.43E+00	2.92E+01
PD50403	5.68E+01	1.59E+01	1.01E+02	2.92E+00	1.68E+02
PD50404	2.01E+01	7.59E+00	8.83E+00	1.74E+00	3.20E+01
PD50405	1.13E+01	4.54E+00	3.42E+00	1.60E+00	1.25E+01
PD50406	1.31E+01	6.65E+00	6.48E+00	1.73E+00	2.24E+01
PD50408	2.70E+01	9.72E+00	1.14E+01	1.70E+00	4.41E+01
PD50409	3.18E+01	8.24E+00	7.42E+00	2.81E+00	3.94E+01
PD50411	1.62E+01	5.64E+00	5.22E+00	1.81E+00	2.16E+01
PD50412	1.97E+01	7.32E+00	4.94E+00	2.36E+00	2.26E+01
PD50413	2.24E+01	8.04E+00	1.07E+01	1.81E+00	3.73E+01
PD50415	2.06E+01	8.67E+00	8.37E+00	1.74E+00	3.27E+01
PD50418	1.64E+01	1.02E+01	1.14E+01	1.20E+00	3.55E+01
PD50420	5.07E+01	1.74E+01	1.69E+01	2.70E+00	7.71E+01
PD50421	2.04E+01	7.56E+00	4.46E+00	2.40E+00	2.12E+01
PD50422	2.07E+01	8.31E+00	8.09E+00	1.58E+00	3.15E+01
PD50425	1.79E+01	7.55E+00	8.15E+00	2.35E+00	2.78E+01
PD50428	1.44E+01	4.34E+00	3.27E+00	1.61E+00	1.73E+01
PD50429	2.69E+01	8.26E+00	8.31E+00	2.02E+00	3.66E+01
PD50430	1.37E+01	4.86E+00	4.03E+00	1.85E+00	1.64E+01
PD50431	2.02E+01	6.92E+00	9.55E+00	1.31E+00	3.22E+01
PD50432	1.13E+01	3.95E+00	4.45E+00	1.25E+00	1.63E+01
PD50433	1.04E+01	3.67E+00	4.61E+00	1.04E+00	1.65E+01
PD50434	1.37E+01	5.05E+00	6.62E+00	1.32E+00	2.28E+01
PD50438	2.60E+01	1.01E+01	1.01E+01	2.20E+00	4.08E+01
PD50440	2.54E+01	8.18E+00	9.61E+00	1.66E+00	3.90E+01
PD50441	3.35E+01	6.52E+00	5.98E+01	3.66E+00	5.72E+01
PD50442	2.09E+01	7.25E+00	5.26E+00	2.76E+00	2.36E+01
PD50443	2.68E+01	8.26E+00	1.09E+01	2.10E+00	4.18E+01
PD50444	2.00E+01	9.84E+00	8.71E+00	1.72E+00	3.33E+01
PD50449	1.75E+01	5.74E+00	4.51E+00	1.78E+00	2.11E+01
PD50450	1.47E+01	5.46E+00	7.65E+00	1.09E+00	2.44E+01
PD50453	2.26E+01	9.77E+00	8.13E+00	2.31E+00	3.38E+01
PD50454	1.03E+01	4.11E+00	4.36E+00	1.37E+00	1.56E+01
PD50455	1.77E+01	5.91E+00	7.38E+00	1.32E+00	2.76E+01
PD50456	1.40E+01	5.05E+00	7.92E+00	1.35E+00	2.36E+01
PD50457	1.84E+01	7.71E+00	8.86E+00	1.96E+00	3.04E+01
PD50458	1.30E+01	3.63E+00	5.11E+00	1.18E+00	1.84E+01
PD50459	2.15E+01	7.39E+00	4.84E+00	2.44E+00	2.63E+01
PD50460	1.44E+01	4.75E+00	5.83E+00	1.51E+00	2.14E+01
PD50461	1.26E+01	5.03E+00	6.66E+00	8.31E-01	2.10E+01
PD50462	2.64E+01	7.73E+00	8.26E+00	2.39E+00	3.54E+01
PD50603	2.33E+01	8.44E+00	5.96E+00	3.30E+00	2.68E+01
PD50604	1.22E+01	5.51E+00	6.22E+00	1.41E+00	2.13E+01
PD50605	1.58E+01	5.07E+00	4.81E+00	2.58E+00	1.87E+01
PD50606	1.99E+01	7.01E+00	1.05E+01	7.25E+00	2.78E+01
PD50607	1.57E+01	4.87E+00	5.82E+00	1.73E+00	2.15E+01
PD50610	1.27E+01	5.84E+00	6.40E+00	1.35E+00	2.16E+01
PD50612	2.06E+01	7.29E+00	6.02E+00	2.21E+00	2.38E+01
PD50613	1.03E+01	4.21E+00	4.79E+00	1.73E+00	1.36E+01
PD50614	1.37E+01	4.48E+00	6.02E+00	1.23E+00	2.06E+01
PD50616	1.87E+01	5.13E+00	6.20E+00	1.70E+00	2.43E+01
PD50618	1.77E+01	7.48E+00	8.10E+00	2.39E+00	2.83E+01
PD50619	1.90E+01	6.01E+00	6.96E+00	2.09E+00	2.74E+01
PD50620	2.45E+01	8.14E+00	9.26E+00	2.12E+00	3.71E+01
PD50621	2.18E+01	1.26E+01	1.02E+01	3.19E+00	3.77E+01
PD50622	3.10E+01	8.23E+00	1.54E+01	1.93E+00	4.81E+01
PD50625	1.83E+01	6.08E+00	5.62E+00	1.58E+00	2.41E+01
PD50627	1.66E+01	5.21E+00	4.94E+00	1.81E+00	2.16E+01
PD50629	2.29E+01	7.06E+00	5.13E+00	2.10E+00	2.66E+01
PD50630	3.50E+01	9.43E+00	1.15E+01	2.17E+00	4.85E+01
PD50632	2.17E+01	8.63E+00	9.36E+00	1.94E+00	3.45E+01
PD50634	1.47E+01	5.15E+00	6.14E+00	1.52E+00	2.12E+01
PD50637	1.89E+01	6.17E+00	4.87E+00	2.09E+00	2.33E+01
PD50638	4.81E+01	1.54E+01	1.13E+01	2.17E+00	7.10E+01
PD51175	1.55E+01	5.21E+00	4.36E+00	1.63E+00	1.99E+01
PD51176	1.54E+01	7.24E+00	8.67E+00	1.32E+00	2.76E+01
PD51177	2.11E+01	8.35E+00	8.99E+00	2.37E+00	3.38E+01
PD51178	2.77E+01	9.89E+00	1.03E+01	2.83E+00	4.16E+01
PD51179	1.62E+01	4.89E+00	5.37E+00	1.92E+00	2.03E+01
PD51180	2.20E+01	6.01E+00	6.41E+00	1.35E+00	3.04E+01
PD51181	1.91E+01	6.87E+00	6.96E+00	1.95E+00	2.79E+01
PD51182	1.23E+01	4.05E+00	5.12E+00	1.07E+00	1.74E+01
PD51183	1.58E+01	4.41E+00	3.96E+00	1.07E+00	1.92E+01
PD51184	2.93E+01	1.05E+01	1.43E+01	2.95E+00	5.05E+01
PD51185	2.11E+01	6.44E+00	8.54E+00	1.71E+00	3.21E+01
PD51186	2.16E+01	5.74E+00	8.31E+00	1.57E+00	3.24E+01
PD51187	1.63E+01	9.53E+00	7.38E+00	2.63E+00	2.76E+01
PD51188	2.44E+01	7.84E+00	7.13E+00	2.15E+00	3.34E+01
PD51189	2.47E+01	7.84E+00	1.07E+01	2.25E+00	3.72E+01
PD51190	1.25E+01	4.89E+00	5.69E+00	9.23E-01	1.98E+01
PD51191	1.90E+01	6.06E+00	6.15E+00	2.10E+00	2.57E+01
PD51192	1.69E+01	8.67E+00	8.30E+00	2.20E+00	2.80E+01
PD51194	2.04E+01	7.23E+00	9.59E+00	1.94E+00	3.28E+01
PD51195	2.99E+01	1.30E+01	1.48E+01	1.67E+00	5.32E+01
PD51196	1.64E+01	5.31E+00	5.98E+00	2.08E+00	2.17E+01
PD51197	1.09E+01	5.18E+00	4.28E+00	1.78E+00	9.98E+00
PD51198	1.16E+01	4.81E+00	6.11E+00	1.53E+00	1.91E+01
PD51199	2.63E+01	1.30E+01	1.51E+01	2.84E+00	4.80E+01
PD51205	2.13E+01	5.80E+00	9.31E+00	1.91E+00	3.31E+01
PD51206	2.07E+01	5.89E+00	8.02E+00	1.65E+00	2.91E+01
PD51207	2.65E+01	8.58E+00	7.64E+00	2.71E+00	3.76E+01
PD51209	4.14E+01	1.22E+01	1.56E+01	2.40E+00	6.25E+01
PD51210	3.26E+01	9.01E+00	8.50E+00	2.10E+00	4.30E+01
PD51211	1.38E+01	6.61E+00	6.57E+00	2.57E+00	1.53E+01
PD51213	2.91E+01	9.47E+00	9.28E+00	2.94E+00	4.13E+01
PD51214	1.98E+01	6.45E+00	6.80E+00	1.80E+00	2.83E+01
PD51215	2.20E+01	8.01E+00	5.44E+00	2.60E+00	2.54E+01
PD51216	1.10E+01	6.42E+00	5.62E+00	1.83E+00	1.91E+01
PD51217	2.03E+01	7.21E+00	4.49E+00	2.45E+00	2.27E+01
PD51218	1.35E+01	4.76E+00	3.51E+00	1.81E+00	1.57E+01
PD51219	3.91E+01	1.13E+01	1.26E+01	2.67E+00	5.49E+01
PD51220	1.96E+01	7.20E+00	8.22E+00	1.88E+00	2.98E+01
PD51221	2.38E+01	9.06E+00	1.20E+01	2.02E+00	3.98E+01
PD51222	1.52E+01	6.22E+00	6.04E+00	1.86E+00	2.29E+01
PD51223	1.50E+01	7.69E+00	9.46E+00	1.45E+00	2.85E+01
PD51224	1.81E+01	1.16E+01	9.69E+00	8.09E-01	3.63E+01
PD51225	2.28E+01	7.14E+00	6.22E+00	2.24E+00	2.84E+01
PD51226	1.61E+01	5.89E+00	6.53E+00	1.40E+00	2.55E+01
PD51227	1.21E+01	4.36E+00	5.88E+00	1.56E+00	1.87E+01
PD51228	2.61E+01	9.18E+00	9.71E+00	2.18E+00	4.04E+01
PD51229	1.43E+01	6.37E+00	8.47E+00	1.52E+00	2.65E+01
PD51231	3.98E+01	1.36E+01	1.67E+01	1.92E+00	6.40E+01
PD51232	1.38E+01	7.12E+00	7.34E+00	2.28E+00	2.35E+01
PD51233	2.35E+01	6.62E+00	6.85E+00	2.44E+00	3.17E+01
PD51234	2.33E+01	7.90E+00	5.19E+00	2.37E+00	2.67E+01
PD51235	2.22E+01	7.27E+00	7.39E+00	2.38E+00	3.00E+01
PD51236	1.02E+01	3.51E+00	3.84E+00	1.55E+00	1.43E+01
PD51237	2.25E+01	6.41E+00	9.59E+00	1.72E+00	3.50E+01
PD51238	2.11E+01	6.89E+00	8.83E+00	1.86E+00	3.27E+01
PD51239	1.93E+01	7.04E+00	8.66E+00	1.66E+00	3.08E+01
PD51240	1.83E+01	6.54E+00	6.53E+00	1.83E+00	2.66E+01
PD51241	1.13E+01	4.30E+00	2.69E+00	1.77E+00	1.19E+01
PD51242	2.98E+01	1.16E+01	1.10E+01	2.44E+00	4.62E+01
PD51243	1.20E+01	5.58E+00	4.21E+00	2.30E+00	1.27E+01
PD51244	1.96E+01	5.50E+00	6.68E+00	1.91E+00	2.82E+01
PD51245	7.64E+00	3.54E+00	4.22E+00	1.19E+00	1.17E+01
PD51246	1.73E+01	6.94E+00	5.04E+00	2.23E+00	2.41E+01
PD51247	2.16E+01	6.32E+00	4.48E+00	2.17E+00	2.43E+01
PD51248	1.26E+01	5.20E+00	6.13E+00	1.36E+00	2.02E+01
PD51250	2.34E+01	6.76E+00	8.25E+00	1.77E+00	3.32E+01
PD51251	1.35E+01	5.21E+00	4.83E+00	1.43E+00	1.97E+01
PD51252	2.64E+01	7.73E+00	8.08E+00	2.42E+00	3.68E+01
PD51253	1.96E+01	7.65E+00	7.41E+00	2.10E+00	2.96E+01
PD51254	2.17E+01	7.18E+00	9.01E+00	1.67E+00	3.20E+01
PD51255	2.65E+01	1.18E+01	1.31E+01	2.19E+00	4.69E+01
PD51256	2.22E+01	6.46E+00	1.18E+01	1.34E+00	3.69E+01
PD51258	1.18E+01	3.79E+00	3.48E+00	1.54E+00	1.49E+01
PD51259	9.34E+00	4.06E+00	2.87E+00	1.63E+00	9.73E+00
PD51260	1.14E+01	4.10E+00	3.41E+00	1.58E+00	1.56E+01
PD51261	1.64E+01	4.89E+00	1.86E+00	1.93E+00	1.68E+01
PD51262	1.55E+01	5.09E+00	3.87E+00	1.80E+00	1.83E+01
PD51263	5.17E+00	2.74E+00	2.18E+00	1.03E+00	4.77E+00
PD51264	2.46E+01	7.83E+00	1.12E+01	1.75E+00	3.91E+01
PD51265	2.31E+01	7.09E+00	5.23E+00	2.90E+00	2.76E+01
PD51266	1.18E+01	5.62E+00	6.02E+00	1.30E+00	1.97E+01
PD51267	3.07E+01	8.04E+00	7.71E+00	2.57E+00	3.63E+01
PD51268	1.71E+01	6.55E+00	7.77E+00	1.35E+00	2.64E+01
PD51269	9.84E+00	4.60E+00	4.43E+00	6.26E+00	9.14E+00
PD51270	2.96E+01	8.71E+00	5.92E+00	2.84E+00	3.30E+01
PD51271	1.73E+01	6.34E+00	9.15E+00	4.82E+00	2.52E+01
PD51273	2.44E+01	9.30E+00	8.68E+00	3.01E+00	3.48E+01
PD51274	1.60E+01	4.26E+00	5.21E+00	1.61E+00	2.01E+01
PD51275	2.74E+01	8.72E+00	8.62E+00	2.97E+00	3.95E+01
PD51276	7.71E+00	2.69E+00	2.28E+00	1.02E+00	9.65E+00
PD51277	1.99E+01	7.94E+00	1.07E+01	1.47E+00	3.55E+01
PD51278	1.62E+01	5.24E+00	6.02E+00	1.55E+00	2.32E+01
PD51279	1.97E+01	6.12E+00	7.58E+00	1.63E+00	2.91E+01
PD51280	1.50E+01	5.42E+00	5.46E+00	1.38E+00	2.09E+01
PD51281	6.35E+00	2.80E+00	2.30E+00	1.61E+00	5.78E+00
PD51282	2.28E+01	8.16E+00	8.05E+00	1.96E+00	3.47E+01
PD51284	1.34E+01	5.59E+00	5.47E+00	1.75E+00	1.92E+01
PD51285	2.01E+01	8.71E+00	1.12E+01	1.76E+00	3.71E+01
PD51286	2.63E+01	7.99E+00	5.61E+00	2.09E+00	3.14E+01
PD51287	1.43E+01	9.20E+00	9.83E+00	4.22E+00	1.55E+01
PD51288	2.09E+01	6.96E+00	7.79E+00	2.28E+00	2.96E+01
PD51289	1.81E+01	6.16E+00	6.92E+00	3.13E+00	2.42E+01
PD51290	9.41E+00	3.82E+00	3.61E+00	1.10E+00	1.34E+01
PD51291	1.55E+01	5.29E+00	5.85E+00	1.87E+00	2.35E+01
PD51292	2.04E+01	6.93E+00	7.71E+00	2.12E+00	3.11E+01
PD51293	1.49E+01	4.82E+00	7.72E+00	1.12E+00	2.46E+01
PD51294	8.30E+00	3.62E+00	4.56E+00	1.43E+00	1.04E+01
PD51295	3.01E+01	1.24E+01	1.22E+01	3.00E+00	4.98E+01
PD51296	1.21E+01	4.05E+00	4.20E+00	1.84E+00	1.52E+01
PD51297	2.45E+01	1.22E+01	1.28E+01	1.87E+00	4.59E+01
PD51298	1.74E+01	7.14E+00	4.85E+00	2.88E+00	2.11E+01
PD51300	1.39E+01	4.89E+00	2.85E+00	2.68E+00	1.28E+01
PD51301	2.40E+01	7.76E+00	1.18E+01	1.84E+00	4.03E+01
PD51302	1.71E+01	6.60E+00	7.91E+00	1.53E+00	2.82E+01
PD51303	1.97E+01	6.06E+00	4.87E+00	1.74E+00	2.31E+01
PD51304	2.53E+01	6.81E+00	5.88E+00	2.35E+00	3.07E+01
PD51305	2.52E+01	1.06E+01	1.05E+01	1.65E+00	4.18E+01
PD51307	2.46E+01	9.31E+00	1.00E+01	2.11E+00	3.82E+01
PD51309	3.74E+01	1.19E+01	1.27E+01	2.79E+00	5.66E+01
PD51312	2.14E+01	6.16E+00	7.58E+00	1.47E+00	3.09E+01
PD51314	3.44E+01	1.50E+01	1.84E+01	1.95E+00	6.24E+01
PD51316	2.85E+01	1.31E+01	1.32E+01	3.16E+00	4.71E+01
PD51318	2.01E+01	6.27E+00	4.55E+00	2.21E+00	2.27E+01
PD51319	6.53E+00	2.76E+00	3.29E+00	1.03E+00	1.01E+01
PD51320	2.25E+01	8.26E+00	5.04E+00	2.82E+00	2.41E+01
PD51321	2.64E+01	7.40E+00	6.43E+00	2.39E+00	3.15E+01
PD51322	2.87E+01	9.17E+00	1.01E+01	2.37E+00	4.06E+01
PD51323	2.35E+01	8.54E+00	9.12E+00	2.08E+00	3.64E+01
PD51324	2.21E+01	9.03E+00	1.02E+01	2.52E+00	3.81E+01
PD51381	2.38E+01	8.29E+00	7.38E+00	9.61E+00	2.62E+01
PD51382	9.00E+00	4.88E+00	4.88E+00	1.07E+00	1.62E+01
PD51385	1.75E+01	5.96E+00	8.36E+00	1.87E+01	1.44E+01
PD51386	1.99E+01	6.29E+00	5.45E+00	1.55E+00	2.72E+01
PD51387	1.40E+01	5.37E+00	7.50E+00	6.91E-01	2.39E+01
PD51389	2.72E+01	9.71E+00	7.02E+00	3.18E+00	3.46E+01
PD51390	2.86E+01	8.14E+00	8.23E+00	2.24E+00	3.88E+01
PD51391	2.23E+01	7.08E+00	8.04E+00	1.95E+00	3.19E+01
PD51393	8.59E+00	3.47E+00	3.69E+00	6.46E-01	1.34E+01
PD51396	2.47E+01	7.36E+00	5.35E+00	2.32E+00	3.01E+01
PD51398	3.30E+01	1.11E+01	1.60E+01	2.04E+00	5.36E+01
PD51399	2.42E+01	9.85E+00	1.14E+01	2.05E+00	4.07E+01
PD51400	1.77E+01	5.30E+00	5.63E+00	1.85E+00	2.44E+01
PD51401	3.19E+01	1.39E+01	1.56E+01	2.65E+00	5.44E+01
PD51402	1.30E+01	4.71E+00	3.99E+00	1.70E+00	1.68E+01
PD51404	2.34E+01	9.23E+00	1.10E+01	1.83E+00	3.82E+01
PD51405	8.77E+00	3.36E+00	3.84E+00	9.22E-01	1.27E+01
PD51406	2.58E+01	9.70E+00	1.33E+01	1.74E+00	4.38E+01
PD51407	2.66E+01	8.11E+00	9.23E+00	1.92E+00	3.89E+01
PD51409	2.23E+01	7.47E+00	7.36E+00	2.51E+00	3.00E+01
PD51410	1.75E+01	5.70E+00	7.21E+00	1.81E+00	2.55E+01
PD51411	5.76E+00	2.61E+00	1.73E+00	1.10E+00	7.45E+00
PD51412	1.74E+01	5.84E+00	6.78E+00	1.85E+00	2.49E+01
PD51413	2.50E+01	8.58E+00	9.46E+00	1.95E+00	3.84E+01
PD51414	1.76E+01	6.75E+00	6.18E+00	1.86E+00	2.59E+01
PD51416	2.81E+01	9.36E+00	1.24E+01	2.21E+00	4.63E+01
PD51417	1.26E+01	4.71E+00	3.40E+00	1.91E+00	1.45E+01
PD51418	3.60E+01	9.57E+00	1.05E+01	2.26E+00	4.63E+01
PD51422	3.03E+01	1.34E+01	1.06E+01	8.65E-01	5.02E+01
PD51423	1.79E+01	6.21E+00	5.58E+00	1.64E+00	2.37E+01
PD51424	2.00E+01	6.44E+00	3.79E+00	2.28E+00	2.20E+01
PD51425	1.80E+01	5.91E+00	5.36E+00	2.23E+00	2.19E+01
PD51426	2.09E+01	7.45E+00	9.13E+00	1.79E+00	3.42E+01
PD51427	1.83E+01	7.52E+00	7.88E+00	1.23E+00	2.98E+01
PD51508	3.05E+01	1.30E+01	1.19E+01	3.82E+00	4.68E+01
PD51509	2.71E+01	7.66E+00	8.00E+00	1.94E+00	3.52E+01
PD51510	1.72E+01	6.32E+00	4.11E+00	2.71E+00	2.04E+01
PD51511	2.47E+01	9.63E+00	1.19E+01	2.16E+00	4.10E+01
PD51512	1.71E+01	1.00E+01	9.12E+00	1.80E+00	3.30E+01
PD51513	2.21E+01	7.19E+00	4.82E+00	2.22E+00	2.62E+01
PD51514	2.78E+01	8.65E+00	8.95E+00	1.93E+00	3.95E+01
PD51515	1.30E+01	4.68E+00	4.93E+00	1.58E+00	1.90E+01
PD51516	1.80E+01	6.14E+00	5.77E+00	2.19E+00	2.54E+01
PD51517	2.59E+01	8.44E+00	1.08E+01	1.97E+00	3.97E+01
PD51518	2.67E+01	7.63E+00	4.78E+00	2.32E+00	3.01E+01
PD51519	3.47E+01	8.86E+00	7.68E+00	2.54E+00	4.19E+01
PD51521	1.67E+01	6.74E+00	6.90E+00	1.74E+00	2.63E+01
PD51522	3.27E+01	1.14E+01	1.29E+01	1.86E+00	5.15E+01
PD51523	1.58E+01	4.87E+00	6.33E+00	1.31E+00	2.36E+01
PD51524	3.00E+01	9.01E+00	1.00E+01	2.04E+00	4.34E+01
PD51525	2.37E+01	1.14E+01	9.31E+00	2.59E+00	3.79E+01
PD51526	1.18E+01	4.61E+00	3.42E+00	1.71E+00	1.54E+01
PD51527	2.84E+01	8.40E+00	7.11E+00	2.48E+00	3.46E+01
PD51528	2.75E+01	7.82E+00	9.33E+00	2.79E+00	3.77E+01
PD51529	3.49E+01	1.01E+01	7.82E+00	2.70E+00	4.25E+01
PD51530	1.20E+01	4.31E+00	2.20E+00	1.71E+00	1.31E+01
PD51531	1.98E+01	6.52E+00	6.63E+00	2.08E+00	2.67E+01
PD51532	3.47E+01	1.12E+01	5.77E+00	3.00E+00	3.86E+01
PD51533	1.93E+01	6.37E+00	7.38E+00	1.78E+00	3.03E+01
PD51534	1.85E+01	5.82E+00	4.77E+00	1.77E+00	2.20E+01
PD51535	6.90E+00	2.82E+00	2.07E+00	1.18E+00	6.56E+00
PD51536	1.23E+01	6.92E+00	6.55E+00	7.21E+01	6.04E+01
PD51537	3.75E+01	2.79E+01	8.70E+00	1.05E+02	1.63E+02
PD51538	1.34E+01	5.75E+00	3.93E+00	3.16E+01	2.14E+01
PD51539	8.42E+00	6.99E+00	3.53E+00	3.49E+01	3.29E+01
PD51540	1.30E+01	9.83E+00	8.37E+00	1.37E+02	1.25E+02
PD51541	1.84E+01	6.21E+00	7.74E+00	3.30E+00	2.62E+01
PD51542	1.56E+01	1.14E+01	6.61E+00	3.32E+01	3.43E+01
PD51543	2.55E+01	8.40E+00	1.25E+01	1.57E+01	2.71E+01
PD51544	1.70E+01	7.72E+00	5.01E+00	1.78E+02	1.81E+02
PD51545	1.70E+01	6.27E+00	5.06E+00	2.77E+01	1.36E+01
PD51546	8.90E+00	1.86E+01	2.17E+00	1.28E+02	1.50E+02
PD51549	1.30E+01	1.17E+01	8.32E+00	1.07E+02	1.04E+02
PD51550	1.28E+01	4.42E+00	5.37E+00	1.61E+00	1.81E+01
PD51551	3.37E+01	1.30E+01	1.24E+01	2.29E+00	5.19E+01
PD51552	1.91E+01	6.81E+00	5.23E+00	1.55E+00	2.61E+01
PD51553	1.38E+01	4.88E+00	5.08E+00	1.68E+00	2.01E+01
PD51554	1.78E+01	5.57E+00	5.69E+00	1.85E+00	2.41E+01
PD51555	8.96E+00	3.38E+00	3.01E+00	1.70E+00	1.08E+01
PD51556	7.69E+00	5.01E+00	5.56E+00	2.32E+00	8.29E+00
PD51557	2.24E+01	7.51E+00	9.40E+00	1.44E+00	3.57E+01
PD51558	1.82E+01	7.17E+00	5.62E+00	2.49E+00	2.43E+01
PD51559	2.14E+01	8.94E+00	1.05E+01	1.40E+00	3.70E+01
PD51560	1.51E+01	5.11E+00	5.44E+00	1.53E+00	2.15E+01
PD51561	2.29E+01	7.41E+00	8.75E+00	2.97E+00	3.55E+01
PD51562	2.00E+01	7.23E+00	4.99E+00	2.34E+00	2.26E+01
PD51563	2.26E+01	7.34E+00	9.61E+00	1.61E+00	3.59E+01
PD51564	1.78E+01	5.17E+00	5.11E+00	1.93E+00	2.24E+01
PD51565	1.17E+01	3.47E+00	2.30E+00	1.92E+00	1.21E+01
PD51566	2.68E+01	9.42E+00	2.77E+00	3.28E+00	2.53E+01
PD51567	2.02E+01	7.65E+00	7.39E+00	2.46E+00	2.93E+01
PD51568	9.95E+00	3.87E+00	2.80E+00	1.46E+00	1.10E+01
PD51569	1.04E+01	3.53E+00	3.54E+00	1.32E+00	1.33E+01
PD51570	2.49E+01	7.59E+00	9.24E+00	2.75E+00	3.43E+01
PD51571	5.97E+00	2.95E+00	2.59E+00	1.04E+00	8.57E+00
PD51572	3.10E+01	1.05E+01	8.76E+00	3.46E+00	4.03E+01
PD51573	4.50E+01	6.04E+00	8.23E+01	2.54E+00	7.86E+01
PD51574	1.55E+01	5.66E+00	7.28E+00	1.60E+00	2.48E+01
PD51575	1.78E+01	5.76E+00	6.08E+00	1.91E+00	2.47E+01
PD51576	3.24E+01	1.16E+01	1.54E+01	2.09E+00	5.50E+01
PD51577	1.86E+01	6.59E+00	4.65E+00	2.20E+00	2.23E+01
PD51578	1.94E+01	7.68E+00	6.02E+00	2.56E+00	2.61E+01
PD51579	3.53E+01	1.53E+01	1.61E+01	4.05E+00	5.80E+01
PD51580	2.24E+01	7.51E+00	5.97E+00	2.57E+00	2.90E+01
PD51581	1.35E+01	5.50E+00	4.17E+00	2.55E+00	1.76E+01
PD51582	1.79E+01	5.53E+00	4.41E+00	2.27E+00	2.19E+01
PD51583	1.37E+01	4.99E+00	6.37E+00	1.72E+00	2.08E+01
PD51584	8.37E+00	4.07E+00	3.92E+00	1.34E+00	1.22E+01
PD51585	3.94E+00	3.06E+00	2.61E+00	1.25E+00	5.28E+00
PD51586	6.58E+00	2.76E+00	2.69E+00	1.02E+00	9.43E+00
PD51587	2.31E+01	9.38E+00	1.22E+01	1.72E+00	4.02E+01
PD51588	2.28E+01	7.01E+00	1.07E+01	1.64E+00	3.62E+01
PD51589	2.75E+01	7.99E+00	7.93E+00	2.53E+00	3.63E+01
PD51590	1.07E+01	4.13E+00	3.31E+00	1.76E+00	1.43E+01
PD51591	1.20E+01	4.35E+00	5.29E+00	1.47E+00	1.79E+01
PD51593	3.36E+01	9.49E+00	1.36E+01	3.13E+00	5.28E+01
PD51594	1.79E+01	6.11E+00	8.81E+00	1.77E+00	3.01E+01
PD51595	2.22E+01	1.09E+01	1.14E+01	2.45E+00	3.91E+01
PD51596	1.95E+01	6.76E+00	6.16E+00	1.99E+00	2.76E+01
PD51597	1.95E+01	7.21E+00	7.14E+00	1.97E+00	2.90E+01
PD51598	1.13E+01	5.82E+00	5.12E+00	2.25E+00	1.05E+01
PD51599	3.28E+01	1.11E+01	1.45E+01	2.12E+00	5.41E+01
PD51600	1.03E+01	4.31E+00	2.98E+00	1.70E+00	1.38E+01
PD51601	8.26E+00	3.42E+00	2.97E+00	1.41E+00	1.05E+01
PD51637	1.44E+01	5.43E+00	6.70E+00	1.58E+00	2.23E+01
PD51638	1.78E+01	6.59E+00	8.22E+00	4.10E+00	2.59E+01
PD51639	1.14E+01	3.98E+00	4.04E+00	1.40E+00	1.49E+01
PD51640	2.35E+01	7.44E+00	5.03E+00	2.59E+00	2.52E+01
PD51642	1.18E+01	4.89E+00	4.58E+00	1.77E+00	1.63E+01
PD51643	2.17E+01	6.35E+00	5.77E+00	2.27E+00	2.84E+01
PD51644	1.81E+01	6.17E+00	4.77E+00	1.97E+00	2.26E+01
PD51645	1.77E+01	7.58E+00	9.71E+00	1.77E+00	3.09E+01
PD51646	1.15E+01	4.21E+00	4.32E+00	1.51E+00	1.47E+01
PD51648	1.51E+01	6.11E+00	6.76E+00	1.23E+00	2.50E+01
PD51649	3.00E+01	8.78E+00	7.12E+00	2.39E+00	3.41E+01
PD51650	1.47E+01	5.19E+00	7.18E+00	2.04E+00	2.39E+01
PD51651	1.41E+01	5.00E+00	4.21E+00	1.63E+00	1.79E+01
PD51652	1.75E+01	6.25E+00	7.77E+00	1.40E+00	2.77E+01
PD51653	9.03E+00	4.26E+00	4.37E+00	9.38E+00	7.69E+00
PD51654	2.60E+01	8.44E+00	8.77E+00	2.90E+00	3.64E+01
PD51655	1.60E+01	5.90E+00	6.93E+00	1.56E+00	2.51E+01
PD51656	2.63E+01	7.48E+00	8.34E+00	2.35E+00	3.56E+01
PD51657	1.45E+01	4.96E+00	7.04E+00	1.47E+00	2.30E+01
PD51658	6.22E+00	2.55E+00	1.85E+00	6.90E-01	7.25E+00
PD51659	2.01E+01	7.07E+00	8.16E+00	1.74E+00	3.07E+01
PD51660	1.12E+01	4.99E+00	4.40E+00	1.76E+00	1.12E+01
PD51661	1.51E+01	4.70E+00	5.98E+00	1.36E+00	2.23E+01
PD51662	1.55E+01	6.15E+00	7.03E+00	1.68E+00	2.48E+01
PD51663	2.09E+01	6.33E+00	7.77E+00	1.81E+00	3.05E+01
PD51664	1.17E+01	4.76E+00	4.78E+00	1.44E+00	1.78E+01
PD51665	6.86E+00	3.19E+00	2.57E+00	1.55E+00	8.88E+00
PD51666	1.80E+01	5.23E+00	5.41E+00	1.86E+00	2.53E+01
PD51667	1.47E+01	5.01E+00	6.16E+00	1.44E+00	2.22E+01
PD51668	2.47E+01	9.90E+00	8.08E+00	2.33E+00	3.59E+01
PD51669	9.61E+00	3.39E+00	2.86E+00	1.19E+00	1.23E+01
PD51670	1.37E+01	5.18E+00	5.07E+00	9.18E-01	2.08E+01
PD51671	1.55E+01	5.32E+00	3.84E+00	2.12E+00	1.79E+01
PD51672	1.52E+01	4.85E+00	5.66E+00	2.06E+00	2.02E+01
PD51673	7.80E+00	4.40E+00	3.36E+00	1.43E+00	9.52E+00
PD51675	1.62E+01	4.84E+00	6.34E+00	1.65E+00	2.41E+01
PD51676	2.73E+01	7.28E+00	7.57E+00	2.03E+00	3.51E+01
PD51677	2.49E+01	7.59E+00	8.82E+00	2.11E+00	3.80E+01
PD51678	1.15E+01	3.91E+00	4.27E+00	1.33E+00	1.56E+01
PD51679	1.98E+01	6.76E+00	8.09E+00	1.48E+00	3.09E+01
PD51680	1.14E+01	4.52E+00	4.65E+00	1.60E+00	1.68E+01
PD51681	1.51E+01	5.53E+00	6.48E+00	1.57E+00	2.26E+01
PD51682	2.54E+01	8.72E+00	6.08E+00	2.49E+00	2.76E+01
PD51683	2.10E+01	6.30E+00	7.32E+00	2.15E+00	3.00E+01
PD51684	1.95E+01	7.23E+00	9.64E+00	1.29E+00	3.20E+01
PD51685	1.70E+01	5.51E+00	5.59E+00	1.76E+00	2.32E+01
PD51687	7.27E+00	6.51E+00	3.10E+00	5.29E+00	7.01E+00
PD51688	2.41E+01	6.62E+00	8.56E+00	2.42E+00	3.25E+01
PD51689	1.99E+01	5.45E+00	6.05E+00	1.67E+00	2.62E+01
PD51691	3.04E+01	9.00E+00	1.00E+01	2.12E+00	4.42E+01
PD51693	2.01E+01	6.72E+00	4.93E+00	2.24E+00	2.30E+01
PD51694	2.29E+01	6.88E+00	8.29E+00	1.88E+00	3.40E+01
PD51695	1.56E+01	5.91E+00	6.54E+00	3.05E+00	2.20E+01
PD51696	1.65E+01	5.60E+00	3.88E+00	2.17E+00	1.83E+01
PD51697	2.62E+01	6.93E+00	9.98E+00	2.20E+00	3.84E+01
PD51698	1.92E+01	6.15E+00	6.81E+00	1.59E+00	2.87E+01
PD51699	1.17E+01	4.30E+00	3.67E+00	1.89E+00	1.36E+01
PD51700	1.68E+01	5.68E+00	4.41E+00	1.84E+00	2.04E+01
PD51701	2.46E+01	7.97E+00	5.80E+00	2.28E+00	2.55E+01
PD51702	2.78E+01	8.49E+00	7.64E+00	2.19E+00	3.70E+01
PD51703	1.05E+01	3.74E+00	2.97E+00	1.38E+00	1.28E+01
PD51704	1.23E+01	4.70E+00	5.86E+00	2.00E+00	1.51E+01
PD51705	1.47E+01	8.21E+00	6.39E+00	1.97E+00	2.43E+01
PD51706	1.07E+01	3.50E+00	4.56E+00	1.27E+00	1.56E+01
PD51707	1.54E+01	4.70E+00	6.82E+00	1.56E+00	2.36E+01
PD51708	8.01E+00	3.43E+00	3.28E+00	1.53E+00	1.01E+01
PD51709	1.55E+01	5.21E+00	5.73E+00	1.43E+00	2.23E+01
PD51710	1.82E+01	8.32E+00	6.76E+00	1.91E+00	2.80E+01
PD51711	2.10E+01	6.34E+00	6.72E+00	1.93E+00	2.98E+01
PD51712	1.61E+01	6.58E+00	7.80E+00	1.48E+00	2.71E+01
PD51713	1.70E+01	6.15E+00	6.97E+00	1.84E+00	2.68E+01
PD51714	2.81E+01	7.82E+00	6.20E+00	2.22E+00	3.26E+01
PD51715	2.26E+01	7.49E+00	9.78E+00	1.87E+00	3.63E+01
PD51716	2.13E+01	6.84E+00	8.00E+00	1.25E+00	3.24E+01
PD51717	1.69E+01	5.13E+00	5.63E+00	2.02E+00	2.37E+01
PD51718	2.24E+01	7.35E+00	5.22E+00	2.76E+00	2.55E+01
PD51719	5.28E+00	2.79E+00	2.80E+00	1.23E+00	5.15E+00
PD51720	7.66E+00	3.50E+00	2.55E+00	1.39E+00	7.89E+00
PD51721	2.82E+01	8.11E+00	8.64E+00	2.28E+00	3.80E+01
PD51722	1.97E+01	6.22E+00	6.54E+00	2.03E+00	2.67E+01
PD51723	1.84E+01	6.24E+00	6.84E+00	1.86E+00	2.54E+01
PD51724	9.98E+00	4.07E+00	4.99E+00	1.21E+00	1.59E+01
PD51725	1.36E+01	4.77E+00	5.66E+00	1.81E+00	2.06E+01
PD51726	1.14E+01	6.31E+00	7.37E+00	3.69E+00	1.80E+01
PD51727	1.55E+01	4.84E+00	6.11E+00	1.61E+00	2.19E+01
PD51728	1.17E+01	5.60E+00	4.73E+00	2.09E+00	9.74E+00
PD51729	5.90E+01	2.11E+01	2.08E+01	4.33E+00	9.53E+01
PD51730	2.03E+01	6.85E+00	9.04E+00	1.84E+00	3.31E+01
PD51732	3.42E+01	9.63E+00	9.41E+00	2.36E+00	4.53E+01
PD51733	2.33E+01	1.02E+01	1.29E+01	1.59E+00	4.21E+01
PD51734	2.18E+01	8.30E+00	8.23E+00	1.52E+00	3.26E+01
PD51735	7.27E+00	4.46E+00	5.08E+00	1.75E+00	7.42E+00
PD51736	2.58E+01	9.10E+00	1.21E+01	2.22E+00	4.17E+01
PD51737	2.60E+01	9.04E+00	7.50E+00	3.06E+00	3.31E+01
PD51740	1.88E+01	6.51E+00	6.49E+00	1.81E+00	2.72E+01
PD51742	2.05E+01	8.00E+00	8.52E+00	1.78E+00	3.23E+01
PD51743	2.03E+01	6.38E+00	4.39E+00	2.35E+00	2.49E+01
PD51744	2.77E+01	7.37E+00	9.05E+00	2.01E+00	3.79E+01
PD51745	3.53E+01	1.30E+01	1.60E+01	2.30E+00	5.92E+01
PD51746	1.95E+01	8.64E+00	8.62E+00	1.42E+00	3.28E+01
PD51747	2.06E+01	7.00E+00	8.63E+00	1.59E+00	3.25E+01
PD51748	3.36E+01	1.06E+01	1.21E+01	2.11E+00	5.04E+01
PD51749	3.31E+01	9.51E+00	1.07E+01	1.68E+00	4.85E+01
PD51750	3.61E+01	1.05E+01	1.43E+01	1.91E+00	5.53E+01
PD51754	1.95E+01	6.11E+00	5.41E+00	1.98E+00	2.54E+01
PD51766	2.24E+01	8.25E+00	5.17E+00	2.73E+00	2.86E+01
PD51767	2.21E+01	6.81E+00	6.90E+00	2.88E+00	3.04E+01
PD51768	1.35E+01	6.24E+00	6.68E+00	1.32E+00	2.28E+01
PD51769	1.30E+01	3.54E+00	5.34E+00	1.25E+00	1.88E+01
PD51770	4.37E+01	1.52E+01	1.51E+01	2.01E+00	6.88E+01
PD51771	4.50E+01	1.30E+01	1.89E+01	2.85E+00	6.82E+01
PD51772	2.85E+01	1.02E+01	1.12E+01	1.85E+00	4.36E+01
PD51773	2.02E+01	8.68E+00	1.05E+01	2.05E+00	3.39E+01
PD51774	1.05E+01	4.16E+00	4.81E+00	1.33E+00	1.64E+01
PD51775	1.87E+01	7.02E+00	5.16E+00	2.79E+00	1.89E+01
PD51777	2.28E+01	8.19E+00	1.01E+01	1.66E+00	3.70E+01
PD51778	1.60E+01	5.91E+00	7.61E+00	1.51E+00	2.64E+01
PD51779	9.73E+00	5.85E+00	5.00E+00	6.16E+00	1.20E+01
PD51780	8.90E+00	5.95E+00	3.79E+00	3.44E+01	3.24E+01
PD51781	4.92E+01	9.63E+00	6.35E+01	1.02E+02	1.25E+02
PD51782	9.69E+00	4.06E+00	4.45E+00	6.35E+01	7.04E+01
PD51783	1.73E+01	7.88E+00	5.51E+00	1.44E+01	1.85E+01
PD51784	2.02E+01	9.23E+00	1.15E+01	1.01E+01	2.82E+01
PD51785	2.57E+01	9.15E+00	1.50E+01	1.85E+00	4.51E+01
PD51786	3.18E+01	1.18E+01	1.22E+01	3.98E+00	4.75E+01
PD51788	2.02E+01	5.10E+00	7.29E+00	2.12E+00	2.75E+01
PD51791	2.04E+01	6.10E+00	5.73E+00	1.90E+00	2.41E+01
PD51793	3.07E+01	8.43E+00	9.44E+00	2.49E+00	4.23E+01
PD51794	1.66E+01	6.17E+00	7.51E+00	1.86E+00	2.57E+01
PD51801	2.30E+01	7.33E+00	6.76E+00	1.72E+00	3.28E+01
PD51803	3.81E+01	1.27E+01	1.74E+01	3.46E+00	5.93E+01
PD51805	1.58E+01	5.61E+00	6.98E+00	1.26E+00	2.49E+01
PD51806	1.26E+01	1.18E+01	6.80E+00	1.16E+02	1.06E+02
PD51812	3.61E+01	1.06E+01	8.44E+00	3.03E+00	4.50E+01
PD51814	2.77E+01	1.05E+01	1.15E+01	1.93E+00	4.43E+01
PD51815	1.83E+01	7.24E+00	6.52E+00	1.83E+00	2.79E+01
PD51816	2.79E+01	7.59E+00	6.00E+00	2.61E+00	3.48E+01
PD51817	2.48E+01	1.17E+01	9.85E+00	2.15E+00	4.09E+01
PD51818	1.73E+01	6.65E+00	4.01E+00	2.11E+00	1.65E+01
PD51820	1.60E+01	5.10E+00	6.31E+00	3.24E+00	2.10E+01
PD51821	2.79E+01	1.10E+01	1.37E+01	2.08E+00	4.81E+01
PD51823	3.20E+01	9.10E+00	1.31E+01	2.13E+00	4.76E+01
PD52255	1.38E+01	5.80E+00	6.55E+00	1.09E+00	2.27E+01
PD52256	2.42E+01	7.44E+00	9.87E+00	1.83E+00	3.64E+01
PD52257	6.64E+00	4.38E+00	5.39E+00	2.38E+00	7.51E+00
PD52258	8.60E+00	5.20E+00	8.37E+00	2.21E+00	1.25E+01
PD52259	7.62E+00	3.65E+00	3.82E+00	1.54E+00	9.14E+00
PD52261	1.35E+01	4.92E+00	3.57E+00	2.17E+00	1.65E+01
PD52262	1.34E+01	5.61E+00	4.68E+00	1.83E+00	1.51E+01
PD52263	1.87E+01	6.86E+00	8.58E+00	3.42E+00	2.47E+01
PD52264	7.54E+00	4.69E+00	6.63E+00	1.86E+00	9.41E+00
PD52265	7.25E+00	3.73E+00	7.22E+00	1.80E+00	1.21E+01
PD52266	1.72E+01	7.04E+00	1.52E+01	6.50E+01	7.34E+01
PD52267	7.99E+00	4.57E+00	9.53E+00	9.89E-01	1.24E+01
PD52268	2.26E+01	1.10E+01	2.06E+01	3.92E+00	2.81E+01
PD52269	1.14E+01	6.59E+00	1.24E+01	2.44E+00	1.66E+01
PD52270	1.64E+01	6.70E+00	7.25E+00	2.53E+00	1.89E+01
PD52271	3.86E+00	2.12E+00	2.33E+00	1.09E+00	3.94E+00
PD52272	9.00E+00	5.47E+00	7.12E+00	2.00E+00	1.13E+01
PD52273	2.78E+01	8.00E+00	6.01E+00	1.95E+00	3.30E+01
PD52274	1.23E+01	5.30E+00	5.55E+00	1.92E+00	1.47E+01
PD52275	1.89E+01	6.36E+00	7.07E+00	2.01E+00	2.24E+01
PD52276	4.69E+00	2.72E+00	2.20E+00	1.03E+00	3.77E+00
PD52277	4.31E+00	2.79E+00	3.21E+00	1.33E+00	4.60E+00
PD52278	7.03E+00	4.50E+00	7.68E+00	1.16E+00	1.03E+01
PD52280	1.35E+01	6.46E+00	1.29E+01	1.25E+00	1.65E+01
PD52281	9.15E+00	3.79E+00	3.50E+00	1.35E+00	1.24E+01
PD52282	8.24E+00	3.06E+00	4.26E+00	1.10E+00	9.43E+00
PD52283	1.01E+01	7.08E+00	8.10E+00	3.11E+00	1.19E+01
PD52284	9.04E+00	5.56E+00	8.65E+00	1.86E+00	1.26E+01
