Samples	SBS96A	SBS96B	SBS96C	SBS96D	SBS96E
SP.Syn.Abst.1	1567	1569	1096	1127	1433
SP.Syn.Abst.2	661	2042	1381	769	426
SP.Syn.Abst.3	988	1809	1371	838	578
SP.Syn.Abst.4	1628	679	695	1146	733
SP.Syn.Abst.5	1671	2534	1773	1398	737
SP.Syn.Abst.6	3244	1525	1366	2134	879
SP.Syn.Abst.7	2157	1869	1544	1585	605
SP.Syn.Abst.8	1212	1397	1085	1056	504
SP.Syn.Abst.9	818	225	174	550	2531
SP.Syn.Abst.10	3371	3091	2519	2488	911
SP.Syn.Abst.11	2303	2374	1774	1798	970
SP.Syn.Abst.12	2220	1242	941	1498	3483
SP.Syn.Abst.13	3024	3658	2746	2400	636
SP.Syn.Abst.14	3504	3859	2934	2744	578
SP.Syn.Abst.15	1718	1827	1438	1305	1708
SP.Syn.Abst.16	3213	994	1023	2193	383
SP.Syn.Abst.17	2191	4396	3019	1803	6624
SP.Syn.Abst.18	4465	1685	1528	3082	1237
SP.Syn.Abst.19	3186	2604	2091	2390	844
SP.Syn.Abst.20	1304	1386	1164	977	716
SP.Syn.Abst.21	1410	3011	2135	1202	237
SP.Syn.Abst.22	1738	3092	2141	1514	783
SP.Syn.Abst.23	1705	2061	1551	1353	497
SP.Syn.Abst.24	1429	5253	3648	1474	1012
SP.Syn.Abst.25	3502	1852	1676	2435	799
SP.Syn.Abst.26	4646	401	857	3064	281
SP.Syn.Abst.27	1443	2177	1565	1109	1500
SP.Syn.Abst.28	1070	2551	1833	903	340
SP.Syn.Abst.29	1176	1525	1012	896	4860
SP.Syn.Abst.30	4167	24	539	2696	132
SP.Syn.Abst.31	9349	1884	2297	6200	767
SP.Syn.Abst.32	6048	3530	3047	4292	985
SP.Syn.Abst.33	3408	1513	1401	2451	66
SP.Syn.Abst.34	5454	6411	4949	4245	559
SP.Syn.Abst.35	1814	3045	2180	1464	2221
SP.Syn.Abst.36	3300	3623	2711	2516	2935
SP.Syn.Abst.37	2458	1737	1535	1718	86
SP.Syn.Abst.38	2214	3353	2499	1867	909
SP.Syn.Abst.39	3537	2438	2109	2560	574
SP.Syn.Abst.40	3599	1771	1452	2490	904
SP.Syn.Abst.41	2400	1912	1485	1722	512
SP.Syn.Abst.42	0	1240	771	0	768
SP.Syn.Abst.43	2849	2512	1978	2072	383
SP.Syn.Abst.44	1965	4168	2954	1777	1001
SP.Syn.Abst.45	2837	5975	4264	2499	1520
SP.Syn.Abst.46	1617	1598	1253	1169	879
SP.Syn.Abst.47	2570	1725	1409	1965	548
SP.Syn.Abst.48	2641	2178	1682	1765	1607
SP.Syn.Abst.49	1507	845	676	1144	1435
SP.Syn.Abst.50	2241	2394	1925	1677	369
SP.Syn.Abst.51	3046	991	1005	2008	516
SP.Syn.Abst.52	3368	2799	2297	2492	1247
SP.Syn.Abst.53	955	3161	2184	960	3154
SP.Syn.Abst.54	1360	2736	2013	1214	907
SP.Syn.Abst.55	2979	1593	1243	2011	4169
SP.Syn.Abst.56	4470	2012	1797	3056	179
SP.Syn.Abst.57	1327	4812	3262	1339	1296
SP.Syn.Abst.58	4093	1479	1373	2791	1248
SP.Syn.Abst.59	6161	532	899	4031	5287
SP.Syn.Abst.60	1744	3419	2455	1453	1531
SP.Syn.Abst.61	5222	2363	2151	3679	1359
SP.Syn.Abst.62	3154	3795	2823	2438	2683
SP.Syn.Abst.63	1730	3571	2610	1541	213
SP.Syn.Abst.64	4783	1439	1431	3176	706
SP.Syn.Abst.65	938	1815	1345	745	549
SP.Syn.Abst.66	1227	2050	1535	925	122
SP.Syn.Abst.67	1376	3236	2283	1220	750
SP.Syn.Abst.68	9926	2184	2549	6621	494
SP.Syn.Abst.69	3685	3961	3076	2889	731
SP.Syn.Abst.70	1241	2424	1786	1057	144
SP.Syn.Abst.71	3958	2215	1906	2846	1706
SP.Syn.Abst.72	2318	7721	5398	2263	757
SP.Syn.Abst.73	1361	1650	1240	986	662
SP.Syn.Abst.74	2312	1714	1425	1590	2421
SP.Syn.Abst.75	1517	3182	2257	1282	923
SP.Syn.Abst.76	3523	927	963	2365	511
SP.Syn.Abst.77	3242	1457	1310	2287	469
SP.Syn.Abst.78	3374	1950	1643	2393	570
SP.Syn.Abst.79	3096	5101	3717	2534	1499
SP.Syn.Abst.80	4917	2487	2239	3391	104
SP.Syn.Abst.81	1403	1904	1479	1052	1277
SP.Syn.Abst.82	3357	68	394	2183	295
SP.Syn.Abst.83	2286	2839	2199	1848	708
SP.Syn.Abst.84	1567	2019	1542	1315	1454
SP.Syn.Abst.85	2924	2057	1565	1926	4040
SP.Syn.Abst.86	2871	2606	2099	2110	882
SP.Syn.Abst.87	1503	4842	3436	1533	1177
SP.Syn.Abst.88	3430	5658	4175	2880	620
SP.Syn.Abst.89	1277	6758	4686	1495	429
SP.Syn.Abst.90	2158	398	522	1420	1371
SP.Syn.Abst.91	1068	1380	995	830	1405
SP.Syn.Abst.92	1749	1378	1160	1208	214
SP.Syn.Abst.93	1076	1229	828	848	568
SP.Syn.Abst.94	1171	2255	1702	1021	903
SP.Syn.Abst.95	5987	5078	4017	4385	1040
SP.Syn.Abst.96	1516	1853	1264	1176	2009
SP.Syn.Abst.97	1957	2462	1836	1482	137
SP.Syn.Abst.98	4193	2970	2460	3099	354
SP.Syn.Abst.99	2806	2796	2248	2083	675
SP.Syn.Abst.100	2271	4282	3229	1913	646
SP.Syn.Abst.101	481	1847	1180	409	2957
SP.Syn.Abst.102	1970	1055	912	1315	1711
SP.Syn.Abst.103	2279	2747	2059	1878	534
SP.Syn.Abst.104	1735	2306	1809	1400	127
SP.Syn.Abst.105	2462	4196	3046	1988	1443
SP.Syn.Abst.106	1642	102	229	951	773
SP.Syn.Abst.107	2325	1838	1573	1621	375
SP.Syn.Abst.108	1489	44	212	994	518
SP.Syn.Abst.109	1894	1574	1327	1450	80
SP.Syn.Abst.110	4975	1158	1307	3367	589
SP.Syn.Abst.111	2724	2312	1909	1981	572
SP.Syn.Abst.112	2354	2018	1670	1676	1554
SP.Syn.Abst.113	2944	978	953	1894	1078
SP.Syn.Abst.114	1313	2345	1587	1194	603
SP.Syn.Abst.115	2481	2303	1794	1685	1219
SP.Syn.Abst.116	2391	1158	979	1700	547
SP.Syn.Abst.117	2545	3972	2873	2178	986
SP.Syn.Abst.118	2216	958	830	1669	512
SP.Syn.Abst.119	2255	2517	1872	1795	1905
SP.Syn.Abst.120	2246	1571	1341	1625	565
SP.Syn.Abst.121	5256	5095	4021	3909	949
SP.Syn.Abst.122	2241	189	295	1516	1749
SP.Syn.Abst.123	1190	2238	1555	974	4256
SP.Syn.Abst.124	4320	1534	1493	2920	601
SP.Syn.Abst.125	4818	6700	5140	3870	766
SP.Syn.Abst.126	3306	3954	3134	2516	304
SP.Syn.Abst.127	2541	4258	3172	2044	625
SP.Syn.Abst.128	2345	923	863	1678	194
SP.Syn.Abst.129	1447	1170	1017	1063	1729
SP.Syn.Abst.130	2527	1456	1242	1886	420
SP.Syn.Abst.131	2554	722	718	1805	737
SP.Syn.Abst.132	3728	3623	2796	2784	984
SP.Syn.Abst.133	1176	2068	1525	972	579
SP.Syn.Abst.134	1850	3600	2614	1628	782
SP.Syn.Abst.135	5720	2727	2419	3990	495
SP.Syn.Abst.136	4417	1392	1432	3048	443
SP.Syn.Abst.137	737	558	448	504	487
SP.Syn.Abst.138	3229	4994	3643	2661	1924
SP.Syn.Abst.139	2733	3382	2539	2090	665
SP.Syn.Abst.140	2218	81	309	1458	847
SP.Syn.Abst.141	2167	1683	1346	1503	586
SP.Syn.Abst.142	2102	3323	2427	1626	562
SP.Syn.Abst.143	1339	4080	2813	1297	1115
SP.Syn.Abst.144	1460	2003	1453	1195	110
SP.Syn.Abst.145	2198	2503	1972	1661	1240
SP.Syn.Abst.146	1931	2468	1991	1524	580
SP.Syn.Abst.147	4038	2110	1844	2866	253
SP.Syn.Abst.148	1975	2313	1753	1549	654
SP.Syn.Abst.149	2623	3037	2374	2081	1292
SP.Syn.Abst.150	1797	3498	2573	1663	201
SP.Syn.Abst.151	3646	1718	1503	2612	1311
SP.Syn.Abst.152	1892	5626	3980	1816	1179
SP.Syn.Abst.153	2233	129	236	1514	863
SP.Syn.Abst.154	8418	11788	8688	6635	5426
SP.Syn.Abst.155	3846	2035	1726	2678	1311
SP.Syn.Abst.156	1970	1511	1260	1484	1390
SP.Syn.Abst.157	1991	1834	1416	1454	391
SP.Syn.Abst.158	4778	1808	1706	3273	1272
SP.Syn.Abst.159	2206	5551	3924	1993	1006
SP.Syn.Abst.160	1434	1290	954	1086	2392
SP.Syn.Abst.161	1067	4320	2941	1118	2097
SP.Syn.Abst.162	816	1521	955	634	2793
SP.Syn.Abst.163	2713	4443	3226	2198	516
SP.Syn.Abst.164	3471	2302	1905	2512	110
SP.Syn.Abst.165	1881	1559	1250	1320	625
SP.Syn.Abst.166	1229	5079	3682	1327	320
SP.Syn.Abst.167	3395	1826	1672	2393	425
SP.Syn.Abst.168	2003	1727	1345	1498	986
SP.Syn.Abst.169	1817	63	285	1245	958
SP.Syn.Abst.170	1503	1448	1140	1085	209
SP.Syn.Abst.171	2325	1435	1265	1647	817
SP.Syn.Abst.172	1544	1267	1052	1068	668
SP.Syn.Abst.173	3182	1565	1452	2132	371
SP.Syn.Abst.174	4212	122	543	2704	911
SP.Syn.Abst.175	1465	1304	923	1107	1851
SP.Syn.Abst.176	1414	86	150	1024	734
SP.Syn.Abst.177	4013	1692	1511	2804	1062
SP.Syn.Abst.178	3009	50	337	1960	65
SP.Syn.Abst.179	2963	1786	1553	2128	944
SP.Syn.Abst.180	3219	3219	2445	2392	1144
SP.Syn.Abst.181	1519	1469	1067	1112	950
SP.Syn.Abst.182	2366	659	694	1590	715
SP.Syn.Abst.183	3949	2064	1836	2850	95
SP.Syn.Abst.184	1009	83	112	646	610
SP.Syn.Abst.185	3341	2468	1978	2434	686
SP.Syn.Abst.186	1299	1431	1108	958	72
SP.Syn.Abst.187	2992	2736	2104	2210	313
SP.Syn.Abst.188	1253	1662	1192	942	1644
SP.Syn.Abst.189	997	1079	886	717	321
SP.Syn.Abst.190	4926	2968	2494	3444	771
SP.Syn.Abst.191	2496	1812	1537	1783	659
SP.Syn.Abst.192	1903	2757	2096	1480	459
SP.Syn.Abst.193	1789	1746	1312	1370	1631
SP.Syn.Abst.194	1458	1736	1278	1029	533
SP.Syn.Abst.195	4756	82	566	3054	304
SP.Syn.Abst.196	5649	3393	2895	4145	635
SP.Syn.Abst.197	2376	3497	2585	1935	1805
SP.Syn.Abst.198	3318	1387	1374	2331	58
SP.Syn.Abst.199	1558	1250	933	1056	395
SP.Syn.Abst.200	2255	1051	1044	1558	47
SP.Syn.Abst.201	1639	2018	1564	1348	505
SP.Syn.Abst.202	1281	1028	812	904	2136
SP.Syn.Abst.203	3338	2399	2003	2534	118
SP.Syn.Abst.204	1672	2164	1567	1276	2865
SP.Syn.Abst.205	1083	1778	1406	937	467
SP.Syn.Abst.206	2956	2069	1771	2114	465
SP.Syn.Abst.207	3868	2448	2108	2799	1257
SP.Syn.Abst.208	1871	3535	2568	1614	551
SP.Syn.Abst.209	2331	1477	1288	1544	1166
SP.Syn.Abst.210	3729	675	769	2434	1636
SP.Syn.Abst.211	1272	7458	5147	1666	1651
SP.Syn.Abst.212	3446	922	912	2258	676
SP.Syn.Abst.213	4885	1860	1826	3384	524
SP.Syn.Abst.214	1572	1094	866	1171	57
SP.Syn.Abst.215	1981	3994	2877	1630	706
SP.Syn.Abst.216	3614	2276	1967	2643	612
SP.Syn.Abst.217	4004	868	968	2612	2752
SP.Syn.Abst.218	4439	2208	2012	3201	99
SP.Syn.Abst.219	0	4081	2822	238	1603
SP.Syn.Abst.220	1397	7672	5289	1715	989
SP.Syn.Abst.221	2663	2378	1844	1965	1117
SP.Syn.Abst.222	1864	846	616	1154	1898
SP.Syn.Abst.223	723	1157	789	566	1405
SP.Syn.Abst.224	1533	2357	1837	1265	838
SP.Syn.Abst.225	1502	2546	1855	1285	977
SP.Syn.Abst.226	3046	2681	2064	2142	801
SP.Syn.Abst.227	1479	3227	2328	1261	818
SP.Syn.Abst.228	2261	221	342	1371	2100
SP.Syn.Abst.229	3134	1346	1302	2082	874
SP.Syn.Abst.230	5012	1655	1652	3374	233
SP.Syn.Abst.231	1640	1417	1112	1176	868
SP.Syn.Abst.232	3356	1603	1424	2433	639
SP.Syn.Abst.233	1948	2210	1637	1392	619
SP.Syn.Abst.234	3307	2727	2106	2454	619
SP.Syn.Abst.235	1637	5566	3905	1664	2521
SP.Syn.Abst.236	5468	2767	2481	3852	1496
SP.Syn.Abst.237	3104	1919	1641	2150	800
SP.Syn.Abst.238	4978	3328	2685	3611	2422
SP.Syn.Abst.239	2106	3732	2663	1739	681
SP.Syn.Abst.240	2517	2234	1841	1820	783
SP.Syn.Abst.241	1641	3894	2702	1451	1282
SP.Syn.Abst.242	2047	2316	1710	1516	666
SP.Syn.Abst.243	1295	1708	1344	1053	448
SP.Syn.Abst.244	4592	745	959	3086	1251
SP.Syn.Abst.245	5435	2007	1908	3734	1067
SP.Syn.Abst.246	7240	15566	11200	6476	1507
SP.Syn.Abst.247	2219	2185	1701	1711	1068
SP.Syn.Abst.248	1624	836	760	1151	867
SP.Syn.Abst.249	5027	3093	2618	3605	412
SP.Syn.Abst.250	1927	1345	950	1313	1037
SP.Syn.Abst.251	3258	5884	4315	2691	1060
SP.Syn.Abst.252	5510	2238	2191	3847	975
SP.Syn.Abst.253	2862	2631	2102	2157	401
SP.Syn.Abst.254	1219	2431	1737	1011	1944
SP.Syn.Abst.255	2022	4061	2946	1722	575
SP.Syn.Abst.256	3071	2131	1602	2073	7165
SP.Syn.Abst.257	2057	2272	1782	1518	789
SP.Syn.Abst.258	2033	1806	1346	1441	915
SP.Syn.Abst.259	1026	1647	1191	833	1259
SP.Syn.Abst.260	2871	1176	1141	1906	423
SP.Syn.Abst.261	2677	2521	1940	2025	281
SP.Syn.Abst.262	4413	140	531	2848	836
SP.Syn.Abst.263	1320	1817	1286	1192	1176
SP.Syn.Abst.264	3554	1553	1422	2471	624
SP.Syn.Abst.265	74	1731	1157	156	107
SP.Syn.Abst.266	3257	2563	2069	2361	871
SP.Syn.Abst.267	3539	1285	1309	2366	276
SP.Syn.Abst.268	2749	2281	1843	2119	1103
SP.Syn.Abst.269	1640	2224	1717	1270	615
SP.Syn.Abst.270	3759	3963	3076	2797	637
SP.Syn.Abst.271	2570	1362	1103	1796	548
SP.Syn.Abst.272	1467	1254	1014	1176	384
SP.Syn.Abst.273	2778	2164	1664	2091	543
SP.Syn.Abst.274	2107	2089	1595	1563	106
SP.Syn.Abst.275	2232	2848	2161	1748	1822
SP.Syn.Abst.276	6456	1851	1991	4404	1228
SP.Syn.Abst.277	1326	935	716	848	657
SP.Syn.Abst.278	3330	2665	2133	2442	709
SP.Syn.Abst.279	997	342	304	792	368
SP.Syn.Abst.280	2865	2097	1608	2021	932
SP.Syn.Abst.281	1464	7710	5411	1783	483
SP.Syn.Abst.282	3459	6697	4804	2905	1625
SP.Syn.Abst.283	1278	1787	1224	1086	609
SP.Syn.Abst.284	1500	846	689	1041	1745
SP.Syn.Abst.285	1722	1833	1331	1294	1113
SP.Syn.Abst.286	994	1448	1074	755	387
SP.Syn.Abst.287	1096	781	438	619	4244
SP.Syn.Abst.288	854	1445	832	609	6724
SP.Syn.Abst.289	1566	66	172	944	259
SP.Syn.Abst.290	1658	4186	3020	1414	823
SP.Syn.Abst.291	3246	89	362	2044	215
SP.Syn.Abst.292	1295	1969	1459	1084	870
SP.Syn.Abst.293	2491	4330	3207	2162	251
SP.Syn.Abst.294	2715	905	864	1792	782
SP.Syn.Abst.295	1092	3333	2331	1156	862
SP.Syn.Abst.296	1309	2023	1528	1102	115
SP.Syn.Abst.297	4115	4069	3114	2892	3468
SP.Syn.Abst.298	5315	2349	2132	3720	95
SP.Syn.Abst.299	2469	963	863	1659	468
SP.Syn.Abst.300	3183	1164	1089	2121	959
SP.Syn.Abst.301	1094	1972	1309	858	2102
SP.Syn.Abst.302	3533	2463	2009	2674	579
SP.Syn.Abst.303	2257	4593	3409	1896	430
SP.Syn.Abst.304	1333	4693	3197	1389	2822
SP.Syn.Abst.305	3350	1435	1320	2310	447
SP.Syn.Abst.306	1553	2079	1631	1165	1131
SP.Syn.Abst.307	6882	1367	1724	4605	294
SP.Syn.Abst.308	2261	1026	952	1645	941
SP.Syn.Abst.309	2999	2948	2375	2256	437
SP.Syn.Abst.310	1214	995	821	841	518
SP.Syn.Abst.311	543	6501	4308	1019	4396
SP.Syn.Abst.312	1467	2094	1495	1206	377
SP.Syn.Abst.313	3097	2143	1666	2278	733
SP.Syn.Abst.314	665	368	215	519	4253
SP.Syn.Abst.315	2686	1248	1182	1769	467
SP.Syn.Abst.316	3649	2014	1759	2656	533
SP.Syn.Abst.317	5132	1093	1319	3408	112
SP.Syn.Abst.318	3087	1400	1334	2198	683
SP.Syn.Abst.319	1568	1047	863	1071	953
SP.Syn.Abst.320	1524	1885	1397	1275	635
SP.Syn.Abst.321	1954	850	830	1332	356
SP.Syn.Abst.322	3903	1141	1265	2648	364
SP.Syn.Abst.323	2337	2271	1766	1683	1561
SP.Syn.Abst.324	3217	1376	1375	2212	601
SP.Syn.Abst.325	1321	1145	927	999	425
SP.Syn.Abst.326	875	3897	2438	840	8659
SP.Syn.Abst.327	2218	1190	1004	1612	391
SP.Syn.Abst.328	1705	8895	6163	2133	1050
SP.Syn.Abst.329	2575	900	923	1641	790
SP.Syn.Abst.330	5276	2804	2455	3745	429
SP.Syn.Abst.331	2636	5267	3805	2202	1923
SP.Syn.Abst.332	3394	3381	2622	2426	1377
SP.Syn.Abst.333	4486	911	1099	3036	1390
SP.Syn.Abst.334	1496	7297	5046	1843	1013
SP.Syn.Abst.335	830	867	692	680	301
SP.Syn.Abst.336	5082	1960	1853	3458	294
SP.Syn.Abst.337	2459	3338	2528	2001	941
SP.Syn.Abst.338	2447	2015	1601	1725	550
SP.Syn.Abst.339	1509	925	770	976	401
SP.Syn.Abst.340	4904	2935	2543	3459	143
SP.Syn.Abst.341	3368	842	1059	2305	278
SP.Syn.Abst.342	1130	1122	874	973	584
SP.Syn.Abst.343	1278	3945	2712	1277	1046
SP.Syn.Abst.344	992	1346	1061	797	73
SP.Syn.Abst.345	970	1549	1090	837	868
SP.Syn.Abst.346	1800	2110	1535	1407	1080
SP.Syn.Abst.347	2754	1044	935	1862	1109
SP.Syn.Abst.348	2114	23	319	1329	330
SP.Syn.Abst.349	7016	1312	1584	4739	847
SP.Syn.Abst.350	3435	2690	2143	2507	2816
SP.Syn.Abst.351	204	7817	5129	976	3813
SP.Syn.Abst.352	2452	4559	3362	2016	762
SP.Syn.Abst.353	2855	9469	6647	2840	1712
SP.Syn.Abst.354	2373	4616	3337	2107	851
SP.Syn.Abst.355	1099	2978	1995	1058	1053
SP.Syn.Abst.356	3925	97	485	2546	691
SP.Syn.Abst.357	3683	907	1093	2484	17
SP.Syn.Abst.358	3766	1290	1288	2445	1573
SP.Syn.Abst.359	1072	4652	3244	1117	1021
SP.Syn.Abst.360	1392	922	751	1013	845
SP.Syn.Abst.361	1275	4790	3301	1331	495
SP.Syn.Abst.362	2164	886	769	1537	697
SP.Syn.Abst.363	2609	1508	1194	1808	743
SP.Syn.Abst.364	3123	950	965	2098	1623
SP.Syn.Abst.365	5382	2099	1991	3639	454
SP.Syn.Abst.366	1830	2181	1592	1445	1262
SP.Syn.Abst.367	5212	3971	3237	3901	1260
SP.Syn.Abst.368	880	1635	1298	755	1242
SP.Syn.Abst.369	1401	126	225	926	1444
SP.Syn.Abst.370	2611	2699	1955	1885	3077
SP.Syn.Abst.371	2273	5593	4040	1943	946
SP.Syn.Abst.372	1727	434	534	1216	499
SP.Syn.Abst.373	1654	2124	1663	1282	496
SP.Syn.Abst.374	2302	2115	1686	1628	2072
SP.Syn.Abst.375	1984	2393	1768	1529	712
SP.Syn.Abst.376	1634	3437	2472	1505	517
SP.Syn.Abst.377	3976	844	1010	2713	1092
SP.Syn.Abst.378	1943	2591	1961	1458	1261
SP.Syn.Abst.379	3209	5711	4163	2686	1127
SP.Syn.Abst.380	2388	5300	3768	2032	3211
SP.Syn.Abst.381	1962	2220	1727	1523	797
SP.Syn.Abst.382	1586	1966	1558	1258	720
SP.Syn.Abst.383	1189	1701	1209	920	738
SP.Syn.Abst.384	2818	2969	2260	2221	410
SP.Syn.Abst.385	3726	4211	3319	2796	613
SP.Syn.Abst.386	3837	3035	2467	2739	1284
SP.Syn.Abst.387	3339	7911	5481	2892	5563
SP.Syn.Abst.388	4273	4610	3552	3204	1998
SP.Syn.Abst.389	2162	1348	1141	1608	64
SP.Syn.Abst.390	1826	1079	903	1313	52
SP.Syn.Abst.391	3064	902	896	2056	724
SP.Syn.Abst.392	4163	3972	3148	3136	559
SP.Syn.Abst.393	1105	1155	909	810	511
SP.Syn.Abst.394	1687	2555	1849	1326	1419
SP.Syn.Abst.395	3341	388	443	2153	3462
SP.Syn.Abst.396	1360	1227	899	998	1203
SP.Syn.Abst.397	1349	1878	1437	1016	633
SP.Syn.Abst.398	2443	1483	1358	1755	824
SP.Syn.Abst.399	3795	2282	1990	2587	1102
SP.Syn.Abst.400	3234	9784	6952	3218	928
SP.Syn.Abst.401	1208	2933	2242	1022	557
SP.Syn.Abst.402	1673	3800	2815	1398	229
SP.Syn.Abst.403	5969	2491	2346	4122	995
SP.Syn.Abst.404	4864	3070	2473	3448	3586
SP.Syn.Abst.405	1244	2264	1626	929	1113
SP.Syn.Abst.406	3111	1934	1660	2203	1284
SP.Syn.Abst.407	2692	4947	3605	2221	994
SP.Syn.Abst.408	3446	2762	2271	2528	564
SP.Syn.Abst.409	1079	2442	1771	1008	141
SP.Syn.Abst.410	2699	1295	1202	1873	1689
SP.Syn.Abst.411	3652	3179	2490	2638	890
SP.Syn.Abst.412	2901	1502	1433	2052	445
SP.Syn.Abst.413	2834	2600	2116	2054	645
SP.Syn.Abst.414	2725	94	309	1770	417
SP.Syn.Abst.415	1993	1776	1402	1417	616
SP.Syn.Abst.416	733	1411	959	623	1132
SP.Syn.Abst.417	2533	2141	1712	1921	1550
SP.Syn.Abst.418	850	2300	1523	660	4615
SP.Syn.Abst.419	2787	3692	2810	2132	1405
SP.Syn.Abst.420	4364	2428	2016	3081	1028
SP.Syn.Abst.421	1236	2046	1348	947	5135
SP.Syn.Abst.422	5290	1861	1919	3557	539
SP.Syn.Abst.423	2239	2109	1576	1671	380
SP.Syn.Abst.424	3195	882	911	2097	1082
SP.Syn.Abst.425	1856	1650	1300	1318	1157
SP.Syn.Abst.426	1862	1958	1565	1324	980
SP.Syn.Abst.427	2105	48	193	1411	0
SP.Syn.Abst.428	5836	7422	5584	4577	493
SP.Syn.Abst.429	2451	1089	994	1710	943
SP.Syn.Abst.430	1543	138	240	1007	1441
SP.Syn.Abst.431	658	946	627	419	2674
SP.Syn.Abst.432	2080	56	318	1455	953
SP.Syn.Abst.433	2484	3955	2817	1946	834
SP.Syn.Abst.434	2189	1236	1027	1592	1985
SP.Syn.Abst.435	1722	2079	1564	1287	902
SP.Syn.Abst.436	4482	3948	3199	3306	2402
SP.Syn.Abst.437	1469	1294	1079	1173	695
SP.Syn.Abst.438	2287	1952	1516	1633	3410
SP.Syn.Abst.439	2434	120	315	1602	1001
SP.Syn.Abst.440	1307	1504	1109	1022	1036
SP.Syn.Abst.441	3191	1797	1582	2317	1068
SP.Syn.Abst.442	2353	896	835	1657	519
SP.Syn.Abst.443	2330	3117	2352	1796	1021
SP.Syn.Abst.444	2685	1097	1003	1834	401
SP.Syn.Abst.445	4225	2753	2307	2995	833
SP.Syn.Abst.446	2207	2055	1579	1524	1012
SP.Syn.Abst.447	3058	878	1007	2099	144
SP.Syn.Abst.448	955	1639	1105	854	2288
SP.Syn.Abst.449	976	4550	3170	1154	1099
SP.Syn.Abst.450	2702	2238	1857	1914	364
SP.Syn.Abst.451	2248	2812	2236	1828	433
SP.Syn.Abst.452	3344	1454	1235	2321	656
SP.Syn.Abst.453	2019	3129	2355	1608	525
SP.Syn.Abst.454	1003	4969	3524	1236	308
SP.Syn.Abst.455	4393	1245	1265	2966	459
SP.Syn.Abst.456	2102	3655	2639	1834	597
SP.Syn.Abst.457	1122	2998	2145	942	3667
SP.Syn.Abst.458	1725	2355	1806	1345	422
SP.Syn.Abst.459	1615	2466	1799	1255	2036
SP.Syn.Abst.460	2157	2506	1864	1603	490
SP.Syn.Abst.461	2216	2336	1864	1626	486
SP.Syn.Abst.462	1054	4058	2689	1109	3437
SP.Syn.Abst.463	1903	1555	1334	1294	1365
SP.Syn.Abst.464	2094	722	729	1494	1190
SP.Syn.Abst.465	2706	2193	1774	1934	632
SP.Syn.Abst.466	3169	3879	2953	2479	497
SP.Syn.Abst.467	3271	2198	1896	2393	1229
SP.Syn.Abst.468	690	3474	2441	828	743
SP.Syn.Abst.469	1491	40	127	994	0
SP.Syn.Abst.470	4825	5832	4453	3694	588
SP.Syn.Abst.471	1343	3348	2335	1197	1994
SP.Syn.Abst.472	2373	6272	4475	2219	1121
SP.Syn.Abst.473	4845	1109	1264	3253	1874
SP.Syn.Abst.474	3008	2001	1584	2210	862
SP.Syn.Abst.475	2364	2668	2089	1813	151
SP.Syn.Abst.476	3329	3285	2528	2555	1292
SP.Syn.Abst.477	1907	3253	2460	1610	1200
SP.Syn.Abst.478	2726	3169	2518	2146	409
SP.Syn.Abst.479	999	2184	1613	864	831
SP.Syn.Abst.480	900	3332	2264	920	2016
SP.Syn.Abst.481	2267	1911	1532	1611	1027
SP.Syn.Abst.482	4359	1278	1336	2902	1090
SP.Syn.Abst.483	7640	6555	5178	5704	2595
SP.Syn.Abst.484	1800	3596	2595	1474	1516
SP.Syn.Abst.485	1593	1009	787	1013	1844
SP.Syn.Abst.486	3092	4804	3557	2422	700
SP.Syn.Abst.487	1456	108	173	988	957
SP.Syn.Abst.488	698	784	577	586	1123
SP.Syn.Abst.489	2782	3701	2766	2150	294
SP.Syn.Abst.490	2213	425	603	1460	6
SP.Syn.Abst.491	673	1882	1295	598	1571
SP.Syn.Abst.492	516	3092	2078	775	607
SP.Syn.Abst.493	2285	1828	1578	1661	992
SP.Syn.Abst.494	2063	1020	898	1494	525
SP.Syn.Abst.495	1324	1425	943	967	4433
SP.Syn.Abst.496	1755	1359	1217	1320	166
SP.Syn.Abst.497	2679	1684	1286	1952	74
SP.Syn.Abst.498	4582	1116	1325	3085	410
SP.Syn.Abst.499	2818	3689	2738	2186	955
SP.Syn.Abst.500	3559	3094	2337	2452	5112
SP.Syn.Abst.501	2511	1524	1264	1680	2241
SP.Syn.Abst.502	1297	3172	2218	1114	982
SP.Syn.Abst.503	563	1236	781	365	1745
SP.Syn.Abst.504	2603	1241	1101	1793	1657
SP.Syn.Abst.505	3806	1716	1670	2664	675
SP.Syn.Abst.506	3195	4225	3189	2521	513
SP.Syn.Abst.507	1056	1618	1082	933	719
SP.Syn.Abst.508	2188	4617	3298	1918	1421
SP.Syn.Abst.509	851	312	286	569	3958
SP.Syn.Abst.510	2227	3097	2310	1821	1816
SP.Syn.Abst.511	3422	2202	1902	2468	744
SP.Syn.Abst.512	2469	2719	1970	1855	1555
SP.Syn.Abst.513	1587	3332	2376	1379	195
SP.Syn.Abst.514	2185	1722	1423	1578	741
SP.Syn.Abst.515	2228	7014	4961	2210	1211
SP.Syn.Abst.516	1873	2339	1759	1387	1903
SP.Syn.Abst.517	4235	121	506	2772	787
SP.Syn.Abst.518	2501	113	442	1503	1461
SP.Syn.Abst.519	2339	2956	2234	1870	1106
SP.Syn.Abst.520	1642	2701	1943	1358	1625
SP.Syn.Abst.521	1018	8	158	740	357
SP.Syn.Abst.522	2624	7533	5333	2489	1044
SP.Syn.Abst.523	1252	1135	948	938	1545
SP.Syn.Abst.524	642	626	591	483	1278
SP.Syn.Abst.525	2850	3303	2617	2236	625
SP.Syn.Abst.526	934	3119	2157	893	1806
SP.Syn.Abst.527	5011	1530	1596	3434	1338
SP.Syn.Abst.528	3445	4173	3188	2696	422
SP.Syn.Abst.529	2042	1963	1520	1457	994
SP.Syn.Abst.530	1536	2989	2116	1415	773
SP.Syn.Abst.531	860	0	115	518	0
SP.Syn.Abst.532	2065	1700	1392	1559	243
SP.Syn.Abst.533	2444	2474	1873	1858	2496
SP.Syn.Abst.534	1066	1412	965	876	2358
SP.Syn.Abst.535	4362	1755	1617	3017	1653
SP.Syn.Abst.536	2188	1358	1136	1507	586
SP.Syn.Abst.537	873	2639	1775	748	3267
SP.Syn.Abst.538	2759	1664	1419	1964	1150
SP.Syn.Abst.539	3071	4386	3198	2401	783
SP.Syn.Abst.540	2756	5849	4255	2472	1049
SP.Syn.Abst.541	2161	1931	1537	1675	525
SP.Syn.Abst.542	837	3119	2131	848	780
SP.Syn.Abst.543	4489	3344	2766	3160	1252
SP.Syn.Abst.544	2265	1606	1359	1606	716
SP.Syn.Abst.545	2911	1288	1160	2009	1193
SP.Syn.Abst.546	1844	3308	2362	1348	2739
SP.Syn.Abst.547	1312	3072	2210	1109	879
SP.Syn.Abst.548	1185	1577	1179	914	741
SP.Syn.Abst.549	2933	710	772	1845	1465
SP.Syn.Abst.550	1202	1613	1210	1104	255
SP.Syn.Abst.551	1658	1668	1131	1185	3444
SP.Syn.Abst.552	5008	1397	1606	3268	738
SP.Syn.Abst.553	1843	1112	961	1212	906
SP.Syn.Abst.554	423	780	515	374	1391
SP.Syn.Abst.555	2576	1855	1504	1942	698
SP.Syn.Abst.556	1673	106	233	1113	1074
SP.Syn.Abst.557	3278	2020	1668	2388	2305
SP.Syn.Abst.558	2468	1525	1298	1797	2071
SP.Syn.Abst.559	2162	4129	2991	1737	744
SP.Syn.Abst.560	1438	2962	2163	1061	743
SP.Syn.Abst.561	3442	1837	1627	2449	337
SP.Syn.Abst.562	3022	1842	1508	2166	1375
SP.Syn.Abst.563	2166	4231	3079	1768	933
SP.Syn.Abst.564	2614	8069	5661	2456	960
SP.Syn.Abst.565	6451	1746	1955	4368	308
SP.Syn.Abst.566	5834	3588	3058	4098	1690
SP.Syn.Abst.567	1312	1951	1446	989	1568
SP.Syn.Abst.568	2107	2533	1883	1666	462
SP.Syn.Abst.569	2312	1672	1332	1662	197
SP.Syn.Abst.570	1675	3694	2669	1505	216
SP.Syn.Abst.571	5303	1250	1366	3571	336
SP.Syn.Abst.572	5246	1242	1343	3559	985
SP.Syn.Abst.573	936	1725	1252	827	627
SP.Syn.Abst.574	1747	861	706	1288	687
SP.Syn.Abst.575	4619	1249	1376	3070	694
SP.Syn.Abst.576	3956	2679	2195	2918	381
SP.Syn.Abst.577	2685	2398	2021	2078	814
SP.Syn.Abst.578	2276	2756	2129	1826	666
SP.Syn.Abst.579	969	2822	1952	945	1330
SP.Syn.Abst.580	3805	2149	1800	2669	1558
SP.Syn.Abst.581	1491	1381	1050	1118	726
SP.Syn.Abst.582	1309	2909	2047	1051	666
SP.Syn.Abst.583	1077	1219	979	905	1131
SP.Syn.Abst.584	3786	920	1074	2528	23
SP.Syn.Abst.585	2202	3697	2674	1725	1623
SP.Syn.Abst.586	992	1652	993	679	5383
SP.Syn.Abst.587	2720	1909	1567	2024	538
SP.Syn.Abst.588	1778	2591	1941	1553	791
SP.Syn.Abst.589	2287	2283	1765	1623	1616
SP.Syn.Abst.590	1613	1415	979	1068	2686
SP.Syn.Abst.591	864	1036	781	621	860
SP.Syn.Abst.592	3980	10763	7613	3688	2655
SP.Syn.Abst.593	1434	1528	1181	1164	391
SP.Syn.Abst.594	1721	3807	2693	1421	1308
SP.Syn.Abst.595	1933	1992	1491	1522	1048
SP.Syn.Abst.596	2336	2273	1775	1721	497
SP.Syn.Abst.597	704	1202	836	657	1378
SP.Syn.Abst.598	1881	3687	2746	1619	624
SP.Syn.Abst.599	1767	1139	857	1185	1299
SP.Syn.Abst.600	1236	997	795	902	660
SP.Syn.Abst.601	3022	1653	1501	2056	786
SP.Syn.Abst.602	3376	2663	2132	2417	2488
SP.Syn.Abst.603	1178	2886	1976	888	2182
SP.Syn.Abst.604	1408	124	141	995	955
SP.Syn.Abst.605	827	1642	1151	726	723
SP.Syn.Abst.606	3328	3488	2774	2466	445
SP.Syn.Abst.607	3767	2981	2271	2804	1450
SP.Syn.Abst.608	1216	1866	1303	975	408
SP.Syn.Abst.609	1885	2777	2076	1451	638
SP.Syn.Abst.610	3234	1111	1088	2181	852
SP.Syn.Abst.611	1908	4823	3403	1785	1159
SP.Syn.Abst.612	2880	1124	933	1906	1859
SP.Syn.Abst.613	1071	2828	2054	1027	1456
SP.Syn.Abst.614	2531	28	283	1758	103
SP.Syn.Abst.615	3079	2092	1719	2137	1399
SP.Syn.Abst.616	1861	829	748	1271	636
SP.Syn.Abst.617	1325	1262	874	945	1564
SP.Syn.Abst.618	1303	7390	5076	1482	964
SP.Syn.Abst.619	4448	3842	3096	3313	1624
SP.Syn.Abst.620	3193	1850	1572	2103	1330
SP.Syn.Abst.621	3682	1378	1385	2456	1547
SP.Syn.Abst.622	2811	1516	1394	1894	658
SP.Syn.Abst.623	3171	2881	2387	2415	857
SP.Syn.Abst.624	2463	5213	3780	2089	1575
SP.Syn.Abst.625	2677	101	352	1802	1002
SP.Syn.Abst.626	2560	1903	1572	1810	385
SP.Syn.Abst.627	589	1584	1069	515	1300
SP.Syn.Abst.628	1082	1466	1045	806	2532
SP.Syn.Abst.629	1444	1924	1472	1180	1993
SP.Syn.Abst.630	1952	1532	1222	1383	564
SP.Syn.Abst.631	2440	4562	3354	1954	581
SP.Syn.Abst.632	2310	63	290	1468	357
SP.Syn.Abst.633	2990	6890	5068	2814	573
SP.Syn.Abst.634	4068	2625	2144	2959	1141
SP.Syn.Abst.635	910	2845	2030	857	173
SP.Syn.Abst.636	1751	1834	1293	1419	1422
SP.Syn.Abst.637	2401	1306	1151	1717	1358
SP.Syn.Abst.638	2471	3352	2486	1900	454
SP.Syn.Abst.639	2488	5725	4181	2204	1106
SP.Syn.Abst.640	2312	3130	2344	1844	906
SP.Syn.Abst.641	959	659	501	711	1442
SP.Syn.Abst.642	0	1605	1064	122	559
SP.Syn.Abst.643	1817	3965	2753	1536	3428
SP.Syn.Abst.644	1510	2212	1655	1304	126
SP.Syn.Abst.645	1166	870	788	930	1586
SP.Syn.Abst.646	0	2011	1375	166	612
SP.Syn.Abst.647	2983	2749	2210	2278	769
SP.Syn.Abst.648	3084	2833	2224	2232	680
SP.Syn.Abst.649	1858	1421	1161	1372	1242
SP.Syn.Abst.650	1718	1943	1531	1278	348
SP.Syn.Abst.651	2619	1656	1402	1846	1517
SP.Syn.Abst.652	2587	2912	2179	2048	767
SP.Syn.Abst.653	1625	1352	1158	1246	628
SP.Syn.Abst.654	812	3991	2805	1030	610
SP.Syn.Abst.655	2734	1680	1482	1922	891
SP.Syn.Abst.656	1038	4371	3047	1173	714
SP.Syn.Abst.657	978	1177	880	798	758
SP.Syn.Abst.658	3372	6159	4578	2856	963
SP.Syn.Abst.659	813	2206	1527	717	1125
SP.Syn.Abst.660	1743	1148	890	1271	1404
SP.Syn.Abst.661	3160	1426	1288	2179	835
SP.Syn.Abst.662	1425	5658	4015	1553	468
SP.Syn.Abst.663	2377	1944	1601	1733	1924
SP.Syn.Abst.664	2066	1313	1199	1510	742
SP.Syn.Abst.665	2540	1191	1076	1771	428
SP.Syn.Abst.666	1746	1273	1107	1258	269
SP.Syn.Abst.667	1380	3832	2633	1274	2533
SP.Syn.Abst.668	1421	551	643	890	290
SP.Syn.Abst.669	3377	4588	3370	2729	535
SP.Syn.Abst.670	855	3527	2483	964	1010
SP.Syn.Abst.671	1299	2357	1823	1105	936
SP.Syn.Abst.672	2129	7341	5161	2203	946
SP.Syn.Abst.673	2144	3237	2403	1724	466
SP.Syn.Abst.674	1224	3289	2277	1102	583
SP.Syn.Abst.675	2283	2785	2151	1776	512
SP.Syn.Abst.676	2061	820	705	1436	1024
SP.Syn.Abst.677	3266	2330	1935	2294	1305
SP.Syn.Abst.678	5296	3062	2628	3891	155
SP.Syn.Abst.679	3089	2144	1703	2249	1041
SP.Syn.Abst.680	2219	2558	1887	1772	1090
SP.Syn.Abst.681	2816	1660	1472	1997	586
SP.Syn.Abst.682	3036	1212	1156	2079	474
SP.Syn.Abst.683	1862	1593	1203	1377	404
SP.Syn.Abst.684	2133	1782	1530	1583	96
SP.Syn.Abst.685	921	2436	1719	843	767
SP.Syn.Abst.686	5641	2231	2241	3925	477
SP.Syn.Abst.687	2329	2900	2105	1749	1915
SP.Syn.Abst.688	2966	1487	1335	2048	1505
SP.Syn.Abst.689	2971	2951	2093	2094	6254
SP.Syn.Abst.690	2437	3008	2280	1745	567
SP.Syn.Abst.691	2172	7054	5035	2064	1513
SP.Syn.Abst.692	1689	2125	1647	1274	122
SP.Syn.Abst.693	1827	833	814	1232	158
SP.Syn.Abst.694	1606	4417	3023	1429	3787
SP.Syn.Abst.695	3806	3875	3073	3004	319
SP.Syn.Abst.696	6991	3090	2796	4749	2328
SP.Syn.Abst.697	890	7543	5083	1414	1134
SP.Syn.Abst.698	3106	5472	4058	2630	630
SP.Syn.Abst.699	3734	2587	2114	2720	968
SP.Syn.Abst.700	1581	1420	1093	1131	440
SP.Syn.Abst.701	2083	3147	2331	1706	1079
SP.Syn.Abst.702	1131	1653	1185	832	1155
SP.Syn.Abst.703	1249	2413	1575	966	591
SP.Syn.Abst.704	4428	792	1130	2892	1347
SP.Syn.Abst.705	1377	964	756	1000	2084
SP.Syn.Abst.706	2552	973	898	1800	813
SP.Syn.Abst.707	1668	909	744	1230	1598
SP.Syn.Abst.708	1892	768	707	1270	549
SP.Syn.Abst.709	5303	2827	2277	3681	4746
SP.Syn.Abst.710	740	4759	3216	1054	1280
SP.Syn.Abst.711	1885	2986	2089	1520	970
SP.Syn.Abst.712	2443	2291	1823	1874	368
SP.Syn.Abst.713	1754	2700	1959	1413	2115
SP.Syn.Abst.714	844	811	566	527	2193
SP.Syn.Abst.715	3384	1898	1605	2257	1794
SP.Syn.Abst.716	3437	2629	2159	2503	981
SP.Syn.Abst.717	2117	3712	2578	1780	2871
SP.Syn.Abst.718	1287	6231	4358	1568	986
SP.Syn.Abst.719	1477	1488	1203	1152	353
SP.Syn.Abst.720	2263	1190	949	1507	1820
SP.Syn.Abst.721	2669	1496	1291	1847	1065
SP.Syn.Abst.722	2744	2097	1708	2024	110
SP.Syn.Abst.723	2883	3342	2620	2232	741
SP.Syn.Abst.724	2526	3592	2704	2035	662
SP.Syn.Abst.725	3405	2699	2214	2458	1093
SP.Syn.Abst.726	1640	1945	1458	1232	1532
SP.Syn.Abst.727	1685	1482	1204	1298	328
SP.Syn.Abst.728	2877	2405	1995	2086	728
SP.Syn.Abst.729	1883	11875	8186	2416	1351
SP.Syn.Abst.730	1659	1208	1014	1229	426
SP.Syn.Abst.731	3263	1068	1018	2111	951
SP.Syn.Abst.732	1788	1704	1285	1425	379
SP.Syn.Abst.733	1672	1083	950	1265	809
SP.Syn.Abst.734	4797	645	1000	3244	296
SP.Syn.Abst.735	985	644	573	775	1575
SP.Syn.Abst.736	1926	5214	3735	1750	1211
SP.Syn.Abst.737	2446	2571	1972	1841	964
SP.Syn.Abst.738	1479	2152	1477	1150	1096
SP.Syn.Abst.739	2127	4382	3124	1734	3440
SP.Syn.Abst.740	3404	1594	1420	2409	1989
SP.Syn.Abst.741	1897	1492	1176	1414	390
SP.Syn.Abst.742	594	2698	1908	623	1473
SP.Syn.Abst.743	2291	3577	2588	1943	1031
SP.Syn.Abst.744	4895	2791	2367	3537	1933
SP.Syn.Abst.745	2826	1727	1442	2015	2618
SP.Syn.Abst.746	6034	2088	2146	4175	331
SP.Syn.Abst.747	3050	1788	1562	2149	86
SP.Syn.Abst.748	2732	1776	1511	1972	863
SP.Syn.Abst.749	0	1977	1309	14	1112
SP.Syn.Abst.750	2724	1110	971	1910	1128
SP.Syn.Abst.751	731	2054	1360	722	2368
SP.Syn.Abst.752	1357	1257	1024	1061	803
SP.Syn.Abst.753	1405	2339	1627	1132	546
SP.Syn.Abst.754	1900	6500	4685	1926	743
SP.Syn.Abst.755	4078	1533	1377	2883	1000
SP.Syn.Abst.756	2724	2560	1999	2112	1429
SP.Syn.Abst.757	1159	1387	1089	772	531
SP.Syn.Abst.758	2596	872	887	1667	1251
SP.Syn.Abst.759	2123	3382	2437	1622	2192
SP.Syn.Abst.760	1181	60	218	667	650
SP.Syn.Abst.761	2681	5555	4048	2337	328
SP.Syn.Abst.762	2337	6485	4699	2191	513
SP.Syn.Abst.763	3250	3423	2648	2315	1200
SP.Syn.Abst.764	1557	45	172	999	154
SP.Syn.Abst.765	3360	2339	1951	2389	836
SP.Syn.Abst.766	2591	1489	1315	1919	948
SP.Syn.Abst.767	489	926	657	339	3540
SP.Syn.Abst.768	2743	1506	1270	1843	2308
SP.Syn.Abst.769	2485	1906	1458	1762	330
SP.Syn.Abst.770	3349	964	1080	2191	1083
SP.Syn.Abst.771	6527	3244	2914	4572	486
SP.Syn.Abst.772	2309	1035	899	1618	571
SP.Syn.Abst.773	2613	3290	2450	1936	1885
SP.Syn.Abst.774	1912	1672	1248	1410	1569
SP.Syn.Abst.775	4237	1500	1452	2851	48
SP.Syn.Abst.776	1940	1786	1353	1319	769
SP.Syn.Abst.777	873	1564	1173	819	384
SP.Syn.Abst.778	2164	4262	3086	1911	579
SP.Syn.Abst.779	1508	1743	1365	1055	693
SP.Syn.Abst.780	2147	4093	2978	1922	814
SP.Syn.Abst.781	8235	2855	2571	5474	8493
SP.Syn.Abst.782	1198	684	473	955	2844
SP.Syn.Abst.783	950	6498	4461	1279	2060
SP.Syn.Abst.784	3205	1694	1448	2194	1079
SP.Syn.Abst.785	5593	1086	1306	3733	623
SP.Syn.Abst.786	1695	3649	2716	1471	1116
SP.Syn.Abst.787	2921	879	887	1939	251
SP.Syn.Abst.788	1678	5124	3626	1615	1059
SP.Syn.Abst.789	5514	3883	3198	3924	411
SP.Syn.Abst.790	1211	209	215	783	2182
SP.Syn.Abst.791	2085	3377	2468	1638	1488
SP.Syn.Abst.792	1480	3545	2555	1346	575
SP.Syn.Abst.793	7093	1446	1757	4664	920
SP.Syn.Abst.794	1615	5309	3708	1636	600
SP.Syn.Abst.795	2844	3612	2667	2215	2528
SP.Syn.Abst.796	3102	5030	3664	2556	2116
SP.Syn.Abst.797	1319	1588	1236	1053	785
SP.Syn.Abst.798	1602	2441	1734	1224	5286
SP.Syn.Abst.799	2833	115	325	1801	622
SP.Syn.Abst.800	4215	1525	1381	2917	1207
SP.Syn.Abst.801	714	2231	1544	743	575
SP.Syn.Abst.802	2397	1565	1412	1749	519
SP.Syn.Abst.803	2192	1863	1589	1612	844
SP.Syn.Abst.804	1333	2711	1851	1198	682
SP.Syn.Abst.805	2364	1384	1218	1745	387
SP.Syn.Abst.806	5322	3282	2716	3741	866
SP.Syn.Abst.807	1305	3600	2529	1184	1412
SP.Syn.Abst.808	1609	1464	1127	1240	359
SP.Syn.Abst.809	1497	3767	2703	1379	670
SP.Syn.Abst.810	1398	4264	3019	1343	2264
SP.Syn.Abst.811	2341	3307	2526	1773	732
SP.Syn.Abst.812	1232	1500	1234	918	1181
SP.Syn.Abst.813	1182	5118	3478	1260	1162
SP.Syn.Abst.814	2127	2674	1983	1751	457
SP.Syn.Abst.815	2752	3313	2525	2155	1307
SP.Syn.Abst.816	1144	3506	2441	1117	888
SP.Syn.Abst.817	2474	3201	2376	1905	342
SP.Syn.Abst.818	631	2402	1631	619	1127
SP.Syn.Abst.819	2527	4452	3316	2170	706
SP.Syn.Abst.820	1874	3868	2735	1566	3355
SP.Syn.Abst.821	3359	961	1002	2288	755
SP.Syn.Abst.822	4895	1330	1412	3310	754
SP.Syn.Abst.823	779	2057	1436	807	257
SP.Syn.Abst.824	2894	2978	2354	2218	454
SP.Syn.Abst.825	1452	1799	1451	1095	628
SP.Syn.Abst.826	2009	2003	1423	1517	2000
SP.Syn.Abst.827	1607	4817	3410	1544	597
SP.Syn.Abst.828	1556	1590	1123	1122	1458
SP.Syn.Abst.829	2317	3360	2487	1855	1437
SP.Syn.Abst.830	2437	1314	1107	1730	593
SP.Syn.Abst.831	2893	1497	1254	2124	846
SP.Syn.Abst.832	2988	5568	3846	2440	5620
SP.Syn.Abst.833	2603	2950	2242	2024	914
SP.Syn.Abst.834	6929	2222	2273	4745	1054
SP.Syn.Abst.835	5624	1703	1800	3910	925
SP.Syn.Abst.836	853	1469	1048	739	1238
SP.Syn.Abst.837	1847	4142	3154	1565	247
SP.Syn.Abst.838	1302	2591	1913	1030	595
SP.Syn.Abst.839	1958	6864	4795	2017	1077
SP.Syn.Abst.840	4118	2366	1958	2867	966
SP.Syn.Abst.841	2704	1131	1017	1823	1679
SP.Syn.Abst.842	1364	2292	1647	1002	1104
SP.Syn.Abst.843	6896	2633	2509	4837	1253
SP.Syn.Abst.844	3082	462	772	2111	715
SP.Syn.Abst.845	1616	1528	1230	1261	86
SP.Syn.Abst.846	2501	1986	1553	1765	2751
SP.Syn.Abst.847	3952	2416	2011	2832	246
SP.Syn.Abst.848	1038	2317	1639	906	472
SP.Syn.Abst.849	2259	2016	1618	1762	109
SP.Syn.Abst.850	623	1199	956	397	782
SP.Syn.Abst.851	2075	950	916	1535	1329
SP.Syn.Abst.852	5676	3178	2721	4118	1398
SP.Syn.Abst.853	1544	2955	2095	1342	424
SP.Syn.Abst.854	1107	5110	3456	1146	3872
SP.Syn.Abst.855	3038	4860	3570	2455	277
SP.Syn.Abst.856	3591	2613	2241	2666	209
SP.Syn.Abst.857	3396	1474	1276	2299	4026
SP.Syn.Abst.858	1636	764	720	1154	1049
SP.Syn.Abst.859	1881	2144	1586	1350	4147
SP.Syn.Abst.860	3084	1502	1257	2031	3045
SP.Syn.Abst.861	2894	3082	2281	2259	1211
SP.Syn.Abst.862	2346	842	741	1597	381
SP.Syn.Abst.863	2989	58	398	1975	612
SP.Syn.Abst.864	2083	102	292	1265	767
SP.Syn.Abst.865	902	1451	1018	722	1225
SP.Syn.Abst.866	1734	3036	2257	1322	452
SP.Syn.Abst.867	3605	964	1124	2447	684
SP.Syn.Abst.868	1050	2819	2016	857	613
SP.Syn.Abst.869	1742	5594	3845	1707	2408
SP.Syn.Abst.870	808	993	750	563	273
SP.Syn.Abst.871	1318	5049	3567	1397	849
SP.Syn.Abst.872	1455	1647	1316	1072	669
SP.Syn.Abst.873	1258	1600	1109	1098	864
SP.Syn.Abst.874	1987	3819	2722	1680	529
SP.Syn.Abst.875	1065	3205	2359	1073	616
SP.Syn.Abst.876	1794	2828	2030	1495	1142
SP.Syn.Abst.877	1550	1105	1014	1084	327
SP.Syn.Abst.878	2234	7241	5101	2275	1099
SP.Syn.Abst.879	793	3914	2729	881	1832
SP.Syn.Abst.880	3184	1416	1203	2115	2117
SP.Syn.Abst.881	1019	1338	1032	817	1200
SP.Syn.Abst.882	2517	1199	988	1777	2243
SP.Syn.Abst.883	2530	7616	5408	2467	1385
SP.Syn.Abst.884	1857	3105	2262	1572	1057
SP.Syn.Abst.885	5583	1861	1904	3758	866
SP.Syn.Abst.886	1667	7008	4874	1910	2223
SP.Syn.Abst.887	2569	1808	1523	1817	529
SP.Syn.Abst.888	2101	5795	4098	1990	1206
SP.Syn.Abst.889	1638	1553	1182	1224	1073
SP.Syn.Abst.890	2314	1679	1397	1657	368
SP.Syn.Abst.891	2360	6205	4425	2133	855
SP.Syn.Abst.892	1821	1698	1355	1289	563
SP.Syn.Abst.893	3965	1539	1473	2773	58
SP.Syn.Abst.894	1203	1113	862	883	230
SP.Syn.Abst.895	1494	1474	1164	1084	802
SP.Syn.Abst.896	3857	3238	2579	2885	806
SP.Syn.Abst.897	2914	6095	4491	2543	739
SP.Syn.Abst.898	656	117	133	419	1251
SP.Syn.Abst.899	3093	1721	1521	2205	327
SP.Syn.Abst.900	736	2661	1767	712	617
SP.Syn.Abst.901	1722	872	844	1185	1749
SP.Syn.Abst.902	2216	1512	1249	1741	291
SP.Syn.Abst.903	1136	2692	1871	1024	1927
SP.Syn.Abst.904	3188	1242	1095	2120	2115
SP.Syn.Abst.905	1633	1572	1193	1325	555
SP.Syn.Abst.906	6002	3034	2772	4237	388
SP.Syn.Abst.907	1685	1266	1027	1216	1231
SP.Syn.Abst.908	3532	1703	1515	2449	2016
SP.Syn.Abst.909	2504	3972	3020	1987	369
SP.Syn.Abst.910	2854	1081	917	1887	1155
SP.Syn.Abst.911	2060	814	767	1446	268
SP.Syn.Abst.912	2124	7519	5210	2066	4958
SP.Syn.Abst.913	4022	241	566	2648	2383
SP.Syn.Abst.914	2359	2199	1691	1690	472
SP.Syn.Abst.915	4385	1246	1276	2913	719
SP.Syn.Abst.916	3240	4453	3379	2594	460
SP.Syn.Abst.917	2455	934	799	1742	630
SP.Syn.Abst.918	1785	2355	1806	1494	1179
SP.Syn.Abst.919	3851	1282	1137	2532	1407
SP.Syn.Abst.920	1248	2063	1489	1014	125
SP.Syn.Abst.921	1776	4327	3134	1549	776
SP.Syn.Abst.922	2014	2489	1885	1461	1620
SP.Syn.Abst.923	1236	2589	1783	1115	2539
SP.Syn.Abst.924	3445	130	393	2187	699
SP.Syn.Abst.925	2325	1687	1363	1658	395
SP.Syn.Abst.926	4010	3108	2620	2970	163
SP.Syn.Abst.927	5368	4280	3443	3897	611
SP.Syn.Abst.928	3499	7802	5558	3115	917
SP.Syn.Abst.929	1270	1178	797	1052	944
SP.Syn.Abst.930	8427	1499	1939	5563	2992
SP.Syn.Abst.931	1193	1503	1078	930	1750
SP.Syn.Abst.932	3200	3297	2469	2349	589
SP.Syn.Abst.933	2250	3221	2401	1746	594
SP.Syn.Abst.934	5626	1580	1688	3850	290
SP.Syn.Abst.935	1032	1754	1229	798	1002
SP.Syn.Abst.936	3009	7019	5052	2726	1028
SP.Syn.Abst.937	1790	1895	1547	1432	495
SP.Syn.Abst.938	1847	1925	1547	1353	712
SP.Syn.Abst.939	1697	1616	1204	1318	810
SP.Syn.Abst.940	2360	2860	2147	1864	854
SP.Syn.Abst.941	1296	4093	2806	1227	1120
SP.Syn.Abst.942	1957	102	255	1262	866
SP.Syn.Abst.943	1170	2741	1944	1025	984
SP.Syn.Abst.944	2366	2069	1591	1722	697
SP.Syn.Abst.945	2178	1174	993	1484	823
SP.Syn.Abst.946	1406	1176	867	982	882
SP.Syn.Abst.947	899	758	568	673	968
SP.Syn.Abst.948	876	6954	4699	1306	2007
SP.Syn.Abst.949	1853	113	316	1229	1503
SP.Syn.Abst.950	2366	634	708	1520	514
SP.Syn.Abst.951	3064	1165	1037	1999	1298
SP.Syn.Abst.952	2095	3493	2524	1700	862
SP.Syn.Abst.953	817	4443	3103	1019	1333
SP.Syn.Abst.954	1920	2253	1807	1439	119
SP.Syn.Abst.955	2856	1603	1392	1941	444
SP.Syn.Abst.956	2719	2996	2290	1975	1830
SP.Syn.Abst.957	4049	1607	1568	2781	1703
SP.Syn.Abst.958	831	1815	1271	786	1071
SP.Syn.Abst.959	1688	3184	2297	1398	1619
SP.Syn.Abst.960	927	1359	1051	788	486
SP.Syn.Abst.961	2572	6885	4937	2341	1402
SP.Syn.Abst.962	3646	151	412	2309	734
SP.Syn.Abst.963	1014	5559	3785	1208	2478
SP.Syn.Abst.964	6728	2245	2262	4683	1392
SP.Syn.Abst.965	4583	3879	3135	3367	662
SP.Syn.Abst.966	1259	3597	2564	1106	372
SP.Syn.Abst.967	4890	2010	1842	3475	332
SP.Syn.Abst.968	1608	1450	1154	1204	1297
SP.Syn.Abst.969	3100	2479	1938	2197	1193
SP.Syn.Abst.970	1925	1348	993	1329	3033
SP.Syn.Abst.971	4287	3834	3057	3217	1650
SP.Syn.Abst.972	1418	110	160	949	801
SP.Syn.Abst.973	3664	2349	1977	2533	2028
SP.Syn.Abst.974	1455	1694	1331	1184	662
SP.Syn.Abst.975	1029	1335	1096	886	833
SP.Syn.Abst.976	3624	1407	1218	2509	2868
SP.Syn.Abst.977	2186	3125	2428	1742	418
SP.Syn.Abst.978	1720	2234	1616	1308	1588
SP.Syn.Abst.979	6053	2366	2164	4145	1558
SP.Syn.Abst.980	1798	3619	2602	1619	588
SP.Syn.Abst.981	1779	1906	1458	1342	1772
SP.Syn.Abst.982	827	4201	2894	1032	597
SP.Syn.Abst.983	2021	4895	3461	1883	683
SP.Syn.Abst.984	1587	2751	2062	1356	1124
SP.Syn.Abst.985	3601	4017	3095	2760	503
SP.Syn.Abst.986	3175	1518	1319	2168	665
SP.Syn.Abst.987	3541	3875	2935	2742	819
SP.Syn.Abst.988	1760	3057	2176	1428	1306
SP.Syn.Abst.989	0	2133	1434	263	365
SP.Syn.Abst.990	2443	4149	2931	2022	1354
SP.Syn.Abst.991	2305	2134	1562	1760	1432
SP.Syn.Abst.992	1116	1418	1085	832	741
SP.Syn.Abst.993	2740	1223	1196	1872	1448
SP.Syn.Abst.994	2829	2757	2049	2053	1009
SP.Syn.Abst.995	2084	1894	1399	1630	508
SP.Syn.Abst.996	3561	2745	2189	2700	778
SP.Syn.Abst.997	1582	1785	1458	1244	1246
SP.Syn.Abst.998	2342	1273	1053	1651	795
SP.Syn.Abst.999	1095	1721	1158	823	2657
SP.Syn.Abst.1000	1091	4368	3071	1145	662
