Samples	SBS96A	SBS96B	SBS96C	SBS96D	SBS96E
SP.Syn.Abst.1	9.99E+01	8.21E+01	1.16E+02	8.55E+01	2.23E+01
SP.Syn.Abst.2	6.62E+01	9.29E+01	7.81E+01	9.70E+01	2.12E+01
SP.Syn.Abst.3	7.99E+01	7.96E+01	7.37E+01	6.62E+01	3.04E+01
SP.Syn.Abst.4	7.77E+01	7.32E+01	8.97E+01	7.33E+01	2.60E+01
SP.Syn.Abst.5	1.15E+02	1.59E+02	1.40E+02	1.11E+02	3.18E+01
SP.Syn.Abst.6	1.60E+02	7.44E+01	8.68E+01	1.47E+02	3.46E+01
SP.Syn.Abst.7	9.57E+01	1.09E+02	9.73E+01	8.53E+01	3.24E+01
SP.Syn.Abst.8	8.41E+01	8.44E+01	9.84E+01	8.32E+01	1.74E+01
SP.Syn.Abst.9	8.28E+01	5.17E+01	6.06E+01	6.49E+01	4.76E+01
SP.Syn.Abst.10	1.62E+02	1.58E+02	1.43E+02	1.13E+02	4.34E+01
SP.Syn.Abst.11	1.11E+02	1.13E+02	8.70E+01	9.97E+01	2.87E+01
SP.Syn.Abst.12	1.04E+02	9.81E+01	1.26E+02	1.26E+02	6.98E+01
SP.Syn.Abst.13	1.52E+02	1.66E+02	1.43E+02	1.22E+02	2.88E+01
SP.Syn.Abst.14	1.78E+02	1.96E+02	1.59E+02	1.47E+02	2.76E+01
SP.Syn.Abst.15	8.67E+01	9.59E+01	7.86E+01	8.03E+01	3.07E+01
SP.Syn.Abst.16	1.55E+02	7.85E+01	1.08E+02	1.35E+02	2.58E+01
SP.Syn.Abst.17	1.71E+02	2.11E+02	2.07E+02	1.43E+02	1.03E+02
SP.Syn.Abst.18	1.99E+02	1.01E+02	1.09E+02	1.97E+02	5.27E+01
SP.Syn.Abst.19	1.49E+02	1.32E+02	1.12E+02	1.17E+02	3.30E+01
SP.Syn.Abst.20	7.48E+01	7.61E+01	6.93E+01	6.18E+01	2.66E+01
SP.Syn.Abst.21	9.35E+01	1.63E+02	1.31E+02	9.23E+01	2.53E+01
SP.Syn.Abst.22	9.39E+01	1.44E+02	1.12E+02	1.02E+02	2.68E+01
SP.Syn.Abst.23	1.02E+02	1.19E+02	1.14E+02	6.48E+01	3.00E+01
SP.Syn.Abst.24	1.04E+02	2.43E+02	1.94E+02	1.54E+02	4.50E+01
SP.Syn.Abst.25	1.44E+02	1.07E+02	1.16E+02	1.40E+02	3.64E+01
SP.Syn.Abst.26	1.97E+02	8.69E+01	1.36E+02	1.68E+02	2.41E+01
SP.Syn.Abst.27	7.68E+01	1.18E+02	1.13E+02	8.58E+01	3.58E+01
SP.Syn.Abst.28	6.82E+01	1.46E+02	1.33E+02	1.13E+02	2.51E+01
SP.Syn.Abst.29	1.26E+02	1.16E+02	1.21E+02	1.20E+02	8.69E+01
SP.Syn.Abst.30	2.00E+02	4.69E+01	1.04E+02	1.98E+02	1.51E+01
SP.Syn.Abst.31	4.09E+02	1.73E+02	2.27E+02	3.63E+02	4.10E+01
SP.Syn.Abst.32	2.68E+02	1.95E+02	1.73E+02	2.56E+02	4.51E+01
SP.Syn.Abst.33	1.66E+02	1.09E+02	1.15E+02	1.50E+02	1.56E+01
SP.Syn.Abst.34	2.93E+02	3.21E+02	2.71E+02	1.98E+02	5.22E+01
SP.Syn.Abst.35	1.05E+02	1.52E+02	1.28E+02	1.16E+02	5.76E+01
SP.Syn.Abst.36	1.64E+02	1.78E+02	1.63E+02	1.50E+02	5.87E+01
SP.Syn.Abst.37	1.19E+02	9.94E+01	1.02E+02	9.84E+01	2.15E+01
SP.Syn.Abst.38	1.30E+02	1.66E+02	1.50E+02	1.23E+02	2.90E+01
SP.Syn.Abst.39	1.57E+02	1.27E+02	1.20E+02	1.43E+02	3.25E+01
SP.Syn.Abst.40	1.74E+02	1.08E+02	1.15E+02	1.79E+02	2.78E+01
SP.Syn.Abst.41	1.35E+02	1.01E+02	1.03E+02	1.05E+02	3.06E+01
SP.Syn.Abst.42	8.96E+00	5.82E+01	5.02E+01	3.98E+01	2.04E+01
SP.Syn.Abst.43	1.25E+02	1.58E+02	1.25E+02	1.20E+02	2.52E+01
SP.Syn.Abst.44	1.28E+02	1.94E+02	1.72E+02	1.44E+02	2.77E+01
SP.Syn.Abst.45	1.80E+02	2.33E+02	1.93E+02	1.69E+02	4.59E+01
SP.Syn.Abst.46	8.78E+01	1.03E+02	8.66E+01	8.58E+01	2.36E+01
SP.Syn.Abst.47	1.40E+02	9.80E+01	1.09E+02	1.28E+02	2.94E+01
SP.Syn.Abst.48	1.29E+02	1.35E+02	1.12E+02	1.34E+02	4.84E+01
SP.Syn.Abst.49	7.78E+01	6.35E+01	7.18E+01	8.80E+01	3.77E+01
SP.Syn.Abst.50	1.19E+02	1.29E+02	1.32E+02	1.13E+02	2.96E+01
SP.Syn.Abst.51	1.40E+02	7.51E+01	9.51E+01	1.34E+02	2.67E+01
SP.Syn.Abst.52	1.39E+02	1.38E+02	1.26E+02	1.00E+02	3.26E+01
SP.Syn.Abst.53	8.77E+01	1.31E+02	1.39E+02	1.07E+02	5.41E+01
SP.Syn.Abst.54	7.93E+01	1.43E+02	1.02E+02	1.05E+02	3.50E+01
SP.Syn.Abst.55	1.42E+02	1.33E+02	1.32E+02	1.41E+02	7.08E+01
SP.Syn.Abst.56	2.35E+02	1.18E+02	1.14E+02	2.02E+02	3.18E+01
SP.Syn.Abst.57	1.12E+02	2.18E+02	1.86E+02	1.32E+02	3.56E+01
SP.Syn.Abst.58	1.99E+02	8.20E+01	1.23E+02	1.58E+02	3.57E+01
SP.Syn.Abst.59	2.00E+02	1.13E+02	1.76E+02	2.12E+02	7.51E+01
SP.Syn.Abst.60	1.14E+02	1.52E+02	1.40E+02	1.09E+02	5.06E+01
SP.Syn.Abst.61	2.38E+02	1.41E+02	1.50E+02	1.91E+02	4.12E+01
SP.Syn.Abst.62	1.50E+02	2.02E+02	1.65E+02	1.33E+02	6.36E+01
SP.Syn.Abst.63	1.16E+02	1.68E+02	1.46E+02	1.26E+02	2.70E+01
SP.Syn.Abst.64	2.00E+02	1.29E+02	1.55E+02	1.79E+02	3.08E+01
SP.Syn.Abst.65	5.99E+01	1.02E+02	7.52E+01	8.48E+01	2.87E+01
SP.Syn.Abst.66	7.62E+01	1.06E+02	8.09E+01	8.73E+01	1.96E+01
SP.Syn.Abst.67	7.35E+01	1.81E+02	1.71E+02	9.11E+01	2.41E+01
SP.Syn.Abst.68	4.45E+02	1.95E+02	2.59E+02	4.08E+02	2.93E+01
SP.Syn.Abst.69	1.85E+02	2.10E+02	1.80E+02	1.39E+02	3.89E+01
SP.Syn.Abst.70	7.30E+01	1.49E+02	1.45E+02	8.96E+01	2.12E+01
SP.Syn.Abst.71	1.71E+02	1.26E+02	1.19E+02	1.44E+02	3.69E+01
SP.Syn.Abst.72	1.80E+02	3.71E+02	2.93E+02	2.14E+02	4.44E+01
SP.Syn.Abst.73	7.46E+01	8.42E+01	9.01E+01	6.69E+01	2.53E+01
SP.Syn.Abst.74	1.00E+02	1.11E+02	9.55E+01	1.13E+02	5.36E+01
SP.Syn.Abst.75	8.28E+01	1.65E+02	1.39E+02	1.09E+02	3.43E+01
SP.Syn.Abst.76	1.66E+02	9.11E+01	1.15E+02	1.60E+02	2.16E+01
SP.Syn.Abst.77	1.44E+02	8.98E+01	1.20E+02	1.33E+02	2.20E+01
SP.Syn.Abst.78	1.71E+02	1.06E+02	9.86E+01	1.37E+02	3.32E+01
SP.Syn.Abst.79	1.62E+02	2.37E+02	1.53E+02	1.19E+02	4.92E+01
SP.Syn.Abst.80	2.33E+02	1.55E+02	1.54E+02	1.89E+02	2.12E+01
SP.Syn.Abst.81	8.35E+01	1.24E+02	1.03E+02	8.76E+01	3.11E+01
SP.Syn.Abst.82	1.52E+02	4.57E+01	8.12E+01	1.56E+02	2.32E+01
SP.Syn.Abst.83	1.31E+02	1.62E+02	1.51E+02	1.11E+02	3.01E+01
SP.Syn.Abst.84	7.09E+01	1.25E+02	1.07E+02	8.27E+01	3.29E+01
SP.Syn.Abst.85	1.25E+02	1.20E+02	1.09E+02	1.29E+02	7.56E+01
SP.Syn.Abst.86	1.71E+02	1.24E+02	8.23E+01	1.38E+02	3.45E+01
SP.Syn.Abst.87	7.91E+01	2.38E+02	2.01E+02	1.15E+02	3.73E+01
SP.Syn.Abst.88	1.87E+02	2.72E+02	2.30E+02	1.71E+02	3.04E+01
SP.Syn.Abst.89	1.21E+02	3.20E+02	2.79E+02	1.98E+02	3.81E+01
SP.Syn.Abst.90	8.49E+01	6.31E+01	7.57E+01	9.58E+01	3.14E+01
SP.Syn.Abst.91	7.13E+01	6.52E+01	6.83E+01	6.90E+01	2.85E+01
SP.Syn.Abst.92	9.33E+01	9.79E+01	7.35E+01	9.23E+01	2.09E+01
SP.Syn.Abst.93	6.81E+01	7.71E+01	6.84E+01	6.50E+01	2.79E+01
SP.Syn.Abst.94	7.71E+01	1.18E+02	1.23E+02	7.07E+01	3.06E+01
SP.Syn.Abst.95	2.72E+02	2.22E+02	1.73E+02	1.99E+02	4.55E+01
SP.Syn.Abst.96	9.07E+01	9.68E+01	1.09E+02	1.03E+02	4.12E+01
SP.Syn.Abst.97	1.24E+02	1.34E+02	1.17E+02	1.21E+02	2.05E+01
SP.Syn.Abst.98	2.23E+02	1.86E+02	1.76E+02	1.97E+02	2.72E+01
SP.Syn.Abst.99	1.37E+02	1.48E+02	1.41E+02	1.02E+02	3.40E+01
SP.Syn.Abst.100	1.43E+02	1.81E+02	1.30E+02	1.47E+02	2.52E+01
SP.Syn.Abst.101	7.89E+01	9.29E+01	1.10E+02	8.59E+01	5.65E+01
SP.Syn.Abst.102	9.52E+01	6.57E+01	6.56E+01	1.17E+02	3.93E+01
SP.Syn.Abst.103	1.12E+02	1.14E+02	9.84E+01	1.07E+02	2.88E+01
SP.Syn.Abst.104	1.15E+02	1.18E+02	1.01E+02	1.00E+02	1.52E+01
SP.Syn.Abst.105	1.19E+02	2.08E+02	1.62E+02	1.19E+02	3.42E+01
SP.Syn.Abst.106	7.27E+01	3.74E+01	4.26E+01	8.33E+01	2.06E+01
SP.Syn.Abst.107	1.02E+02	1.21E+02	1.03E+02	9.45E+01	2.24E+01
SP.Syn.Abst.108	6.41E+01	2.52E+01	4.07E+01	6.90E+01	2.34E+01
SP.Syn.Abst.109	9.42E+01	8.71E+01	8.12E+01	8.76E+01	1.59E+01
SP.Syn.Abst.110	2.18E+02	8.62E+01	1.06E+02	1.98E+02	2.37E+01
SP.Syn.Abst.111	1.29E+02	1.19E+02	9.58E+01	1.28E+02	3.91E+01
SP.Syn.Abst.112	1.06E+02	9.87E+01	8.22E+01	1.18E+02	4.40E+01
SP.Syn.Abst.113	1.27E+02	6.35E+01	8.77E+01	1.22E+02	3.86E+01
SP.Syn.Abst.114	6.19E+01	1.35E+02	1.21E+02	8.82E+01	2.81E+01
SP.Syn.Abst.115	1.06E+02	1.29E+02	1.29E+02	1.18E+02	3.45E+01
SP.Syn.Abst.116	1.15E+02	8.89E+01	8.63E+01	1.08E+02	2.32E+01
SP.Syn.Abst.117	1.43E+02	1.62E+02	1.25E+02	1.24E+02	3.70E+01
SP.Syn.Abst.118	1.13E+02	6.20E+01	5.84E+01	1.05E+02	2.60E+01
SP.Syn.Abst.119	1.05E+02	1.24E+02	9.92E+01	1.11E+02	4.57E+01
SP.Syn.Abst.120	1.27E+02	7.19E+01	8.96E+01	9.64E+01	2.48E+01
SP.Syn.Abst.121	2.48E+02	2.21E+02	1.84E+02	1.61E+02	4.34E+01
SP.Syn.Abst.122	1.10E+02	5.56E+01	5.05E+01	1.31E+02	3.68E+01
SP.Syn.Abst.123	1.01E+02	1.22E+02	1.45E+02	9.64E+01	6.09E+01
SP.Syn.Abst.124	1.97E+02	9.34E+01	1.00E+02	1.81E+02	3.33E+01
SP.Syn.Abst.125	2.60E+02	3.15E+02	2.15E+02	1.79E+02	5.39E+01
SP.Syn.Abst.126	1.69E+02	2.11E+02	2.08E+02	1.39E+02	3.25E+01
SP.Syn.Abst.127	1.34E+02	1.98E+02	1.64E+02	1.55E+02	3.87E+01
SP.Syn.Abst.128	1.15E+02	9.13E+01	1.02E+02	1.02E+02	2.28E+01
SP.Syn.Abst.129	8.39E+01	7.25E+01	9.23E+01	8.87E+01	3.51E+01
SP.Syn.Abst.130	1.26E+02	1.03E+02	9.70E+01	1.19E+02	2.29E+01
SP.Syn.Abst.131	1.15E+02	7.97E+01	1.03E+02	1.06E+02	3.19E+01
SP.Syn.Abst.132	1.59E+02	2.20E+02	1.68E+02	1.42E+02	4.53E+01
SP.Syn.Abst.133	7.68E+01	9.73E+01	1.03E+02	7.12E+01	2.11E+01
SP.Syn.Abst.134	1.32E+02	1.88E+02	1.64E+02	1.45E+02	2.87E+01
SP.Syn.Abst.135	2.74E+02	1.80E+02	1.82E+02	2.25E+02	2.60E+01
SP.Syn.Abst.136	2.12E+02	1.13E+02	1.13E+02	2.01E+02	2.46E+01
SP.Syn.Abst.137	4.34E+01	4.88E+01	5.34E+01	5.59E+01	2.02E+01
SP.Syn.Abst.138	1.58E+02	2.44E+02	1.79E+02	1.28E+02	4.46E+01
SP.Syn.Abst.139	1.54E+02	1.53E+02	1.24E+02	1.19E+02	3.51E+01
SP.Syn.Abst.140	1.02E+02	4.33E+01	7.26E+01	1.19E+02	2.93E+01
SP.Syn.Abst.141	1.01E+02	8.96E+01	9.72E+01	9.57E+01	3.01E+01
SP.Syn.Abst.142	1.29E+02	1.57E+02	1.71E+02	1.10E+02	3.22E+01
SP.Syn.Abst.143	7.15E+01	2.09E+02	1.88E+02	1.07E+02	3.76E+01
SP.Syn.Abst.144	1.04E+02	1.11E+02	1.07E+02	1.08E+02	1.89E+01
SP.Syn.Abst.145	9.37E+01	1.52E+02	1.35E+02	1.06E+02	3.51E+01
SP.Syn.Abst.146	1.11E+02	1.19E+02	1.19E+02	1.01E+02	2.65E+01
SP.Syn.Abst.147	1.89E+02	1.06E+02	1.32E+02	1.31E+02	2.19E+01
SP.Syn.Abst.148	1.21E+02	1.26E+02	1.16E+02	9.88E+01	2.50E+01
SP.Syn.Abst.149	1.36E+02	1.54E+02	1.47E+02	9.28E+01	3.82E+01
SP.Syn.Abst.150	1.22E+02	1.94E+02	1.49E+02	1.23E+02	2.86E+01
SP.Syn.Abst.151	1.72E+02	1.22E+02	1.07E+02	1.56E+02	3.14E+01
SP.Syn.Abst.152	1.37E+02	2.64E+02	2.28E+02	1.68E+02	4.08E+01
SP.Syn.Abst.153	9.79E+01	4.46E+01	5.44E+01	1.03E+02	3.17E+01
SP.Syn.Abst.154	3.47E+02	5.26E+02	3.58E+02	2.82E+02	1.00E+02
SP.Syn.Abst.155	1.75E+02	1.38E+02	1.51E+02	1.52E+02	3.42E+01
SP.Syn.Abst.156	7.96E+01	9.47E+01	1.09E+02	8.80E+01	4.24E+01
SP.Syn.Abst.157	1.19E+02	1.05E+02	8.88E+01	1.15E+02	3.13E+01
SP.Syn.Abst.158	2.32E+02	1.36E+02	1.65E+02	2.31E+02	3.79E+01
SP.Syn.Abst.159	1.30E+02	2.56E+02	1.94E+02	1.45E+02	4.18E+01
SP.Syn.Abst.160	7.17E+01	8.52E+01	1.03E+02	9.88E+01	5.04E+01
SP.Syn.Abst.161	8.81E+01	1.99E+02	1.98E+02	1.33E+02	5.19E+01
SP.Syn.Abst.162	9.69E+01	8.43E+01	9.99E+01	7.39E+01	5.10E+01
SP.Syn.Abst.163	1.70E+02	2.00E+02	1.48E+02	1.44E+02	2.94E+01
SP.Syn.Abst.164	1.85E+02	1.40E+02	1.29E+02	1.70E+02	2.35E+01
SP.Syn.Abst.165	8.62E+01	9.60E+01	9.86E+01	1.02E+02	3.17E+01
SP.Syn.Abst.166	9.78E+01	2.17E+02	1.83E+02	1.41E+02	3.05E+01
SP.Syn.Abst.167	1.85E+02	1.03E+02	1.04E+02	1.63E+02	2.42E+01
SP.Syn.Abst.168	1.05E+02	1.05E+02	1.01E+02	1.07E+02	3.05E+01
SP.Syn.Abst.169	8.49E+01	3.59E+01	5.76E+01	8.77E+01	2.85E+01
SP.Syn.Abst.170	1.15E+02	1.04E+02	9.43E+01	1.13E+02	1.70E+01
SP.Syn.Abst.171	1.23E+02	9.37E+01	1.07E+02	1.11E+02	3.55E+01
SP.Syn.Abst.172	8.71E+01	8.64E+01	8.02E+01	5.78E+01	2.38E+01
SP.Syn.Abst.173	1.55E+02	1.09E+02	1.20E+02	1.38E+02	2.94E+01
SP.Syn.Abst.174	2.01E+02	6.00E+01	1.05E+02	2.20E+02	3.38E+01
SP.Syn.Abst.175	6.93E+01	8.42E+01	9.24E+01	8.88E+01	3.89E+01
SP.Syn.Abst.176	6.90E+01	1.98E+01	3.73E+01	7.23E+01	2.33E+01
SP.Syn.Abst.177	1.66E+02	1.06E+02	1.00E+02	1.63E+02	3.46E+01
SP.Syn.Abst.178	1.41E+02	5.15E+01	9.22E+01	1.42E+02	1.38E+01
SP.Syn.Abst.179	1.43E+02	1.05E+02	9.41E+01	1.10E+02	3.49E+01
SP.Syn.Abst.180	1.71E+02	1.31E+02	1.13E+02	1.31E+02	2.88E+01
SP.Syn.Abst.181	7.95E+01	9.79E+01	1.12E+02	5.60E+01	3.10E+01
SP.Syn.Abst.182	1.26E+02	7.82E+01	7.63E+01	1.29E+02	2.49E+01
SP.Syn.Abst.183	2.21E+02	1.28E+02	1.17E+02	1.82E+02	2.39E+01
SP.Syn.Abst.184	5.07E+01	2.05E+01	3.09E+01	6.17E+01	2.10E+01
SP.Syn.Abst.185	1.77E+02	1.38E+02	1.44E+02	1.56E+02	4.23E+01
SP.Syn.Abst.186	6.30E+01	9.07E+01	9.18E+01	7.60E+01	1.24E+01
SP.Syn.Abst.187	1.42E+02	1.33E+02	1.18E+02	1.16E+02	2.32E+01
SP.Syn.Abst.188	6.80E+01	9.19E+01	9.45E+01	9.04E+01	4.08E+01
SP.Syn.Abst.189	5.79E+01	6.46E+01	6.38E+01	7.56E+01	1.96E+01
SP.Syn.Abst.190	2.20E+02	1.69E+02	1.63E+02	2.02E+02	2.88E+01
SP.Syn.Abst.191	1.11E+02	1.06E+02	8.15E+01	8.38E+01	3.02E+01
SP.Syn.Abst.192	1.16E+02	1.41E+02	1.26E+02	1.20E+02	4.10E+01
SP.Syn.Abst.193	8.99E+01	9.94E+01	9.91E+01	9.84E+01	2.85E+01
SP.Syn.Abst.194	8.29E+01	8.25E+01	9.92E+01	7.22E+01	2.63E+01
SP.Syn.Abst.195	2.15E+02	6.37E+01	1.43E+02	2.46E+02	2.51E+01
SP.Syn.Abst.196	2.68E+02	1.64E+02	1.86E+02	2.21E+02	3.64E+01
SP.Syn.Abst.197	1.10E+02	1.91E+02	1.75E+02	1.12E+02	5.37E+01
SP.Syn.Abst.198	1.60E+02	1.04E+02	1.08E+02	1.62E+02	1.50E+01
SP.Syn.Abst.199	9.08E+01	8.07E+01	9.33E+01	9.36E+01	1.91E+01
SP.Syn.Abst.200	1.21E+02	7.75E+01	8.02E+01	1.07E+02	1.51E+01
SP.Syn.Abst.201	1.05E+02	1.06E+02	1.08E+02	8.34E+01	2.94E+01
SP.Syn.Abst.202	9.44E+01	7.24E+01	9.40E+01	1.04E+02	4.45E+01
SP.Syn.Abst.203	1.77E+02	1.64E+02	1.19E+02	1.77E+02	2.40E+01
SP.Syn.Abst.204	1.04E+02	1.36E+02	1.31E+02	1.06E+02	5.55E+01
SP.Syn.Abst.205	6.30E+01	1.05E+02	9.70E+01	7.32E+01	2.60E+01
SP.Syn.Abst.206	1.52E+02	1.25E+02	1.27E+02	1.43E+02	2.45E+01
SP.Syn.Abst.207	1.72E+02	1.14E+02	8.38E+01	1.61E+02	4.33E+01
SP.Syn.Abst.208	1.18E+02	2.03E+02	1.76E+02	1.32E+02	2.95E+01
SP.Syn.Abst.209	9.58E+01	7.62E+01	7.12E+01	1.06E+02	4.08E+01
SP.Syn.Abst.210	1.55E+02	9.38E+01	1.24E+02	1.40E+02	4.07E+01
SP.Syn.Abst.211	1.14E+02	3.35E+02	2.75E+02	1.92E+02	4.71E+01
SP.Syn.Abst.212	1.28E+02	8.63E+01	9.99E+01	1.35E+02	3.24E+01
SP.Syn.Abst.213	2.16E+02	1.53E+02	1.41E+02	1.86E+02	2.83E+01
SP.Syn.Abst.214	1.01E+02	6.59E+01	5.86E+01	7.91E+01	1.62E+01
SP.Syn.Abst.215	1.19E+02	1.93E+02	1.73E+02	1.21E+02	3.21E+01
SP.Syn.Abst.216	1.60E+02	1.30E+02	1.02E+02	1.61E+02	3.15E+01
SP.Syn.Abst.217	1.74E+02	1.02E+02	1.14E+02	1.87E+02	6.72E+01
SP.Syn.Abst.218	1.83E+02	1.48E+02	1.58E+02	1.59E+02	1.91E+01
SP.Syn.Abst.219	1.83E+01	2.05E+02	1.79E+02	1.02E+02	3.76E+01
SP.Syn.Abst.220	1.40E+02	3.71E+02	3.06E+02	2.51E+02	4.32E+01
SP.Syn.Abst.221	1.33E+02	1.46E+02	1.45E+02	1.18E+02	2.58E+01
SP.Syn.Abst.222	7.92E+01	7.73E+01	9.52E+01	8.74E+01	4.13E+01
SP.Syn.Abst.223	4.27E+01	7.31E+01	6.62E+01	6.01E+01	3.19E+01
SP.Syn.Abst.224	7.32E+01	1.33E+02	1.11E+02	7.09E+01	2.63E+01
SP.Syn.Abst.225	8.44E+01	1.20E+02	1.03E+02	9.42E+01	2.97E+01
SP.Syn.Abst.226	1.47E+02	1.45E+02	1.42E+02	1.20E+02	3.64E+01
SP.Syn.Abst.227	8.39E+01	1.62E+02	1.34E+02	9.94E+01	3.67E+01
SP.Syn.Abst.228	1.15E+02	6.14E+01	7.40E+01	1.27E+02	4.93E+01
SP.Syn.Abst.229	1.37E+02	8.10E+01	9.39E+01	1.13E+02	3.18E+01
SP.Syn.Abst.230	2.51E+02	1.21E+02	1.48E+02	2.19E+02	2.64E+01
SP.Syn.Abst.231	9.02E+01	7.54E+01	6.27E+01	8.18E+01	3.19E+01
SP.Syn.Abst.232	1.76E+02	7.99E+01	9.39E+01	1.58E+02	2.83E+01
SP.Syn.Abst.233	1.16E+02	1.17E+02	1.11E+02	1.06E+02	2.82E+01
SP.Syn.Abst.234	1.75E+02	1.90E+02	1.74E+02	1.45E+02	3.58E+01
SP.Syn.Abst.235	1.42E+02	2.18E+02	2.30E+02	1.45E+02	5.09E+01
SP.Syn.Abst.236	2.40E+02	1.42E+02	1.27E+02	1.77E+02	5.24E+01
SP.Syn.Abst.237	1.40E+02	1.27E+02	1.37E+02	1.29E+02	3.13E+01
SP.Syn.Abst.238	2.15E+02	1.45E+02	1.15E+02	1.88E+02	4.79E+01
SP.Syn.Abst.239	1.19E+02	1.78E+02	1.41E+02	1.14E+02	3.17E+01
SP.Syn.Abst.240	1.47E+02	1.34E+02	1.21E+02	1.23E+02	3.19E+01
SP.Syn.Abst.241	1.01E+02	1.82E+02	1.45E+02	1.16E+02	3.94E+01
SP.Syn.Abst.242	1.15E+02	1.36E+02	1.18E+02	1.15E+02	3.28E+01
SP.Syn.Abst.243	7.88E+01	1.01E+02	9.34E+01	8.19E+01	3.13E+01
SP.Syn.Abst.244	1.91E+02	1.01E+02	1.17E+02	1.57E+02	2.51E+01
SP.Syn.Abst.245	2.36E+02	1.06E+02	1.26E+02	1.88E+02	5.03E+01
SP.Syn.Abst.246	4.13E+02	7.00E+02	5.64E+02	3.61E+02	7.85E+01
SP.Syn.Abst.247	1.18E+02	1.09E+02	8.42E+01	1.29E+02	3.52E+01
SP.Syn.Abst.248	8.89E+01	5.70E+01	5.65E+01	7.88E+01	2.38E+01
SP.Syn.Abst.249	2.60E+02	1.46E+02	1.51E+02	2.45E+02	3.10E+01
SP.Syn.Abst.250	8.14E+01	8.98E+01	9.04E+01	7.59E+01	2.81E+01
SP.Syn.Abst.251	1.69E+02	2.80E+02	2.43E+02	1.24E+02	4.38E+01
SP.Syn.Abst.252	2.32E+02	1.27E+02	1.56E+02	1.94E+02	4.51E+01
SP.Syn.Abst.253	1.47E+02	1.54E+02	1.26E+02	1.15E+02	3.24E+01
SP.Syn.Abst.254	6.53E+01	1.17E+02	1.26E+02	9.27E+01	4.33E+01
SP.Syn.Abst.255	1.08E+02	2.02E+02	1.94E+02	1.29E+02	3.65E+01
SP.Syn.Abst.256	2.01E+02	1.56E+02	1.91E+02	2.03E+02	1.25E+02
SP.Syn.Abst.257	1.12E+02	1.19E+02	1.09E+02	9.10E+01	2.09E+01
SP.Syn.Abst.258	1.12E+02	1.06E+02	9.31E+01	1.11E+02	3.88E+01
SP.Syn.Abst.259	7.42E+01	9.34E+01	8.69E+01	7.42E+01	3.35E+01
SP.Syn.Abst.260	1.37E+02	8.68E+01	8.81E+01	1.22E+02	2.00E+01
SP.Syn.Abst.261	1.21E+02	1.25E+02	1.10E+02	1.16E+02	2.95E+01
SP.Syn.Abst.262	2.08E+02	6.72E+01	1.16E+02	2.13E+02	3.14E+01
SP.Syn.Abst.263	6.24E+01	1.02E+02	1.05E+02	7.63E+01	3.13E+01
SP.Syn.Abst.264	1.72E+02	1.23E+02	1.09E+02	1.81E+02	2.94E+01
SP.Syn.Abst.265	2.10E+01	9.27E+01	9.47E+01	4.93E+01	1.71E+01
SP.Syn.Abst.266	1.64E+02	1.06E+02	1.19E+02	1.29E+02	3.37E+01
SP.Syn.Abst.267	1.60E+02	1.01E+02	1.11E+02	1.38E+02	1.89E+01
SP.Syn.Abst.268	1.36E+02	1.34E+02	1.20E+02	8.89E+01	3.80E+01
SP.Syn.Abst.269	7.90E+01	1.14E+02	1.07E+02	7.13E+01	2.60E+01
SP.Syn.Abst.270	2.01E+02	2.11E+02	1.67E+02	2.01E+02	3.96E+01
SP.Syn.Abst.271	1.44E+02	8.42E+01	9.10E+01	1.19E+02	2.51E+01
SP.Syn.Abst.272	1.10E+02	6.63E+01	6.24E+01	1.02E+02	2.33E+01
SP.Syn.Abst.273	1.41E+02	1.28E+02	1.42E+02	9.69E+01	2.76E+01
SP.Syn.Abst.274	1.20E+02	1.09E+02	8.80E+01	8.04E+01	1.82E+01
SP.Syn.Abst.275	1.30E+02	1.64E+02	1.40E+02	1.32E+02	3.48E+01
SP.Syn.Abst.276	3.06E+02	1.24E+02	1.48E+02	2.93E+02	3.14E+01
SP.Syn.Abst.277	6.59E+01	6.21E+01	6.33E+01	5.96E+01	2.81E+01
SP.Syn.Abst.278	1.56E+02	1.28E+02	1.12E+02	1.24E+02	2.98E+01
SP.Syn.Abst.279	5.68E+01	3.52E+01	5.51E+01	6.44E+01	1.41E+01
SP.Syn.Abst.280	1.29E+02	9.97E+01	8.72E+01	9.98E+01	3.16E+01
SP.Syn.Abst.281	1.33E+02	3.52E+02	3.24E+02	2.30E+02	4.79E+01
SP.Syn.Abst.282	1.95E+02	3.05E+02	2.16E+02	1.85E+02	5.27E+01
SP.Syn.Abst.283	9.28E+01	7.81E+01	8.24E+01	8.67E+01	2.69E+01
SP.Syn.Abst.284	7.35E+01	7.83E+01	8.24E+01	7.90E+01	3.01E+01
SP.Syn.Abst.285	8.71E+01	1.02E+02	1.15E+02	8.32E+01	2.49E+01
SP.Syn.Abst.286	7.16E+01	8.56E+01	8.59E+01	7.12E+01	1.95E+01
SP.Syn.Abst.287	1.20E+02	9.15E+01	1.08E+02	1.21E+02	7.53E+01
SP.Syn.Abst.288	1.63E+02	1.81E+02	2.00E+02	1.53E+02	1.09E+02
SP.Syn.Abst.289	6.75E+01	2.39E+01	4.08E+01	7.34E+01	2.38E+01
SP.Syn.Abst.290	1.15E+02	2.04E+02	1.63E+02	1.26E+02	4.18E+01
SP.Syn.Abst.291	1.51E+02	5.16E+01	8.08E+01	1.65E+02	1.91E+01
SP.Syn.Abst.292	1.02E+02	1.04E+02	9.43E+01	9.11E+01	3.28E+01
SP.Syn.Abst.293	1.51E+02	2.05E+02	1.77E+02	1.51E+02	2.88E+01
SP.Syn.Abst.294	1.42E+02	7.69E+01	8.85E+01	1.47E+02	2.78E+01
SP.Syn.Abst.295	9.38E+01	1.52E+02	1.54E+02	1.44E+02	3.29E+01
SP.Syn.Abst.296	8.65E+01	9.64E+01	8.30E+01	8.19E+01	1.62E+01
SP.Syn.Abst.297	1.71E+02	1.91E+02	1.93E+02	1.50E+02	6.09E+01
SP.Syn.Abst.298	2.58E+02	1.27E+02	1.61E+02	2.11E+02	1.96E+01
SP.Syn.Abst.299	1.15E+02	8.37E+01	9.80E+01	1.02E+02	2.62E+01
SP.Syn.Abst.300	1.34E+02	8.61E+01	1.16E+02	1.51E+02	3.42E+01
SP.Syn.Abst.301	8.38E+01	1.03E+02	1.10E+02	8.66E+01	4.41E+01
SP.Syn.Abst.302	1.84E+02	1.50E+02	1.57E+02	1.55E+02	3.57E+01
SP.Syn.Abst.303	1.30E+02	1.89E+02	1.54E+02	1.51E+02	2.68E+01
SP.Syn.Abst.304	1.20E+02	2.14E+02	2.30E+02	1.38E+02	5.49E+01
SP.Syn.Abst.305	1.51E+02	9.25E+01	1.05E+02	1.27E+02	2.90E+01
SP.Syn.Abst.306	6.27E+01	1.22E+02	1.01E+02	6.31E+01	2.68E+01
SP.Syn.Abst.307	3.29E+02	1.20E+02	1.51E+02	3.03E+02	3.58E+01
SP.Syn.Abst.308	9.90E+01	7.48E+01	7.50E+01	9.07E+01	2.77E+01
SP.Syn.Abst.309	1.40E+02	1.60E+02	1.31E+02	1.42E+02	2.88E+01
SP.Syn.Abst.310	6.17E+01	7.37E+01	7.41E+01	7.24E+01	1.99E+01
SP.Syn.Abst.311	9.23E+01	3.04E+02	2.59E+02	1.60E+02	7.53E+01
SP.Syn.Abst.312	8.18E+01	1.03E+02	1.05E+02	9.21E+01	2.22E+01
SP.Syn.Abst.313	1.44E+02	1.07E+02	9.75E+01	1.26E+02	2.64E+01
SP.Syn.Abst.314	1.28E+02	8.25E+01	9.74E+01	1.26E+02	6.78E+01
SP.Syn.Abst.315	1.48E+02	1.13E+02	1.02E+02	1.38E+02	3.43E+01
SP.Syn.Abst.316	1.81E+02	1.22E+02	1.34E+02	1.45E+02	2.81E+01
SP.Syn.Abst.317	2.26E+02	1.22E+02	1.34E+02	2.28E+02	1.70E+01
SP.Syn.Abst.318	1.20E+02	8.53E+01	1.02E+02	1.08E+02	2.28E+01
SP.Syn.Abst.319	6.75E+01	7.07E+01	5.39E+01	5.87E+01	2.19E+01
SP.Syn.Abst.320	9.64E+01	1.01E+02	9.02E+01	9.23E+01	2.20E+01
SP.Syn.Abst.321	9.44E+01	6.35E+01	8.99E+01	1.14E+02	2.72E+01
SP.Syn.Abst.322	1.82E+02	9.38E+01	1.03E+02	1.55E+02	2.52E+01
SP.Syn.Abst.323	9.03E+01	1.26E+02	1.21E+02	1.09E+02	4.15E+01
SP.Syn.Abst.324	1.43E+02	1.14E+02	1.27E+02	1.37E+02	3.70E+01
SP.Syn.Abst.325	7.78E+01	8.48E+01	9.14E+01	8.07E+01	2.02E+01
SP.Syn.Abst.326	2.36E+02	2.59E+02	2.85E+02	2.25E+02	1.59E+02
SP.Syn.Abst.327	1.01E+02	9.11E+01	9.43E+01	9.29E+01	2.73E+01
SP.Syn.Abst.328	1.57E+02	3.77E+02	3.12E+02	2.21E+02	4.95E+01
SP.Syn.Abst.329	1.30E+02	8.51E+01	1.04E+02	1.14E+02	2.38E+01
SP.Syn.Abst.330	2.59E+02	1.56E+02	1.51E+02	2.18E+02	3.34E+01
SP.Syn.Abst.331	1.37E+02	2.68E+02	1.89E+02	1.40E+02	4.79E+01
SP.Syn.Abst.332	1.76E+02	1.62E+02	1.33E+02	1.36E+02	4.68E+01
SP.Syn.Abst.333	1.97E+02	8.77E+01	9.04E+01	1.69E+02	3.53E+01
SP.Syn.Abst.334	1.43E+02	3.28E+02	2.77E+02	1.91E+02	4.63E+01
SP.Syn.Abst.335	6.03E+01	6.81E+01	7.15E+01	6.85E+01	2.14E+01
SP.Syn.Abst.336	2.39E+02	1.13E+02	1.29E+02	2.20E+02	2.87E+01
SP.Syn.Abst.337	1.46E+02	1.74E+02	1.58E+02	1.42E+02	3.25E+01
SP.Syn.Abst.338	1.21E+02	1.27E+02	1.12E+02	1.25E+02	3.23E+01
SP.Syn.Abst.339	6.84E+01	7.57E+01	8.60E+01	5.09E+01	2.38E+01
SP.Syn.Abst.340	2.52E+02	1.77E+02	1.41E+02	2.05E+02	2.55E+01
SP.Syn.Abst.341	1.47E+02	7.45E+01	9.82E+01	1.42E+02	1.81E+01
SP.Syn.Abst.342	5.97E+01	7.55E+01	6.22E+01	4.69E+01	2.61E+01
SP.Syn.Abst.343	9.42E+01	1.82E+02	1.63E+02	1.13E+02	2.96E+01
SP.Syn.Abst.344	7.05E+01	7.65E+01	8.02E+01	6.29E+01	1.60E+01
SP.Syn.Abst.345	5.55E+01	9.41E+01	9.05E+01	5.95E+01	2.49E+01
SP.Syn.Abst.346	7.85E+01	1.05E+02	9.12E+01	6.98E+01	3.24E+01
SP.Syn.Abst.347	1.22E+02	6.27E+01	6.92E+01	1.37E+02	3.37E+01
SP.Syn.Abst.348	1.02E+02	3.76E+01	5.72E+01	9.09E+01	1.84E+01
SP.Syn.Abst.349	2.82E+02	1.02E+02	2.00E+02	2.49E+02	3.38E+01
SP.Syn.Abst.350	1.47E+02	1.42E+02	1.32E+02	1.54E+02	6.40E+01
SP.Syn.Abst.351	7.19E+01	3.71E+02	3.36E+02	1.99E+02	9.52E+01
SP.Syn.Abst.352	1.43E+02	2.14E+02	1.85E+02	1.18E+02	3.24E+01
SP.Syn.Abst.353	1.82E+02	4.53E+02	3.85E+02	2.80E+02	5.94E+01
SP.Syn.Abst.354	1.71E+02	1.82E+02	1.56E+02	1.31E+02	4.83E+01
SP.Syn.Abst.355	6.35E+01	1.34E+02	1.21E+02	1.01E+02	4.16E+01
SP.Syn.Abst.356	2.01E+02	5.74E+01	9.63E+01	1.84E+02	2.70E+01
SP.Syn.Abst.357	1.80E+02	8.80E+01	1.11E+02	2.01E+02	1.18E+01
SP.Syn.Abst.358	1.45E+02	8.87E+01	9.43E+01	1.41E+02	4.66E+01
SP.Syn.Abst.359	8.70E+01	2.27E+02	2.23E+02	1.27E+02	3.76E+01
SP.Syn.Abst.360	7.67E+01	8.16E+01	8.43E+01	7.40E+01	3.35E+01
SP.Syn.Abst.361	1.17E+02	2.51E+02	2.30E+02	1.66E+02	3.07E+01
SP.Syn.Abst.362	1.23E+02	8.31E+01	8.88E+01	1.35E+02	2.35E+01
SP.Syn.Abst.363	1.23E+02	1.07E+02	1.03E+02	1.11E+02	2.44E+01
SP.Syn.Abst.364	1.40E+02	8.05E+01	9.21E+01	1.28E+02	3.43E+01
SP.Syn.Abst.365	2.45E+02	1.50E+02	1.33E+02	2.09E+02	2.71E+01
SP.Syn.Abst.366	1.00E+02	1.00E+02	8.04E+01	1.02E+02	3.71E+01
SP.Syn.Abst.367	2.43E+02	1.74E+02	1.71E+02	1.71E+02	4.42E+01
SP.Syn.Abst.368	7.85E+01	9.81E+01	1.02E+02	9.67E+01	3.18E+01
SP.Syn.Abst.369	6.70E+01	2.96E+01	4.31E+01	8.06E+01	4.02E+01
SP.Syn.Abst.370	1.17E+02	1.42E+02	1.06E+02	9.61E+01	5.38E+01
SP.Syn.Abst.371	1.52E+02	2.77E+02	2.42E+02	1.84E+02	4.70E+01
SP.Syn.Abst.372	7.77E+01	5.85E+01	6.88E+01	8.47E+01	1.92E+01
SP.Syn.Abst.373	8.30E+01	1.40E+02	1.27E+02	8.39E+01	2.20E+01
SP.Syn.Abst.374	1.17E+02	1.42E+02	1.17E+02	1.09E+02	5.77E+01
SP.Syn.Abst.375	1.12E+02	1.08E+02	8.82E+01	8.79E+01	2.69E+01
SP.Syn.Abst.376	1.17E+02	1.91E+02	1.56E+02	1.19E+02	3.42E+01
SP.Syn.Abst.377	1.78E+02	7.61E+01	1.02E+02	1.70E+02	3.75E+01
SP.Syn.Abst.378	1.03E+02	1.38E+02	1.04E+02	1.07E+02	3.85E+01
SP.Syn.Abst.379	1.86E+02	2.55E+02	1.96E+02	1.67E+02	5.61E+01
SP.Syn.Abst.380	1.28E+02	2.44E+02	1.94E+02	1.46E+02	4.48E+01
SP.Syn.Abst.381	9.76E+01	1.35E+02	1.17E+02	9.49E+01	3.34E+01
SP.Syn.Abst.382	7.85E+01	1.12E+02	9.62E+01	8.37E+01	3.51E+01
SP.Syn.Abst.383	6.43E+01	8.58E+01	7.89E+01	6.04E+01	2.16E+01
SP.Syn.Abst.384	1.35E+02	1.53E+02	1.25E+02	1.13E+02	3.40E+01
SP.Syn.Abst.385	1.94E+02	2.11E+02	1.98E+02	1.67E+02	5.02E+01
SP.Syn.Abst.386	1.54E+02	1.53E+02	1.36E+02	1.62E+02	3.97E+01
SP.Syn.Abst.387	1.43E+02	3.53E+02	3.01E+02	1.34E+02	1.03E+02
SP.Syn.Abst.388	2.11E+02	2.15E+02	2.00E+02	2.29E+02	6.80E+01
SP.Syn.Abst.389	1.16E+02	8.07E+01	9.64E+01	1.17E+02	2.16E+01
SP.Syn.Abst.390	9.85E+01	7.98E+01	8.10E+01	1.07E+02	1.53E+01
SP.Syn.Abst.391	1.49E+02	9.20E+01	1.09E+02	1.48E+02	3.17E+01
SP.Syn.Abst.392	2.02E+02	2.01E+02	1.51E+02	1.57E+02	3.85E+01
SP.Syn.Abst.393	7.44E+01	9.03E+01	7.70E+01	7.49E+01	2.18E+01
SP.Syn.Abst.394	7.68E+01	1.18E+02	8.90E+01	8.12E+01	3.97E+01
SP.Syn.Abst.395	1.38E+02	6.44E+01	9.84E+01	1.36E+02	6.82E+01
SP.Syn.Abst.396	9.16E+01	8.82E+01	7.77E+01	1.05E+02	3.15E+01
SP.Syn.Abst.397	8.41E+01	1.15E+02	1.21E+02	7.78E+01	3.01E+01
SP.Syn.Abst.398	1.13E+02	8.96E+01	7.13E+01	9.86E+01	2.79E+01
SP.Syn.Abst.399	1.64E+02	1.48E+02	1.34E+02	1.47E+02	3.38E+01
SP.Syn.Abst.400	2.31E+02	4.12E+02	3.76E+02	2.06E+02	4.72E+01
SP.Syn.Abst.401	7.65E+01	1.51E+02	1.30E+02	9.88E+01	2.06E+01
SP.Syn.Abst.402	1.20E+02	1.53E+02	1.54E+02	1.20E+02	2.55E+01
SP.Syn.Abst.403	2.99E+02	1.82E+02	1.66E+02	2.55E+02	3.73E+01
SP.Syn.Abst.404	1.70E+02	1.39E+02	1.59E+02	1.57E+02	6.37E+01
SP.Syn.Abst.405	6.96E+01	1.23E+02	1.19E+02	8.16E+01	3.03E+01
SP.Syn.Abst.406	1.55E+02	1.17E+02	1.45E+02	1.44E+02	3.77E+01
SP.Syn.Abst.407	1.30E+02	2.41E+02	2.23E+02	1.54E+02	3.64E+01
SP.Syn.Abst.408	1.71E+02	1.51E+02	1.10E+02	1.25E+02	3.53E+01
SP.Syn.Abst.409	9.45E+01	1.16E+02	7.27E+01	1.06E+02	2.16E+01
SP.Syn.Abst.410	1.05E+02	1.02E+02	7.88E+01	1.11E+02	4.88E+01
SP.Syn.Abst.411	1.71E+02	1.56E+02	1.45E+02	1.07E+02	3.81E+01
SP.Syn.Abst.412	1.52E+02	8.97E+01	9.06E+01	1.28E+02	2.82E+01
SP.Syn.Abst.413	1.38E+02	1.16E+02	9.71E+01	1.27E+02	3.31E+01
SP.Syn.Abst.414	1.31E+02	4.54E+01	7.12E+01	1.25E+02	2.16E+01
SP.Syn.Abst.415	9.54E+01	9.37E+01	7.96E+01	9.26E+01	2.39E+01
SP.Syn.Abst.416	5.07E+01	9.93E+01	9.08E+01	5.08E+01	3.43E+01
SP.Syn.Abst.417	1.11E+02	1.22E+02	9.91E+01	1.06E+02	3.18E+01
SP.Syn.Abst.418	1.03E+02	1.53E+02	1.66E+02	1.24E+02	8.01E+01
SP.Syn.Abst.419	1.24E+02	2.08E+02	2.03E+02	1.18E+02	4.58E+01
SP.Syn.Abst.420	1.99E+02	1.42E+02	1.33E+02	2.17E+02	3.56E+01
SP.Syn.Abst.421	1.58E+02	1.72E+02	1.72E+02	1.47E+02	8.93E+01
SP.Syn.Abst.422	2.47E+02	1.16E+02	1.24E+02	2.03E+02	2.99E+01
SP.Syn.Abst.423	1.09E+02	1.14E+02	1.00E+02	9.29E+01	3.52E+01
SP.Syn.Abst.424	1.49E+02	6.72E+01	7.49E+01	1.48E+02	2.56E+01
SP.Syn.Abst.425	8.61E+01	8.33E+01	9.01E+01	9.75E+01	4.05E+01
SP.Syn.Abst.426	1.02E+02	9.84E+01	1.02E+02	9.19E+01	2.62E+01
SP.Syn.Abst.427	1.23E+02	3.13E+01	5.45E+01	1.22E+02	4.47E+00
SP.Syn.Abst.428	3.34E+02	3.43E+02	2.79E+02	2.33E+02	4.45E+01
SP.Syn.Abst.429	1.14E+02	8.46E+01	7.74E+01	1.08E+02	3.49E+01
SP.Syn.Abst.430	6.93E+01	3.48E+01	4.52E+01	8.84E+01	2.74E+01
SP.Syn.Abst.431	8.62E+01	7.49E+01	8.34E+01	7.76E+01	4.96E+01
SP.Syn.Abst.432	8.75E+01	3.70E+01	5.23E+01	9.67E+01	3.00E+01
SP.Syn.Abst.433	1.35E+02	1.75E+02	1.63E+02	1.13E+02	3.50E+01
SP.Syn.Abst.434	9.62E+01	8.02E+01	8.14E+01	9.89E+01	4.92E+01
SP.Syn.Abst.435	1.11E+02	9.82E+01	1.07E+02	1.12E+02	3.49E+01
SP.Syn.Abst.436	1.88E+02	2.11E+02	1.83E+02	1.77E+02	5.32E+01
SP.Syn.Abst.437	8.84E+01	7.52E+01	6.46E+01	9.22E+01	2.11E+01
SP.Syn.Abst.438	1.20E+02	1.19E+02	1.40E+02	1.31E+02	6.52E+01
SP.Syn.Abst.439	1.11E+02	4.32E+01	7.37E+01	1.21E+02	2.50E+01
SP.Syn.Abst.440	5.49E+01	1.04E+02	1.05E+02	7.02E+01	3.13E+01
SP.Syn.Abst.441	1.56E+02	9.24E+01	8.87E+01	1.26E+02	3.92E+01
SP.Syn.Abst.442	1.12E+02	7.94E+01	9.42E+01	1.18E+02	2.44E+01
SP.Syn.Abst.443	1.17E+02	1.74E+02	1.64E+02	1.05E+02	4.08E+01
SP.Syn.Abst.444	1.03E+02	1.04E+02	9.87E+01	9.94E+01	2.16E+01
SP.Syn.Abst.445	2.05E+02	1.69E+02	1.46E+02	1.52E+02	3.36E+01
SP.Syn.Abst.446	1.10E+02	1.14E+02	1.21E+02	1.04E+02	3.18E+01
SP.Syn.Abst.447	1.45E+02	8.13E+01	1.26E+02	1.53E+02	2.58E+01
SP.Syn.Abst.448	5.54E+01	8.62E+01	8.14E+01	7.58E+01	4.66E+01
SP.Syn.Abst.449	6.80E+01	2.23E+02	1.87E+02	1.32E+02	3.07E+01
SP.Syn.Abst.450	1.32E+02	1.27E+02	1.13E+02	1.14E+02	2.70E+01
SP.Syn.Abst.451	1.24E+02	1.87E+02	1.78E+02	1.23E+02	2.61E+01
SP.Syn.Abst.452	1.52E+02	9.17E+01	9.03E+01	1.50E+02	3.07E+01
SP.Syn.Abst.453	1.13E+02	1.48E+02	1.36E+02	8.80E+01	2.57E+01
SP.Syn.Abst.454	9.49E+01	2.44E+02	1.98E+02	1.67E+02	2.54E+01
SP.Syn.Abst.455	2.00E+02	1.09E+02	1.17E+02	1.96E+02	2.04E+01
SP.Syn.Abst.456	1.25E+02	2.00E+02	1.59E+02	1.49E+02	2.80E+01
SP.Syn.Abst.457	9.76E+01	2.00E+02	1.99E+02	8.47E+01	6.81E+01
SP.Syn.Abst.458	9.67E+01	1.21E+02	1.05E+02	7.63E+01	2.73E+01
SP.Syn.Abst.459	9.57E+01	1.22E+02	1.27E+02	1.02E+02	4.60E+01
SP.Syn.Abst.460	1.04E+02	1.54E+02	1.32E+02	1.21E+02	3.00E+01
SP.Syn.Abst.461	1.46E+02	1.26E+02	1.10E+02	1.32E+02	2.76E+01
SP.Syn.Abst.462	1.03E+02	1.48E+02	1.80E+02	1.38E+02	7.00E+01
SP.Syn.Abst.463	1.03E+02	1.26E+02	1.34E+02	1.01E+02	3.27E+01
SP.Syn.Abst.464	6.99E+01	8.08E+01	8.79E+01	9.61E+01	4.05E+01
SP.Syn.Abst.465	1.14E+02	1.16E+02	1.08E+02	1.29E+02	3.19E+01
SP.Syn.Abst.466	2.04E+02	1.76E+02	1.37E+02	1.92E+02	3.71E+01
SP.Syn.Abst.467	1.49E+02	1.38E+02	1.25E+02	1.26E+02	4.17E+01
SP.Syn.Abst.468	6.59E+01	1.69E+02	1.60E+02	9.14E+01	2.94E+01
SP.Syn.Abst.469	8.06E+01	3.43E+01	4.64E+01	8.29E+01	5.83E+00
SP.Syn.Abst.470	2.49E+02	2.94E+02	2.24E+02	1.84E+02	3.35E+01
SP.Syn.Abst.471	9.00E+01	1.89E+02	1.54E+02	1.32E+02	5.26E+01
SP.Syn.Abst.472	1.42E+02	3.34E+02	2.63E+02	1.64E+02	4.84E+01
SP.Syn.Abst.473	2.08E+02	1.15E+02	1.31E+02	1.96E+02	5.82E+01
SP.Syn.Abst.474	1.59E+02	1.00E+02	1.35E+02	1.38E+02	3.45E+01
SP.Syn.Abst.475	1.39E+02	1.51E+02	1.14E+02	1.19E+02	1.86E+01
SP.Syn.Abst.476	1.65E+02	1.83E+02	1.58E+02	1.92E+02	3.82E+01
SP.Syn.Abst.477	1.07E+02	1.56E+02	1.42E+02	1.29E+02	4.30E+01
SP.Syn.Abst.478	1.39E+02	1.67E+02	1.37E+02	1.31E+02	2.86E+01
SP.Syn.Abst.479	6.69E+01	1.15E+02	9.56E+01	1.02E+02	3.21E+01
SP.Syn.Abst.480	7.87E+01	1.28E+02	1.47E+02	1.12E+02	4.16E+01
SP.Syn.Abst.481	1.37E+02	1.01E+02	9.89E+01	1.07E+02	3.40E+01
SP.Syn.Abst.482	1.84E+02	1.04E+02	1.07E+02	1.83E+02	3.12E+01
SP.Syn.Abst.483	3.63E+02	2.83E+02	2.17E+02	2.88E+02	6.59E+01
SP.Syn.Abst.484	7.38E+01	1.46E+02	1.18E+02	8.63E+01	3.78E+01
SP.Syn.Abst.485	8.82E+01	7.27E+01	9.83E+01	9.93E+01	3.26E+01
SP.Syn.Abst.486	1.77E+02	2.09E+02	1.74E+02	1.46E+02	4.27E+01
SP.Syn.Abst.487	6.38E+01	3.08E+01	4.36E+01	6.96E+01	2.52E+01
SP.Syn.Abst.488	5.74E+01	5.34E+01	7.36E+01	5.51E+01	2.66E+01
SP.Syn.Abst.489	1.29E+02	1.92E+02	1.52E+02	9.81E+01	3.55E+01
SP.Syn.Abst.490	1.03E+02	6.68E+01	6.87E+01	8.80E+01	2.37E+00
SP.Syn.Abst.491	4.73E+01	9.98E+01	9.16E+01	7.94E+01	3.45E+01
SP.Syn.Abst.492	6.58E+01	1.63E+02	1.61E+02	9.57E+01	2.51E+01
SP.Syn.Abst.493	1.27E+02	1.42E+02	1.42E+02	1.52E+02	3.39E+01
SP.Syn.Abst.494	9.13E+01	7.07E+01	7.97E+01	8.18E+01	2.93E+01
SP.Syn.Abst.495	1.28E+02	1.27E+02	1.64E+02	1.11E+02	9.11E+01
SP.Syn.Abst.496	1.01E+02	8.07E+01	7.68E+01	1.02E+02	2.34E+01
SP.Syn.Abst.497	1.30E+02	8.38E+01	9.92E+01	1.28E+02	1.79E+01
SP.Syn.Abst.498	2.22E+02	8.76E+01	1.34E+02	1.97E+02	2.42E+01
SP.Syn.Abst.499	1.54E+02	1.79E+02	1.61E+02	1.51E+02	3.57E+01
SP.Syn.Abst.500	1.77E+02	1.53E+02	1.28E+02	1.73E+02	1.13E+02
SP.Syn.Abst.501	1.09E+02	9.13E+01	8.91E+01	8.53E+01	4.44E+01
SP.Syn.Abst.502	7.64E+01	1.55E+02	1.30E+02	9.31E+01	2.95E+01
SP.Syn.Abst.503	6.14E+01	7.01E+01	8.23E+01	7.37E+01	3.35E+01
SP.Syn.Abst.504	1.24E+02	1.24E+02	9.43E+01	1.29E+02	3.43E+01
SP.Syn.Abst.505	1.72E+02	1.21E+02	9.55E+01	1.48E+02	3.30E+01
SP.Syn.Abst.506	1.73E+02	2.10E+02	1.55E+02	1.37E+02	3.66E+01
SP.Syn.Abst.507	6.50E+01	9.20E+01	8.05E+01	7.01E+01	2.50E+01
SP.Syn.Abst.508	9.94E+01	2.41E+02	2.12E+02	1.20E+02	5.35E+01
SP.Syn.Abst.509	1.20E+02	8.62E+01	5.94E+01	1.24E+02	7.49E+01
SP.Syn.Abst.510	1.29E+02	1.58E+02	1.21E+02	1.59E+02	4.65E+01
SP.Syn.Abst.511	1.69E+02	1.01E+02	1.04E+02	1.43E+02	3.13E+01
SP.Syn.Abst.512	1.12E+02	1.36E+02	1.56E+02	8.84E+01	4.01E+01
SP.Syn.Abst.513	1.07E+02	1.64E+02	1.29E+02	1.37E+02	2.56E+01
SP.Syn.Abst.514	1.26E+02	7.69E+01	7.14E+01	1.23E+02	2.91E+01
SP.Syn.Abst.515	1.75E+02	2.87E+02	2.60E+02	1.63E+02	4.11E+01
SP.Syn.Abst.516	8.51E+01	1.06E+02	8.32E+01	8.56E+01	4.82E+01
SP.Syn.Abst.517	2.01E+02	6.49E+01	1.24E+02	1.99E+02	2.58E+01
SP.Syn.Abst.518	1.14E+02	3.78E+01	7.57E+01	1.09E+02	3.71E+01
SP.Syn.Abst.519	1.20E+02	1.29E+02	1.09E+02	9.87E+01	3.52E+01
SP.Syn.Abst.520	9.53E+01	1.52E+02	1.24E+02	1.22E+02	4.69E+01
SP.Syn.Abst.521	5.27E+01	2.64E+01	3.98E+01	6.29E+01	1.24E+01
SP.Syn.Abst.522	1.64E+02	3.58E+02	2.88E+02	2.10E+02	5.38E+01
SP.Syn.Abst.523	7.82E+01	6.45E+01	6.51E+01	7.32E+01	3.00E+01
SP.Syn.Abst.524	5.54E+01	4.66E+01	5.80E+01	6.42E+01	3.03E+01
SP.Syn.Abst.525	1.64E+02	1.76E+02	1.55E+02	1.52E+02	3.70E+01
SP.Syn.Abst.526	8.52E+01	1.66E+02	1.62E+02	1.27E+02	4.36E+01
SP.Syn.Abst.527	2.28E+02	1.31E+02	1.68E+02	1.85E+02	4.72E+01
SP.Syn.Abst.528	1.74E+02	2.37E+02	2.10E+02	1.68E+02	2.89E+01
SP.Syn.Abst.529	1.01E+02	9.85E+01	8.39E+01	1.10E+02	3.12E+01
SP.Syn.Abst.530	9.67E+01	1.64E+02	1.31E+02	1.15E+02	2.99E+01
SP.Syn.Abst.531	4.66E+01	1.71E+01	2.22E+01	5.21E+01	3.49E+00
SP.Syn.Abst.532	1.20E+02	1.01E+02	1.01E+02	1.01E+02	2.62E+01
SP.Syn.Abst.533	9.30E+01	1.53E+02	1.34E+02	8.83E+01	3.69E+01
SP.Syn.Abst.534	6.04E+01	9.79E+01	1.02E+02	6.38E+01	4.28E+01
SP.Syn.Abst.535	1.89E+02	1.17E+02	1.45E+02	1.89E+02	4.51E+01
SP.Syn.Abst.536	1.03E+02	9.53E+01	9.02E+01	9.65E+01	2.49E+01
SP.Syn.Abst.537	1.02E+02	1.55E+02	1.87E+02	1.17E+02	5.23E+01
SP.Syn.Abst.538	1.21E+02	1.28E+02	1.27E+02	1.14E+02	3.33E+01
SP.Syn.Abst.539	1.68E+02	1.93E+02	1.40E+02	1.06E+02	4.13E+01
SP.Syn.Abst.540	1.39E+02	2.69E+02	2.56E+02	1.40E+02	3.26E+01
SP.Syn.Abst.541	1.39E+02	1.11E+02	9.06E+01	1.16E+02	2.76E+01
SP.Syn.Abst.542	7.92E+01	1.49E+02	1.33E+02	9.98E+01	2.72E+01
SP.Syn.Abst.543	1.98E+02	1.74E+02	1.51E+02	1.65E+02	3.68E+01
SP.Syn.Abst.544	1.14E+02	8.98E+01	9.58E+01	1.01E+02	2.84E+01
SP.Syn.Abst.545	1.25E+02	1.02E+02	9.28E+01	1.22E+02	4.08E+01
SP.Syn.Abst.546	1.10E+02	1.73E+02	1.57E+02	1.43E+02	5.31E+01
SP.Syn.Abst.547	9.96E+01	1.57E+02	1.42E+02	9.17E+01	3.39E+01
SP.Syn.Abst.548	7.71E+01	1.05E+02	1.14E+02	8.24E+01	2.31E+01
SP.Syn.Abst.549	1.16E+02	7.68E+01	9.17E+01	1.23E+02	3.73E+01
SP.Syn.Abst.550	8.15E+01	1.01E+02	8.81E+01	7.91E+01	1.75E+01
SP.Syn.Abst.551	1.09E+02	1.22E+02	1.35E+02	9.67E+01	6.67E+01
SP.Syn.Abst.552	2.05E+02	8.20E+01	1.16E+02	1.95E+02	3.03E+01
SP.Syn.Abst.553	7.06E+01	5.88E+01	3.83E+01	7.92E+01	1.98E+01
SP.Syn.Abst.554	4.58E+01	6.14E+01	6.66E+01	5.09E+01	2.94E+01
SP.Syn.Abst.555	9.85E+01	1.04E+02	1.02E+02	9.63E+01	3.72E+01
SP.Syn.Abst.556	8.67E+01	3.55E+01	5.60E+01	9.36E+01	2.15E+01
SP.Syn.Abst.557	1.50E+02	1.13E+02	1.25E+02	1.55E+02	4.63E+01
SP.Syn.Abst.558	1.12E+02	1.13E+02	1.09E+02	1.23E+02	5.34E+01
SP.Syn.Abst.559	1.11E+02	2.01E+02	1.66E+02	1.24E+02	4.77E+01
SP.Syn.Abst.560	8.83E+01	1.63E+02	1.30E+02	1.11E+02	2.35E+01
SP.Syn.Abst.561	1.70E+02	1.18E+02	1.15E+02	1.67E+02	2.94E+01
SP.Syn.Abst.562	1.30E+02	1.33E+02	1.12E+02	1.32E+02	4.10E+01
SP.Syn.Abst.563	1.33E+02	2.07E+02	1.77E+02	1.22E+02	2.96E+01
SP.Syn.Abst.564	1.66E+02	3.92E+02	3.54E+02	2.02E+02	4.90E+01
SP.Syn.Abst.565	2.82E+02	1.18E+02	1.55E+02	2.38E+02	2.69E+01
SP.Syn.Abst.566	2.75E+02	1.62E+02	1.46E+02	2.24E+02	4.54E+01
SP.Syn.Abst.567	6.29E+01	1.26E+02	1.17E+02	6.27E+01	3.56E+01
SP.Syn.Abst.568	1.23E+02	1.48E+02	1.32E+02	9.76E+01	2.62E+01
SP.Syn.Abst.569	1.18E+02	1.12E+02	1.05E+02	1.02E+02	1.97E+01
SP.Syn.Abst.570	9.77E+01	1.87E+02	1.65E+02	9.98E+01	2.08E+01
SP.Syn.Abst.571	2.62E+02	1.01E+02	1.52E+02	2.43E+02	2.64E+01
SP.Syn.Abst.572	2.26E+02	1.28E+02	1.46E+02	2.22E+02	4.40E+01
SP.Syn.Abst.573	5.80E+01	8.90E+01	7.74E+01	6.55E+01	3.05E+01
SP.Syn.Abst.574	8.44E+01	6.06E+01	5.53E+01	9.17E+01	2.50E+01
SP.Syn.Abst.575	2.03E+02	1.41E+02	1.44E+02	1.87E+02	3.48E+01
SP.Syn.Abst.576	2.31E+02	1.12E+02	1.24E+02	1.97E+02	2.33E+01
SP.Syn.Abst.577	1.39E+02	1.14E+02	9.36E+01	1.35E+02	2.98E+01
SP.Syn.Abst.578	1.28E+02	1.45E+02	1.20E+02	1.08E+02	3.17E+01
SP.Syn.Abst.579	8.33E+01	1.57E+02	1.49E+02	9.90E+01	4.38E+01
SP.Syn.Abst.580	2.03E+02	1.18E+02	8.41E+01	1.73E+02	5.17E+01
SP.Syn.Abst.581	6.55E+01	7.63E+01	7.87E+01	7.58E+01	2.82E+01
SP.Syn.Abst.582	9.25E+01	1.41E+02	1.44E+02	9.80E+01	2.92E+01
SP.Syn.Abst.583	6.46E+01	8.36E+01	7.88E+01	8.23E+01	2.71E+01
SP.Syn.Abst.584	1.77E+02	8.22E+01	1.24E+02	1.86E+02	1.83E+01
SP.Syn.Abst.585	9.16E+01	1.73E+02	1.29E+02	1.15E+02	4.42E+01
SP.Syn.Abst.586	1.29E+02	1.41E+02	1.48E+02	1.30E+02	8.11E+01
SP.Syn.Abst.587	1.35E+02	1.22E+02	1.21E+02	1.24E+02	3.72E+01
SP.Syn.Abst.588	9.83E+01	1.15E+02	1.10E+02	8.13E+01	3.23E+01
SP.Syn.Abst.589	1.20E+02	1.15E+02	1.04E+02	1.35E+02	3.29E+01
SP.Syn.Abst.590	9.29E+01	6.27E+01	7.45E+01	9.30E+01	4.51E+01
SP.Syn.Abst.591	5.40E+01	5.45E+01	5.35E+01	6.33E+01	2.13E+01
SP.Syn.Abst.592	2.15E+02	5.09E+02	3.88E+02	2.45E+02	7.27E+01
SP.Syn.Abst.593	8.18E+01	9.44E+01	7.69E+01	8.10E+01	2.74E+01
SP.Syn.Abst.594	9.55E+01	1.80E+02	1.64E+02	1.05E+02	4.06E+01
SP.Syn.Abst.595	1.22E+02	1.16E+02	6.45E+01	1.29E+02	3.95E+01
SP.Syn.Abst.596	1.12E+02	1.21E+02	1.11E+02	1.07E+02	3.47E+01
SP.Syn.Abst.597	5.33E+01	8.81E+01	9.39E+01	6.83E+01	3.12E+01
SP.Syn.Abst.598	1.22E+02	1.95E+02	1.74E+02	1.28E+02	4.17E+01
SP.Syn.Abst.599	7.19E+01	8.40E+01	8.85E+01	8.61E+01	3.09E+01
SP.Syn.Abst.600	8.73E+01	8.06E+01	6.75E+01	7.58E+01	2.67E+01
SP.Syn.Abst.601	1.53E+02	9.66E+01	1.02E+02	1.46E+02	3.26E+01
SP.Syn.Abst.602	1.42E+02	1.08E+02	9.93E+01	1.32E+02	5.33E+01
SP.Syn.Abst.603	7.32E+01	1.17E+02	1.28E+02	1.21E+02	5.27E+01
SP.Syn.Abst.604	6.79E+01	4.22E+01	5.11E+01	8.59E+01	2.47E+01
SP.Syn.Abst.605	6.28E+01	9.86E+01	9.20E+01	7.37E+01	2.51E+01
SP.Syn.Abst.606	1.58E+02	1.84E+02	1.69E+02	1.25E+02	3.72E+01
SP.Syn.Abst.607	1.61E+02	1.50E+02	1.17E+02	1.56E+02	6.46E+01
SP.Syn.Abst.608	8.49E+01	9.78E+01	8.66E+01	9.46E+01	2.10E+01
SP.Syn.Abst.609	9.94E+01	1.47E+02	1.33E+02	9.41E+01	3.42E+01
SP.Syn.Abst.610	1.45E+02	6.12E+01	9.39E+01	1.46E+02	1.88E+01
SP.Syn.Abst.611	1.12E+02	2.01E+02	1.75E+02	1.52E+02	4.63E+01
SP.Syn.Abst.612	1.17E+02	9.06E+01	1.01E+02	9.89E+01	3.86E+01
SP.Syn.Abst.613	6.99E+01	1.42E+02	1.17E+02	8.80E+01	3.51E+01
SP.Syn.Abst.614	1.25E+02	4.05E+01	7.55E+01	1.38E+02	1.32E+01
SP.Syn.Abst.615	1.49E+02	1.19E+02	1.17E+02	1.49E+02	4.28E+01
SP.Syn.Abst.616	8.83E+01	7.38E+01	6.61E+01	1.03E+02	2.90E+01
SP.Syn.Abst.617	6.34E+01	6.71E+01	5.97E+01	7.75E+01	3.49E+01
SP.Syn.Abst.618	1.09E+02	3.44E+02	2.99E+02	1.93E+02	4.52E+01
SP.Syn.Abst.619	1.77E+02	1.58E+02	1.38E+02	1.39E+02	4.65E+01
SP.Syn.Abst.620	1.51E+02	8.06E+01	8.50E+01	1.04E+02	3.71E+01
SP.Syn.Abst.621	1.76E+02	1.14E+02	1.44E+02	1.78E+02	3.63E+01
SP.Syn.Abst.622	1.46E+02	1.07E+02	9.58E+01	1.36E+02	2.42E+01
SP.Syn.Abst.623	1.57E+02	1.49E+02	1.31E+02	1.17E+02	4.67E+01
SP.Syn.Abst.624	1.25E+02	2.63E+02	2.39E+02	1.00E+02	5.21E+01
SP.Syn.Abst.625	1.08E+02	4.98E+01	8.42E+01	1.21E+02	3.09E+01
SP.Syn.Abst.626	1.40E+02	1.12E+02	1.31E+02	1.40E+02	3.06E+01
SP.Syn.Abst.627	5.97E+01	8.86E+01	8.43E+01	7.10E+01	3.54E+01
SP.Syn.Abst.628	6.58E+01	9.99E+01	1.04E+02	6.94E+01	4.42E+01
SP.Syn.Abst.629	8.42E+01	8.69E+01	9.63E+01	9.79E+01	3.70E+01
SP.Syn.Abst.630	9.62E+01	8.75E+01	7.44E+01	9.29E+01	2.94E+01
SP.Syn.Abst.631	1.57E+02	2.18E+02	1.80E+02	1.42E+02	3.75E+01
SP.Syn.Abst.632	1.19E+02	3.70E+01	6.64E+01	1.08E+02	2.11E+01
SP.Syn.Abst.633	1.72E+02	3.62E+02	3.33E+02	1.81E+02	4.38E+01
SP.Syn.Abst.634	1.71E+02	1.68E+02	1.50E+02	1.40E+02	3.53E+01
SP.Syn.Abst.635	8.50E+01	1.53E+02	1.43E+02	1.04E+02	2.17E+01
SP.Syn.Abst.636	9.40E+01	1.22E+02	1.37E+02	1.11E+02	4.58E+01
SP.Syn.Abst.637	9.78E+01	7.63E+01	7.75E+01	7.82E+01	3.63E+01
SP.Syn.Abst.638	1.37E+02	1.62E+02	1.37E+02	1.06E+02	3.62E+01
SP.Syn.Abst.639	1.12E+02	2.71E+02	2.22E+02	8.88E+01	5.05E+01
SP.Syn.Abst.640	1.07E+02	1.63E+02	1.42E+02	1.40E+02	3.77E+01
SP.Syn.Abst.641	5.33E+01	5.69E+01	5.08E+01	5.97E+01	3.08E+01
SP.Syn.Abst.642	5.73E+00	8.08E+01	8.02E+01	3.97E+01	1.71E+01
SP.Syn.Abst.643	1.27E+02	2.20E+02	2.06E+02	1.34E+02	7.80E+01
SP.Syn.Abst.644	9.97E+01	1.54E+02	1.61E+02	9.88E+01	2.38E+01
SP.Syn.Abst.645	7.05E+01	9.23E+01	1.06E+02	7.86E+01	3.80E+01
SP.Syn.Abst.646	1.77E+01	1.05E+02	9.62E+01	5.71E+01	2.19E+01
SP.Syn.Abst.647	1.37E+02	1.24E+02	1.16E+02	1.01E+02	3.23E+01
SP.Syn.Abst.648	1.47E+02	1.64E+02	1.46E+02	1.09E+02	3.26E+01
SP.Syn.Abst.649	7.62E+01	8.80E+01	6.70E+01	1.05E+02	3.78E+01
SP.Syn.Abst.650	1.03E+02	1.06E+02	9.51E+01	1.06E+02	2.46E+01
SP.Syn.Abst.651	1.20E+02	9.16E+01	9.59E+01	1.27E+02	2.98E+01
SP.Syn.Abst.652	1.33E+02	1.42E+02	1.30E+02	1.10E+02	3.78E+01
SP.Syn.Abst.653	8.02E+01	9.53E+01	7.49E+01	7.62E+01	2.14E+01
SP.Syn.Abst.654	8.79E+01	1.93E+02	1.79E+02	1.31E+02	3.41E+01
SP.Syn.Abst.655	1.45E+02	1.35E+02	1.31E+02	1.25E+02	3.13E+01
SP.Syn.Abst.656	9.46E+01	2.09E+02	1.94E+02	1.38E+02	4.19E+01
SP.Syn.Abst.657	4.33E+01	8.39E+01	7.78E+01	6.12E+01	2.75E+01
SP.Syn.Abst.658	1.76E+02	2.59E+02	2.10E+02	1.67E+02	3.26E+01
SP.Syn.Abst.659	5.59E+01	1.17E+02	1.15E+02	8.11E+01	2.46E+01
SP.Syn.Abst.660	8.56E+01	9.84E+01	1.04E+02	7.87E+01	3.35E+01
SP.Syn.Abst.661	1.64E+02	1.08E+02	1.10E+02	1.38E+02	2.44E+01
SP.Syn.Abst.662	1.08E+02	2.68E+02	2.31E+02	1.65E+02	3.13E+01
SP.Syn.Abst.663	1.22E+02	1.09E+02	1.10E+02	1.07E+02	4.59E+01
SP.Syn.Abst.664	8.96E+01	6.86E+01	6.92E+01	9.67E+01	2.09E+01
SP.Syn.Abst.665	1.32E+02	7.60E+01	8.11E+01	1.08E+02	2.48E+01
SP.Syn.Abst.666	1.15E+02	6.19E+01	7.30E+01	9.39E+01	1.59E+01
SP.Syn.Abst.667	1.09E+02	1.62E+02	1.60E+02	1.40E+02	4.99E+01
SP.Syn.Abst.668	6.32E+01	4.93E+01	5.30E+01	7.13E+01	2.23E+01
SP.Syn.Abst.669	1.97E+02	2.42E+02	1.96E+02	1.63E+02	4.23E+01
SP.Syn.Abst.670	7.21E+01	1.80E+02	1.60E+02	1.03E+02	3.18E+01
SP.Syn.Abst.671	6.77E+01	1.32E+02	1.15E+02	7.81E+01	2.73E+01
SP.Syn.Abst.672	1.41E+02	3.60E+02	3.06E+02	2.14E+02	5.02E+01
SP.Syn.Abst.673	1.15E+02	1.79E+02	1.71E+02	9.37E+01	2.94E+01
SP.Syn.Abst.674	8.31E+01	1.79E+02	1.47E+02	1.14E+02	2.99E+01
SP.Syn.Abst.675	1.18E+02	1.50E+02	1.32E+02	9.30E+01	3.21E+01
SP.Syn.Abst.676	9.47E+01	6.21E+01	7.74E+01	1.04E+02	2.30E+01
SP.Syn.Abst.677	1.67E+02	1.09E+02	1.18E+02	1.38E+02	4.70E+01
SP.Syn.Abst.678	2.44E+02	1.81E+02	1.83E+02	1.92E+02	2.73E+01
SP.Syn.Abst.679	1.60E+02	1.34E+02	1.05E+02	1.69E+02	2.82E+01
SP.Syn.Abst.680	1.14E+02	1.20E+02	1.06E+02	1.15E+02	3.61E+01
SP.Syn.Abst.681	1.55E+02	9.63E+01	1.06E+02	1.48E+02	3.63E+01
SP.Syn.Abst.682	1.46E+02	9.16E+01	8.62E+01	1.16E+02	2.31E+01
SP.Syn.Abst.683	1.03E+02	9.30E+01	7.38E+01	9.86E+01	2.04E+01
SP.Syn.Abst.684	1.15E+02	1.08E+02	9.48E+01	9.54E+01	1.90E+01
SP.Syn.Abst.685	6.13E+01	1.16E+02	1.05E+02	7.40E+01	2.95E+01
SP.Syn.Abst.686	2.65E+02	1.35E+02	1.27E+02	2.47E+02	2.99E+01
SP.Syn.Abst.687	1.21E+02	1.29E+02	1.21E+02	1.11E+02	3.63E+01
SP.Syn.Abst.688	1.27E+02	1.03E+02	9.63E+01	1.10E+02	3.00E+01
SP.Syn.Abst.689	1.78E+02	2.30E+02	1.98E+02	2.12E+02	1.19E+02
SP.Syn.Abst.690	1.27E+02	1.64E+02	1.52E+02	1.10E+02	2.97E+01
SP.Syn.Abst.691	1.34E+02	3.61E+02	3.30E+02	1.59E+02	5.67E+01
SP.Syn.Abst.692	1.12E+02	1.11E+02	9.19E+01	9.45E+01	2.23E+01
SP.Syn.Abst.693	8.66E+01	5.43E+01	6.14E+01	9.44E+01	2.08E+01
SP.Syn.Abst.694	1.21E+02	1.78E+02	1.80E+02	1.27E+02	5.91E+01
SP.Syn.Abst.695	2.02E+02	2.04E+02	1.59E+02	1.80E+02	3.31E+01
SP.Syn.Abst.696	2.82E+02	1.65E+02	1.69E+02	2.59E+02	6.12E+01
SP.Syn.Abst.697	1.14E+02	3.22E+02	3.01E+02	1.95E+02	4.99E+01
SP.Syn.Abst.698	1.98E+02	2.63E+02	2.14E+02	1.65E+02	4.54E+01
SP.Syn.Abst.699	1.84E+02	1.45E+02	1.24E+02	1.60E+02	3.95E+01
SP.Syn.Abst.700	8.24E+01	9.00E+01	7.82E+01	8.36E+01	2.78E+01
SP.Syn.Abst.701	9.62E+01	1.45E+02	1.11E+02	9.00E+01	4.76E+01
SP.Syn.Abst.702	5.91E+01	9.08E+01	9.07E+01	6.45E+01	3.17E+01
SP.Syn.Abst.703	7.72E+01	1.09E+02	1.06E+02	1.05E+02	2.43E+01
SP.Syn.Abst.704	1.77E+02	8.92E+01	1.18E+02	1.73E+02	3.94E+01
SP.Syn.Abst.705	6.82E+01	9.00E+01	9.44E+01	9.43E+01	4.80E+01
SP.Syn.Abst.706	1.06E+02	8.93E+01	8.70E+01	1.13E+02	3.66E+01
SP.Syn.Abst.707	8.07E+01	7.11E+01	7.49E+01	7.90E+01	3.43E+01
SP.Syn.Abst.708	9.53E+01	7.23E+01	9.53E+01	9.40E+01	2.21E+01
SP.Syn.Abst.709	2.41E+02	1.50E+02	1.84E+02	2.31E+02	9.12E+01
SP.Syn.Abst.710	9.68E+01	2.62E+02	2.17E+02	1.22E+02	4.85E+01
SP.Syn.Abst.711	1.03E+02	1.65E+02	1.51E+02	1.03E+02	4.08E+01
SP.Syn.Abst.712	1.19E+02	1.39E+02	1.27E+02	1.14E+02	2.73E+01
SP.Syn.Abst.713	1.00E+02	1.25E+02	1.12E+02	9.03E+01	4.60E+01
SP.Syn.Abst.714	7.24E+01	7.48E+01	7.64E+01	7.24E+01	5.02E+01
SP.Syn.Abst.715	1.58E+02	1.21E+02	1.16E+02	1.33E+02	4.43E+01
SP.Syn.Abst.716	1.58E+02	1.40E+02	1.17E+02	1.39E+02	3.85E+01
SP.Syn.Abst.717	1.43E+02	1.88E+02	1.62E+02	1.44E+02	6.81E+01
SP.Syn.Abst.718	1.06E+02	2.94E+02	2.25E+02	1.58E+02	5.58E+01
SP.Syn.Abst.719	9.01E+01	9.40E+01	8.94E+01	6.36E+01	2.39E+01
SP.Syn.Abst.720	9.34E+01	6.05E+01	6.75E+01	7.31E+01	4.02E+01
SP.Syn.Abst.721	1.23E+02	6.98E+01	7.46E+01	1.13E+02	3.61E+01
SP.Syn.Abst.722	1.43E+02	1.53E+02	1.41E+02	1.23E+02	1.72E+01
SP.Syn.Abst.723	1.59E+02	1.70E+02	1.45E+02	1.57E+02	4.00E+01
SP.Syn.Abst.724	1.33E+02	1.46E+02	1.44E+02	1.33E+02	2.87E+01
SP.Syn.Abst.725	1.49E+02	1.48E+02	1.27E+02	1.34E+02	2.83E+01
SP.Syn.Abst.726	7.92E+01	1.03E+02	1.02E+02	6.67E+01	3.36E+01
SP.Syn.Abst.727	9.73E+01	9.16E+01	9.27E+01	1.04E+02	2.60E+01
SP.Syn.Abst.728	1.29E+02	1.45E+02	1.47E+02	1.04E+02	3.87E+01
SP.Syn.Abst.729	1.96E+02	5.66E+02	4.38E+02	3.32E+02	6.25E+01
SP.Syn.Abst.730	9.17E+01	8.31E+01	8.21E+01	8.19E+01	2.42E+01
SP.Syn.Abst.731	1.27E+02	8.84E+01	9.54E+01	1.20E+02	3.75E+01
SP.Syn.Abst.732	1.05E+02	1.11E+02	9.28E+01	9.03E+01	2.15E+01
SP.Syn.Abst.733	8.66E+01	9.05E+01	8.96E+01	6.30E+01	2.67E+01
SP.Syn.Abst.734	2.32E+02	1.04E+02	1.18E+02	2.23E+02	2.10E+01
SP.Syn.Abst.735	4.90E+01	6.58E+01	6.90E+01	6.76E+01	2.91E+01
SP.Syn.Abst.736	1.13E+02	2.68E+02	2.24E+02	1.43E+02	3.73E+01
SP.Syn.Abst.737	1.33E+02	1.22E+02	1.07E+02	1.12E+02	3.68E+01
SP.Syn.Abst.738	8.56E+01	1.23E+02	1.06E+02	8.26E+01	3.75E+01
SP.Syn.Abst.739	1.18E+02	2.21E+02	1.77E+02	1.22E+02	5.71E+01
SP.Syn.Abst.740	1.59E+02	9.61E+01	1.13E+02	1.75E+02	4.24E+01
SP.Syn.Abst.741	1.11E+02	8.12E+01	8.81E+01	1.04E+02	2.31E+01
SP.Syn.Abst.742	6.41E+01	1.15E+02	1.02E+02	8.94E+01	4.38E+01
SP.Syn.Abst.743	1.31E+02	1.58E+02	1.27E+02	1.35E+02	4.25E+01
SP.Syn.Abst.744	2.50E+02	1.30E+02	1.38E+02	2.10E+02	5.15E+01
SP.Syn.Abst.745	1.16E+02	1.33E+02	1.16E+02	1.23E+02	5.99E+01
SP.Syn.Abst.746	2.90E+02	1.58E+02	1.65E+02	2.50E+02	2.61E+01
SP.Syn.Abst.747	1.54E+02	1.16E+02	1.21E+02	1.30E+02	2.08E+01
SP.Syn.Abst.748	1.31E+02	9.27E+01	1.05E+02	1.18E+02	3.02E+01
SP.Syn.Abst.749	1.87E+01	1.07E+02	1.11E+02	4.33E+01	2.79E+01
SP.Syn.Abst.750	1.43E+02	7.38E+01	1.08E+02	1.32E+02	3.33E+01
SP.Syn.Abst.751	5.98E+01	1.24E+02	1.28E+02	8.39E+01	4.95E+01
SP.Syn.Abst.752	8.00E+01	8.82E+01	8.90E+01	7.55E+01	3.03E+01
SP.Syn.Abst.753	9.15E+01	1.36E+02	1.17E+02	9.90E+01	3.47E+01
SP.Syn.Abst.754	1.43E+02	3.30E+02	2.78E+02	1.90E+02	4.16E+01
SP.Syn.Abst.755	2.00E+02	7.15E+01	1.08E+02	1.63E+02	3.67E+01
SP.Syn.Abst.756	1.26E+02	1.24E+02	1.07E+02	1.28E+02	4.59E+01
SP.Syn.Abst.757	6.11E+01	8.55E+01	8.72E+01	6.31E+01	2.81E+01
SP.Syn.Abst.758	1.15E+02	8.69E+01	8.55E+01	1.28E+02	2.84E+01
SP.Syn.Abst.759	1.03E+02	1.64E+02	1.43E+02	9.21E+01	5.21E+01
SP.Syn.Abst.760	5.34E+01	2.64E+01	2.97E+01	6.12E+01	2.39E+01
SP.Syn.Abst.761	1.79E+02	2.42E+02	2.03E+02	1.59E+02	3.25E+01
SP.Syn.Abst.762	1.68E+02	2.88E+02	2.55E+02	1.60E+02	4.20E+01
SP.Syn.Abst.763	1.36E+02	1.84E+02	1.37E+02	1.18E+02	5.05E+01
SP.Syn.Abst.764	7.43E+01	3.33E+01	4.17E+01	7.38E+01	1.40E+01
SP.Syn.Abst.765	1.64E+02	1.36E+02	1.25E+02	1.20E+02	3.69E+01
SP.Syn.Abst.766	1.56E+02	9.14E+01	8.98E+01	1.42E+02	2.90E+01
SP.Syn.Abst.767	1.14E+02	1.02E+02	1.12E+02	1.09E+02	7.40E+01
SP.Syn.Abst.768	1.23E+02	6.92E+01	9.26E+01	1.07E+02	4.57E+01
SP.Syn.Abst.769	1.19E+02	1.29E+02	1.20E+02	1.01E+02	2.12E+01
SP.Syn.Abst.770	1.25E+02	8.66E+01	9.64E+01	1.02E+02	2.87E+01
SP.Syn.Abst.771	2.71E+02	1.72E+02	1.88E+02	2.37E+02	3.78E+01
SP.Syn.Abst.772	9.70E+01	7.46E+01	8.78E+01	1.05E+02	2.83E+01
SP.Syn.Abst.773	1.40E+02	1.56E+02	1.10E+02	1.44E+02	3.28E+01
SP.Syn.Abst.774	8.71E+01	9.58E+01	8.32E+01	1.16E+02	4.03E+01
SP.Syn.Abst.775	2.08E+02	1.10E+02	1.51E+02	2.03E+02	1.62E+01
SP.Syn.Abst.776	8.49E+01	1.24E+02	1.06E+02	1.10E+02	2.58E+01
SP.Syn.Abst.777	7.35E+01	9.66E+01	9.48E+01	7.12E+01	1.69E+01
SP.Syn.Abst.778	1.25E+02	2.43E+02	1.79E+02	1.49E+02	3.39E+01
SP.Syn.Abst.779	7.85E+01	1.02E+02	1.05E+02	5.89E+01	3.09E+01
SP.Syn.Abst.780	1.38E+02	1.83E+02	1.74E+02	1.03E+02	2.81E+01
SP.Syn.Abst.781	3.39E+02	1.96E+02	1.95E+02	3.24E+02	1.42E+02
SP.Syn.Abst.782	9.43E+01	8.11E+01	1.01E+02	8.87E+01	4.60E+01
SP.Syn.Abst.783	9.56E+01	3.00E+02	2.61E+02	1.45E+02	4.99E+01
SP.Syn.Abst.784	1.33E+02	8.65E+01	9.90E+01	1.25E+02	3.77E+01
SP.Syn.Abst.785	2.40E+02	7.12E+01	1.53E+02	2.42E+02	3.08E+01
SP.Syn.Abst.786	8.19E+01	1.82E+02	1.46E+02	8.54E+01	4.48E+01
SP.Syn.Abst.787	1.37E+02	1.04E+02	1.12E+02	1.27E+02	2.60E+01
SP.Syn.Abst.788	1.05E+02	2.63E+02	2.43E+02	1.40E+02	4.47E+01
SP.Syn.Abst.789	2.74E+02	1.86E+02	1.67E+02	2.09E+02	4.37E+01
SP.Syn.Abst.790	6.46E+01	4.63E+01	5.87E+01	6.07E+01	4.13E+01
SP.Syn.Abst.791	1.21E+02	1.44E+02	1.07E+02	9.80E+01	3.77E+01
SP.Syn.Abst.792	9.39E+01	1.64E+02	1.38E+02	8.06E+01	3.69E+01
SP.Syn.Abst.793	3.14E+02	1.45E+02	1.98E+02	2.82E+02	4.02E+01
SP.Syn.Abst.794	1.16E+02	2.28E+02	2.11E+02	1.48E+02	3.96E+01
SP.Syn.Abst.795	1.11E+02	1.94E+02	2.21E+02	1.13E+02	5.15E+01
SP.Syn.Abst.796	1.52E+02	2.40E+02	1.63E+02	1.68E+02	6.47E+01
SP.Syn.Abst.797	9.89E+01	8.31E+01	9.29E+01	9.40E+01	2.83E+01
SP.Syn.Abst.798	1.54E+02	2.04E+02	1.71E+02	1.69E+02	9.17E+01
SP.Syn.Abst.799	1.11E+02	3.28E+01	6.38E+01	1.19E+02	2.64E+01
SP.Syn.Abst.800	1.73E+02	1.08E+02	1.06E+02	1.43E+02	3.95E+01
SP.Syn.Abst.801	7.15E+01	7.50E+01	7.62E+01	7.07E+01	2.11E+01
SP.Syn.Abst.802	1.24E+02	9.21E+01	9.60E+01	1.23E+02	2.36E+01
SP.Syn.Abst.803	1.04E+02	1.09E+02	7.91E+01	8.72E+01	2.90E+01
SP.Syn.Abst.804	9.02E+01	1.35E+02	1.26E+02	9.99E+01	2.88E+01
SP.Syn.Abst.805	1.35E+02	1.06E+02	1.11E+02	9.71E+01	2.03E+01
SP.Syn.Abst.806	2.39E+02	1.65E+02	1.52E+02	2.08E+02	4.09E+01
SP.Syn.Abst.807	1.04E+02	1.85E+02	1.48E+02	1.17E+02	2.78E+01
SP.Syn.Abst.808	8.54E+01	8.46E+01	6.78E+01	7.55E+01	2.42E+01
SP.Syn.Abst.809	1.04E+02	1.68E+02	1.25E+02	1.27E+02	2.92E+01
SP.Syn.Abst.810	1.27E+02	1.77E+02	1.69E+02	1.45E+02	3.94E+01
SP.Syn.Abst.811	1.21E+02	1.35E+02	1.43E+02	1.22E+02	2.85E+01
SP.Syn.Abst.812	7.82E+01	8.66E+01	8.37E+01	7.16E+01	3.10E+01
SP.Syn.Abst.813	9.23E+01	2.52E+02	2.16E+02	1.20E+02	4.04E+01
SP.Syn.Abst.814	1.16E+02	1.27E+02	1.11E+02	1.14E+02	2.45E+01
SP.Syn.Abst.815	1.36E+02	1.69E+02	1.33E+02	1.22E+02	3.71E+01
SP.Syn.Abst.816	8.98E+01	1.58E+02	1.61E+02	1.16E+02	2.93E+01
SP.Syn.Abst.817	1.12E+02	1.84E+02	1.66E+02	1.44E+02	2.66E+01
SP.Syn.Abst.818	6.19E+01	1.17E+02	1.04E+02	1.03E+02	2.60E+01
SP.Syn.Abst.819	1.32E+02	2.27E+02	2.06E+02	1.08E+02	3.64E+01
SP.Syn.Abst.820	9.08E+01	1.91E+02	1.69E+02	9.46E+01	6.24E+01
SP.Syn.Abst.821	1.60E+02	7.52E+01	1.04E+02	1.29E+02	2.60E+01
SP.Syn.Abst.822	2.45E+02	1.45E+02	1.73E+02	2.40E+02	4.08E+01
SP.Syn.Abst.823	5.99E+01	1.07E+02	1.16E+02	8.95E+01	2.35E+01
SP.Syn.Abst.824	1.50E+02	1.65E+02	1.39E+02	9.89E+01	3.64E+01
SP.Syn.Abst.825	7.88E+01	9.55E+01	7.64E+01	8.27E+01	2.69E+01
SP.Syn.Abst.826	1.26E+02	1.29E+02	1.02E+02	1.36E+02	4.60E+01
SP.Syn.Abst.827	1.17E+02	2.40E+02	2.01E+02	1.64E+02	3.46E+01
SP.Syn.Abst.828	9.00E+01	8.73E+01	7.92E+01	6.95E+01	3.71E+01
SP.Syn.Abst.829	1.12E+02	1.77E+02	1.49E+02	1.20E+02	3.54E+01
SP.Syn.Abst.830	9.88E+01	8.21E+01	9.09E+01	1.09E+02	2.80E+01
SP.Syn.Abst.831	1.30E+02	8.86E+01	8.26E+01	1.09E+02	2.49E+01
SP.Syn.Abst.832	1.13E+02	2.49E+02	2.17E+02	1.14E+02	9.92E+01
SP.Syn.Abst.833	1.39E+02	1.65E+02	1.44E+02	8.60E+01	3.70E+01
SP.Syn.Abst.834	3.13E+02	1.50E+02	1.59E+02	2.59E+02	3.02E+01
SP.Syn.Abst.835	2.61E+02	1.17E+02	1.53E+02	2.23E+02	3.73E+01
SP.Syn.Abst.836	6.45E+01	8.83E+01	8.90E+01	7.21E+01	2.78E+01
SP.Syn.Abst.837	1.22E+02	2.11E+02	1.85E+02	1.58E+02	2.52E+01
SP.Syn.Abst.838	1.00E+02	1.37E+02	1.12E+02	1.22E+02	3.55E+01
SP.Syn.Abst.839	1.47E+02	3.09E+02	2.28E+02	1.75E+02	5.20E+01
SP.Syn.Abst.840	1.93E+02	1.16E+02	1.21E+02	1.54E+02	3.40E+01
SP.Syn.Abst.841	1.18E+02	6.94E+01	9.75E+01	1.12E+02	3.80E+01
SP.Syn.Abst.842	7.83E+01	1.25E+02	1.11E+02	7.28E+01	3.23E+01
SP.Syn.Abst.843	2.80E+02	1.63E+02	1.72E+02	2.38E+02	3.91E+01
SP.Syn.Abst.844	1.36E+02	7.14E+01	9.54E+01	1.52E+02	2.60E+01
SP.Syn.Abst.845	7.41E+01	1.01E+02	8.78E+01	7.76E+01	1.52E+01
SP.Syn.Abst.846	1.18E+02	1.29E+02	1.33E+02	1.32E+02	4.92E+01
SP.Syn.Abst.847	1.83E+02	1.34E+02	1.50E+02	1.48E+02	2.40E+01
SP.Syn.Abst.848	6.55E+01	9.95E+01	1.14E+02	6.69E+01	2.56E+01
SP.Syn.Abst.849	1.22E+02	1.28E+02	8.70E+01	1.20E+02	2.09E+01
SP.Syn.Abst.850	4.04E+01	7.73E+01	8.98E+01	6.44E+01	2.20E+01
SP.Syn.Abst.851	7.93E+01	8.74E+01	8.56E+01	7.38E+01	3.28E+01
SP.Syn.Abst.852	2.54E+02	1.69E+02	1.40E+02	2.28E+02	5.24E+01
SP.Syn.Abst.853	1.06E+02	1.44E+02	1.28E+02	1.09E+02	3.10E+01
SP.Syn.Abst.854	1.12E+02	2.26E+02	2.32E+02	1.42E+02	6.43E+01
SP.Syn.Abst.855	1.64E+02	2.13E+02	1.45E+02	1.88E+02	2.52E+01
SP.Syn.Abst.856	2.08E+02	1.33E+02	1.10E+02	1.73E+02	2.85E+01
SP.Syn.Abst.857	1.70E+02	1.22E+02	1.41E+02	1.88E+02	7.19E+01
SP.Syn.Abst.858	7.03E+01	5.66E+01	5.36E+01	6.96E+01	3.55E+01
SP.Syn.Abst.859	1.09E+02	1.40E+02	1.28E+02	1.45E+02	8.26E+01
SP.Syn.Abst.860	1.23E+02	1.31E+02	1.22E+02	1.28E+02	5.41E+01
SP.Syn.Abst.861	1.63E+02	1.96E+02	1.66E+02	1.56E+02	4.85E+01
SP.Syn.Abst.862	1.22E+02	9.53E+01	1.09E+02	1.03E+02	2.41E+01
SP.Syn.Abst.863	1.50E+02	4.68E+01	7.29E+01	1.55E+02	2.32E+01
SP.Syn.Abst.864	9.77E+01	3.70E+01	5.96E+01	1.02E+02	2.56E+01
SP.Syn.Abst.865	6.61E+01	7.31E+01	8.52E+01	7.56E+01	2.72E+01
SP.Syn.Abst.866	9.62E+01	1.21E+02	1.02E+02	1.22E+02	2.93E+01
SP.Syn.Abst.867	1.87E+02	9.47E+01	1.24E+02	1.50E+02	2.81E+01
SP.Syn.Abst.868	6.78E+01	1.22E+02	9.81E+01	7.63E+01	3.24E+01
SP.Syn.Abst.869	1.13E+02	2.23E+02	1.84E+02	1.70E+02	5.71E+01
SP.Syn.Abst.870	5.83E+01	7.01E+01	6.93E+01	6.83E+01	1.79E+01
SP.Syn.Abst.871	1.07E+02	2.51E+02	2.48E+02	1.44E+02	3.13E+01
SP.Syn.Abst.872	8.63E+01	9.71E+01	8.60E+01	9.31E+01	2.68E+01
SP.Syn.Abst.873	8.65E+01	8.97E+01	8.14E+01	7.78E+01	2.18E+01
SP.Syn.Abst.874	1.23E+02	2.17E+02	2.33E+02	1.42E+02	2.73E+01
SP.Syn.Abst.875	9.83E+01	1.70E+02	1.52E+02	1.30E+02	2.72E+01
SP.Syn.Abst.876	9.70E+01	1.50E+02	1.44E+02	1.04E+02	3.61E+01
SP.Syn.Abst.877	7.60E+01	7.53E+01	7.71E+01	6.72E+01	2.12E+01
SP.Syn.Abst.878	1.66E+02	3.21E+02	2.98E+02	2.03E+02	5.67E+01
SP.Syn.Abst.879	9.20E+01	2.03E+02	1.54E+02	1.16E+02	5.30E+01
SP.Syn.Abst.880	1.37E+02	1.01E+02	9.09E+01	1.30E+02	4.64E+01
SP.Syn.Abst.881	6.67E+01	8.17E+01	8.30E+01	5.00E+01	3.34E+01
SP.Syn.Abst.882	1.15E+02	7.12E+01	8.14E+01	1.12E+02	4.58E+01
SP.Syn.Abst.883	1.59E+02	3.79E+02	2.55E+02	2.11E+02	4.98E+01
SP.Syn.Abst.884	1.07E+02	1.57E+02	1.43E+02	1.08E+02	2.80E+01
SP.Syn.Abst.885	2.39E+02	1.22E+02	1.36E+02	2.05E+02	3.79E+01
SP.Syn.Abst.886	1.09E+02	2.96E+02	2.19E+02	1.79E+02	5.26E+01
SP.Syn.Abst.887	1.35E+02	9.49E+01	9.34E+01	9.50E+01	2.93E+01
SP.Syn.Abst.888	1.38E+02	2.76E+02	2.15E+02	1.63E+02	3.99E+01
SP.Syn.Abst.889	6.87E+01	8.18E+01	7.81E+01	6.80E+01	4.32E+01
SP.Syn.Abst.890	1.36E+02	9.32E+01	1.04E+02	9.86E+01	2.66E+01
SP.Syn.Abst.891	1.60E+02	3.06E+02	2.49E+02	1.90E+02	4.31E+01
SP.Syn.Abst.892	1.06E+02	1.07E+02	9.79E+01	8.66E+01	1.86E+01
SP.Syn.Abst.893	1.52E+02	1.36E+02	1.73E+02	1.34E+02	1.86E+01
SP.Syn.Abst.894	6.73E+01	6.52E+01	6.45E+01	7.49E+01	2.32E+01
SP.Syn.Abst.895	6.95E+01	8.33E+01	1.03E+02	7.90E+01	2.85E+01
SP.Syn.Abst.896	2.13E+02	1.71E+02	1.19E+02	1.74E+02	2.83E+01
SP.Syn.Abst.897	1.79E+02	3.05E+02	2.46E+02	1.80E+02	3.70E+01
SP.Syn.Abst.898	4.27E+01	2.72E+01	4.14E+01	5.48E+01	2.50E+01
SP.Syn.Abst.899	1.47E+02	9.26E+01	8.66E+01	1.06E+02	2.37E+01
SP.Syn.Abst.900	5.77E+01	1.34E+02	9.69E+01	7.96E+01	3.19E+01
SP.Syn.Abst.901	8.19E+01	7.97E+01	7.88E+01	8.81E+01	4.67E+01
SP.Syn.Abst.902	1.16E+02	1.07E+02	9.73E+01	1.11E+02	2.83E+01
SP.Syn.Abst.903	6.07E+01	1.31E+02	1.37E+02	8.73E+01	5.10E+01
SP.Syn.Abst.904	1.53E+02	1.08E+02	1.21E+02	1.29E+02	4.65E+01
SP.Syn.Abst.905	9.00E+01	1.01E+02	9.86E+01	7.98E+01	1.71E+01
SP.Syn.Abst.906	3.04E+02	1.63E+02	1.80E+02	2.81E+02	2.97E+01
SP.Syn.Abst.907	8.84E+01	8.29E+01	7.42E+01	1.05E+02	2.29E+01
SP.Syn.Abst.908	1.27E+02	1.28E+02	1.39E+02	1.14E+02	4.97E+01
SP.Syn.Abst.909	1.37E+02	1.69E+02	1.60E+02	9.57E+01	2.85E+01
SP.Syn.Abst.910	1.46E+02	7.36E+01	1.02E+02	1.53E+02	3.47E+01
SP.Syn.Abst.911	1.16E+02	4.90E+01	8.08E+01	1.14E+02	1.34E+01
SP.Syn.Abst.912	1.29E+02	3.58E+02	3.25E+02	1.77E+02	9.54E+01
SP.Syn.Abst.913	1.53E+02	7.75E+01	1.14E+02	1.86E+02	4.29E+01
SP.Syn.Abst.914	9.47E+01	1.47E+02	1.31E+02	6.82E+01	3.36E+01
SP.Syn.Abst.915	2.01E+02	1.13E+02	1.39E+02	2.00E+02	2.96E+01
SP.Syn.Abst.916	1.90E+02	2.19E+02	1.56E+02	1.62E+02	4.05E+01
SP.Syn.Abst.917	1.35E+02	5.71E+01	7.12E+01	1.20E+02	3.20E+01
SP.Syn.Abst.918	8.70E+01	1.14E+02	9.80E+01	7.46E+01	3.36E+01
SP.Syn.Abst.919	1.66E+02	9.84E+01	1.27E+02	1.53E+02	3.06E+01
SP.Syn.Abst.920	8.08E+01	9.99E+01	9.28E+01	8.06E+01	1.48E+01
SP.Syn.Abst.921	1.43E+02	2.29E+02	1.80E+02	1.63E+02	3.14E+01
SP.Syn.Abst.922	9.33E+01	1.56E+02	1.53E+02	8.27E+01	3.62E+01
SP.Syn.Abst.923	9.72E+01	1.54E+02	1.38E+02	1.28E+02	4.66E+01
SP.Syn.Abst.924	1.59E+02	6.39E+01	8.95E+01	1.80E+02	3.04E+01
SP.Syn.Abst.925	1.15E+02	9.11E+01	8.19E+01	9.34E+01	2.69E+01
SP.Syn.Abst.926	2.01E+02	1.84E+02	1.48E+02	1.78E+02	3.12E+01
SP.Syn.Abst.927	2.53E+02	2.19E+02	1.69E+02	1.77E+02	3.46E+01
SP.Syn.Abst.928	2.20E+02	3.32E+02	2.65E+02	2.67E+02	5.00E+01
SP.Syn.Abst.929	7.46E+01	7.33E+01	7.12E+01	8.24E+01	2.63E+01
SP.Syn.Abst.930	3.63E+02	1.17E+02	1.86E+02	3.68E+02	7.16E+01
SP.Syn.Abst.931	7.80E+01	9.63E+01	8.56E+01	9.99E+01	4.51E+01
SP.Syn.Abst.932	1.73E+02	1.81E+02	1.50E+02	1.40E+02	2.46E+01
SP.Syn.Abst.933	1.14E+02	1.61E+02	1.43E+02	1.16E+02	3.96E+01
SP.Syn.Abst.934	2.55E+02	1.27E+02	1.43E+02	2.29E+02	2.26E+01
SP.Syn.Abst.935	5.63E+01	1.15E+02	1.17E+02	6.58E+01	3.16E+01
SP.Syn.Abst.936	2.14E+02	4.02E+02	3.22E+02	2.40E+02	5.55E+01
SP.Syn.Abst.937	9.93E+01	9.94E+01	9.76E+01	8.18E+01	1.51E+01
SP.Syn.Abst.938	1.04E+02	8.51E+01	9.27E+01	9.84E+01	2.60E+01
SP.Syn.Abst.939	9.35E+01	1.10E+02	9.87E+01	9.78E+01	2.37E+01
SP.Syn.Abst.940	1.21E+02	1.50E+02	1.24E+02	1.33E+02	3.46E+01
SP.Syn.Abst.941	9.59E+01	1.90E+02	1.72E+02	1.13E+02	3.44E+01
SP.Syn.Abst.942	8.34E+01	3.70E+01	4.58E+01	1.10E+02	2.30E+01
SP.Syn.Abst.943	7.54E+01	1.46E+02	1.31E+02	8.72E+01	3.92E+01
SP.Syn.Abst.944	1.36E+02	1.10E+02	9.07E+01	1.42E+02	2.47E+01
SP.Syn.Abst.945	1.10E+02	1.04E+02	1.15E+02	9.29E+01	2.55E+01
SP.Syn.Abst.946	8.38E+01	7.65E+01	8.83E+01	6.96E+01	2.30E+01
SP.Syn.Abst.947	4.14E+01	4.68E+01	5.40E+01	4.80E+01	3.40E+01
SP.Syn.Abst.948	1.07E+02	2.91E+02	2.30E+02	1.68E+02	5.29E+01
SP.Syn.Abst.949	7.91E+01	4.04E+01	6.08E+01	9.38E+01	3.67E+01
SP.Syn.Abst.950	1.16E+02	6.72E+01	9.03E+01	1.07E+02	2.49E+01
SP.Syn.Abst.951	1.32E+02	7.64E+01	8.07E+01	1.29E+02	4.13E+01
SP.Syn.Abst.952	1.23E+02	1.61E+02	1.47E+02	1.18E+02	3.50E+01
SP.Syn.Abst.953	7.32E+01	1.91E+02	1.49E+02	1.03E+02	3.74E+01
SP.Syn.Abst.954	1.15E+02	1.19E+02	1.17E+02	1.11E+02	1.71E+01
SP.Syn.Abst.955	1.24E+02	1.40E+02	1.34E+02	1.30E+02	2.59E+01
SP.Syn.Abst.956	1.26E+02	1.61E+02	1.44E+02	1.01E+02	4.58E+01
SP.Syn.Abst.957	1.56E+02	9.02E+01	9.62E+01	1.23E+02	4.23E+01
SP.Syn.Abst.958	5.97E+01	9.64E+01	8.49E+01	6.99E+01	3.62E+01
SP.Syn.Abst.959	8.46E+01	1.51E+02	1.44E+02	8.35E+01	3.85E+01
SP.Syn.Abst.960	6.00E+01	6.91E+01	7.84E+01	6.47E+01	2.49E+01
SP.Syn.Abst.961	1.66E+02	3.21E+02	2.89E+02	1.95E+02	5.29E+01
SP.Syn.Abst.962	1.57E+02	5.36E+01	9.94E+01	1.54E+02	2.15E+01
SP.Syn.Abst.963	7.23E+01	3.15E+02	2.73E+02	1.64E+02	5.69E+01
SP.Syn.Abst.964	2.94E+02	1.44E+02	1.72E+02	2.69E+02	5.84E+01
SP.Syn.Abst.965	2.15E+02	1.99E+02	1.42E+02	1.61E+02	3.40E+01
SP.Syn.Abst.966	9.41E+01	1.76E+02	1.49E+02	1.33E+02	3.37E+01
SP.Syn.Abst.967	2.16E+02	1.13E+02	1.67E+02	2.10E+02	2.24E+01
SP.Syn.Abst.968	9.74E+01	1.04E+02	1.06E+02	1.15E+02	3.78E+01
SP.Syn.Abst.969	1.41E+02	1.42E+02	1.17E+02	1.18E+02	4.51E+01
SP.Syn.Abst.970	1.13E+02	1.01E+02	1.23E+02	1.20E+02	6.26E+01
SP.Syn.Abst.971	1.81E+02	2.44E+02	2.17E+02	1.57E+02	4.33E+01
SP.Syn.Abst.972	5.89E+01	3.47E+01	5.04E+01	7.65E+01	2.11E+01
SP.Syn.Abst.973	1.51E+02	1.55E+02	1.33E+02	1.35E+02	4.10E+01
SP.Syn.Abst.974	8.59E+01	1.09E+02	1.05E+02	9.73E+01	2.83E+01
SP.Syn.Abst.975	5.05E+01	7.25E+01	6.20E+01	6.06E+01	2.03E+01
SP.Syn.Abst.976	1.49E+02	8.13E+01	1.01E+02	1.58E+02	6.30E+01
SP.Syn.Abst.977	1.15E+02	1.80E+02	1.55E+02	1.35E+02	2.02E+01
SP.Syn.Abst.978	8.70E+01	1.01E+02	9.07E+01	9.50E+01	3.37E+01
SP.Syn.Abst.979	2.53E+02	1.30E+02	1.74E+02	2.18E+02	5.04E+01
SP.Syn.Abst.980	1.03E+02	1.86E+02	1.35E+02	1.41E+02	1.95E+01
SP.Syn.Abst.981	9.12E+01	7.97E+01	8.96E+01	1.04E+02	3.54E+01
SP.Syn.Abst.982	8.26E+01	2.08E+02	1.78E+02	1.06E+02	2.69E+01
SP.Syn.Abst.983	1.04E+02	2.57E+02	2.28E+02	1.43E+02	4.58E+01
SP.Syn.Abst.984	7.83E+01	1.16E+02	1.10E+02	9.45E+01	4.19E+01
SP.Syn.Abst.985	1.88E+02	2.02E+02	1.35E+02	1.54E+02	3.88E+01
SP.Syn.Abst.986	1.68E+02	1.02E+02	9.35E+01	1.53E+02	1.88E+01
SP.Syn.Abst.987	1.68E+02	2.28E+02	2.24E+02	1.56E+02	3.41E+01
SP.Syn.Abst.988	9.57E+01	1.57E+02	1.21E+02	9.59E+01	2.40E+01
SP.Syn.Abst.989	2.10E+01	1.17E+02	1.08E+02	6.39E+01	1.92E+01
SP.Syn.Abst.990	1.64E+02	1.80E+02	1.90E+02	1.33E+02	3.88E+01
SP.Syn.Abst.991	1.27E+02	1.08E+02	1.20E+02	1.11E+02	4.11E+01
SP.Syn.Abst.992	7.28E+01	8.16E+01	7.83E+01	7.11E+01	3.00E+01
SP.Syn.Abst.993	1.30E+02	6.77E+01	6.74E+01	1.34E+02	3.36E+01
SP.Syn.Abst.994	1.44E+02	1.66E+02	1.24E+02	1.44E+02	4.47E+01
SP.Syn.Abst.995	1.28E+02	1.12E+02	1.24E+02	1.17E+02	2.10E+01
SP.Syn.Abst.996	1.61E+02	1.37E+02	1.07E+02	1.40E+02	3.06E+01
SP.Syn.Abst.997	9.01E+01	9.97E+01	1.01E+02	8.40E+01	4.68E+01
SP.Syn.Abst.998	1.03E+02	7.05E+01	7.79E+01	9.17E+01	3.11E+01
SP.Syn.Abst.999	8.76E+01	1.13E+02	1.20E+02	9.71E+01	5.50E+01
SP.Syn.Abst.1000	8.68E+01	2.06E+02	1.45E+02	1.48E+02	3.63E+01
