Samples	SBSCUST1	SBSCUST2	SBSCUST5	SBS288B	SBS288C	SBS288D	SBS288G
PD37458	6577	0	0	0	0	0	0
PD37459	0	4473	0	0	0	0	0
PD37461	4282	0	0	0	0	0	0
PD37462	4500	0	0	0	0	0	0
PD37463	0	0	22080	0	0	0	0
PD37464	5708	0	984	0	0	0	0
PD37466	6074	0	1797	0	0	0	0
PD37467	6	0	0	0	0	0	5295
PD37468	12865	0	0	0	0	0	0
PD37469	0	7834	829	0	0	0	0
PD37470	0	21	0	0	0	0	9818
PD37472	7573	0	0	0	0	0	0
PD37473	4916	0	0	0	0	0	0
PD37474	3985	0	0	0	0	0	0
PD37475	5892	0	0	0	0	0	0
PD37476	3392	0	0	0	0	0	0
PD37478	4237	0	0	0	0	0	0
PD37479	7936	0	0	0	0	0	0
PD37480	11	0	0	0	0	0	5684
PD37481	9183	0	0	0	0	0	0
PD37482	3	0	0	0	0	0	4342
PD37483	12	0	0	0	0	0	6224
PD37484	0	0	14840	0	0	0	0
PD37485	3764	0	0	0	0	0	0
PD37486	3946	0	0	0	0	0	0
PD42572	6848	0	7282	0	0	0	0
PD42573	4863	0	0	0	0	0	0
PD42574	6114	0	428	0	0	0	0
PD42576	0	9552	2496	0	0	0	0
PD42578	10	0	0	0	0	0	6211
PD42580	3858	0	0	0	0	0	0
PD42585	8707	0	1631	0	0	0	0
PD42586	3019	0	0	0	0	0	0
PD42587	0	0	12611	0	0	0	0
PD42590	0	2	0	5783	0	0	0
PD42591	0	0	45376	0	0	0	0
PD42592	6915	0	0	0	0	0	0
PD42593	4655	0	0	0	0	0	0
PD42595	5282	0	0	0	0	0	0
PD42596	0	2840	0	0	0	0	0
PD42671	6405	0	0	0	0	0	0
PD42672	0	5	0	5105	0	0	0
PD42673	2654	4335	0	0	0	0	0
PD42674	4426	0	339	0	0	0	0
PD42675	0	4337	0	0	0	0	0
PD42676	3962	0	0	0	0	0	0
PD42677	0	5433	473	0	0	0	0
PD42876	0	0	15976	0	0	0	0
PD42882	0	4	0	8825	0	0	0
PD42884	5864	0	2672	0	0	0	0
PD42885	0	0	8324	0	0	0	0
PD42886	7832	0	1148	0	0	0	0
PD42887	0	0	15386	0	0	0	0
PD42890	11716	0	7872	0	0	0	0
PD42891	0	9	0	0	0	7846	0
PD42893	4783	0	0	0	0	0	0
PD42894	0	0	21504	0	0	0	0
PD42895	7678	0	1098	0	0	0	0
PD42896	7297	0	4360	0	0	0	0
PD42897	7297	0	4491	0	0	0	0
PD42898	0	0	33259	0	0	0	0
PD42899	0	0	26526	0	0	0	0
PD42900	0	0	0	0	7307	4324	3621
PD42901	5128	0	0	0	0	0	0
PD42902	0	3720	117	0	0	0	0
PD42903	0	6031	1254	0	0	0	0
PD42904	4778	0	522	0	0	0	0
PD42905	0	0	20142	0	0	0	0
PD42906	0	0	8539	0	0	0	0
PD46699	8008	0	0	0	0	0	0
PD46700	4	0	0	0	0	0	3379
PD46701	0	5559	0	0	0	0	0
PD46702	4885	0	0	0	0	0	0
PD46703	8171	0	0	0	0	0	0
PD46704	4363	0	0	0	0	0	0
PD46705	0	0	13124	0	0	0	0
PD46706	7475	0	0	0	0	0	0
PD46707	4740	0	0	0	0	0	0
PD46708	8261	0	0	0	0	0	0
PD46709	0	6580	0	0	0	0	0
PD46710	0	5	0	5791	0	0	0
PD46711	0	4767	0	0	0	0	0
PD46712	0	4861	0	0	0	0	0
PD46713	8391	0	0	0	0	0	0
PD46714	6857	0	0	0	0	0	0
PD46716	0	6996	0	0	0	0	0
PD46717	7657	0	0	0	0	0	0
PD46718	2647	0	0	0	0	0	0
PD46719	3827	0	0	0	0	0	0
PD46720	9	0	0	0	0	0	7715
PD46721	0	2	0	3131	0	0	1485
PD46722	4458	0	0	0	0	0	0
PD46723	5394	0	0	0	0	0	0
PD46724	0	1	0	1793	0	0	768
PD46725	3757	0	0	0	0	0	0
PD46726	5433	0	0	0	0	0	0
PD46727	0	1	0	1934	0	1522	1090
PD46728	4937	0	0	0	0	0	0
PD46729	9	0	0	0	0	0	5220
PD46730	1	0	0	0	992	0	1156
PD46731	7162	0	0	0	0	0	0
PD46732	4813	0	0	0	0	0	0
PD46733	5	0	0	0	0	0	4458
PD46734	7162	0	0	0	0	0	0
PD46735	0	2	0	3048	0	0	0
PD46736	11	0	0	0	0	0	5676
PD46737	0	2	0	2591	0	0	1136
PD46738	3622	0	0	0	0	0	0
PD46739	4366	0	0	0	0	0	0
PD46743	8257	0	0	0	0	0	0
PD46744	4453	0	0	0	0	0	0
PD46745	5319	0	0	0	0	0	0
PD46748	7537	0	0	0	0	0	0
PD46749	0	2	0	5266	0	3019	0
PD46750	3877	0	0	0	0	0	0
PD46752	5890	0	0	0	0	0	0
PD46753	0	1	0	1315	498	0	562
PD46754	4890	0	0	0	0	0	0
PD46755	4375	0	0	0	0	0	0
PD46757	4367	0	0	0	0	0	0
PD46763	9103	0	0	0	0	0	0
PD46764	5640	0	0	0	0	0	0
PD46766	3037	0	0	0	0	0	0
PD46767	0	3	0	0	0	2046	1278
PD46768	0	3398	0	0	0	0	0
PD46769	8	0	0	0	0	0	4179
PD46770	5002	0	0	0	0	0	0
PD46771	7985	0	0	0	0	0	0
PD46772	0	8154	1223	0	0	0	0
PD46773	5148	0	3740	0	0	0	0
PD46774	0	0	14253	0	0	0	0
PD46775	0	0	18182	0	0	0	0
PD46776	6240	0	2324	0	0	0	0
PD46777	6905	0	0	0	0	0	0
PD46779	1301	0	0	0	0	0	0
PD46781	2418	0	0	0	0	0	0
PD46783	6	0	0	0	0	0	6486
PD46784	2	0	0	0	0	0	2296
PD46785	4548	0	0	0	0	0	0
PD46786	0	2	0	0	0	4369	1204
PD46787	0	3	0	5426	0	0	0
PD46789	6888	0	0	0	0	0	0
PD46790	0	3	0	0	0	3598	1904
PD46791	6316	0	0	0	0	0	0
PD46793	5508	0	0	0	0	0	0
PD46798	0	5661	0	0	0	0	0
PD46799	0	1995	0	0	0	0	0
PD46800	2779	0	0	0	0	0	0
PD46801	6940	0	0	0	0	0	0
PD46806	0	9498	0	0	0	0	0
PD46807	1924	0	0	0	0	0	0
PD46809	3188	0	0	0	0	0	0
PD46810	1	0	0	1056	0	0	720
PD46811	7108	0	0	0	0	0	0
PD46812	0	6714	0	0	0	0	0
PD46815	0	5224	0	0	0	0	0
PD46817	7	0	0	0	0	0	4357
PD46819	3520	0	0	0	0	0	0
PD46820	0	1	0	0	0	1154	694
PD46821	4	0	0	0	0	0	2369
PD46822	5	0	0	0	0	0	4331
PD46824	5577	0	0	0	0	0	0
PD46826	0	4	0	4718	0	0	0
PD46827	6687	0	0	0	0	0	0
PD46828	0	4	0	4913	0	0	0
PD46829	5598	0	0	0	0	0	0
PD46830	5117	0	0	0	0	0	0
PD46831	8576	0	0	0	0	0	0
PD46832	0	8318	0	0	0	0	0
PD46833	0	3	0	3133	0	0	0
PD46834	9	0	0	0	0	0	4734
PD46835	3603	0	0	0	0	0	0
PD46836	4464	0	0	0	0	0	0
PD46838	0	3101	0	0	0	0	0
PD46839	0	1583	0	0	0	0	0
PD46841	0	6	0	8400	0	0	0
PD46842	0	7340	0	0	0	0	0
PD46844	4829	0	0	0	0	0	0
PD46845	8040	0	0	0	0	0	0
PD46846	5	0	0	0	0	0	6598
PD46847	0	7	0	8328	0	0	0
PD46848	8	0	0	0	0	0	6308
PD46849	5803	0	0	0	0	0	0
PD46850	3457	0	0	0	0	0	0
PD46851	0	2	0	4298	0	0	0
PD46852	5436	0	0	0	0	0	0
PD46853	4195	0	0	0	0	0	0
PD46854	14	0	0	0	0	0	7572
PD46855	7102	0	0	0	0	0	0
PD46856	4	0	0	0	0	0	4465
PD46857	0	4	0	0	0	4410	0
PD46858	5	0	0	0	0	0	3114
PD46859	4814	0	0	0	0	0	0
PD46860	3939	0	0	0	0	0	0
PD46861	0	0	0	2075	690	0	588
PD46862	0	4569	211	0	0	0	0
PD46863	5957	0	0	0	0	0	0
PD46864	6176	0	0	0	0	0	0
PD46865	7803	0	0	0	0	0	0
PD46866	6710	0	0	0	0	0	0
PD46868	6784	0	0	0	0	0	0
PD46869	12	0	0	0	0	0	6698
PD46870	0	3796	0	0	0	0	0
PD46871	5315	0	0	0	0	0	0
PD46872	13	0	0	0	0	0	6327
PD46873	1	0	0	0	802	0	0
PD46874	3113	5088	0	0	0	0	0
PD46875	9	0	0	0	0	0	5012
PD46876	2991	0	0	0	0	0	0
PD46877	0	4	0	0	0	0	2101
PD46878	0	10	0	0	0	0	3751
PD46879	11	0	0	0	0	0	5607
PD46882	7	0	0	0	0	0	3786
PD46884	7	0	0	0	0	0	5601
PD46885	7903	0	0	0	0	0	0
PD46886	4840	0	0	0	0	0	0
PD46887	7609	0	0	0	0	0	0
PD46888	3331	0	0	0	0	0	0
PD46889	8	0	0	0	0	0	5709
PD46891	8	0	0	0	0	0	4567
PD46892	0	7189	0	0	0	0	0
PD46901	5418	0	0	0	0	0	0
PD46902	9	0	0	0	0	0	4402
PD46903	0	5	0	6594	0	0	0
PD46904	3691	0	217	0	0	0	0
PD46905	7974	0	0	0	0	0	0
PD46907	0	2	0	2359	0	0	0
PD46909	12	0	0	0	0	0	6545
PD46911	0	838	0	0	0	0	0
PD46912	0	2506	0	0	0	0	0
PD46913	0	5	0	6974	0	0	2580
PD46914	0	2	0	2847	0	0	0
PD46916	4815	0	0	0	0	0	0
PD46917	0	4736	0	0	0	0	0
PD46918	3848	0	0	0	0	0	0
PD46919	2614	0	0	0	0	0	0
PD46920	4	0	0	0	0	0	2436
PD46922	0	5377	0	0	0	0	0
PD46923	7	0	0	0	0	0	5239
PD46924	5151	0	0	0	0	0	0
PD46925	6	0	0	0	0	0	3473
PD46926	0	2	0	0	0	3042	1600
PD46928	7181	0	0	0	0	0	0
PD46929	6	0	0	0	0	0	4022
PD46930	14	0	0	0	0	0	8394
PD46931	3379	0	0	0	0	0	0
PD46933	3061	0	0	0	0	0	0
PD46934	5609	0	0	0	0	0	0
PD46935	7	0	0	0	0	0	4572
PD46936	5061	0	0	0	0	0	0
PD46937	0	2	0	1968	0	0	0
PD46938	5179	0	0	0	0	0	0
PD46939	3765	0	0	0	0	0	0
PD46940	0	4	0	5171	0	0	0
PD46941	4464	0	0	0	0	0	0
PD46942	5	0	0	0	0	0	4519
PD46943	7998	0	0	0	0	0	0
PD46947	4801	0	0	0	0	0	0
PD46948	5	0	0	0	0	0	4748
PD46949	12	0	0	0	0	0	7491
PD46950	10958	0	0	0	0	0	0
PD46951	4872	0	0	0	0	0	0
PD46953	0	0	43229	0	0	0	0
PD46954	0	0	5347	0	0	0	0
PD46955	0	7939	2256	0	0	0	0
PD46956	0	0	19342	0	0	0	0
PD46957	0	0	15564	0	0	0	0
PD46958	0	0	11525	0	0	0	0
PD46959	0	6361	0	0	0	0	0
PD46960	3	0	0	7566	0	0	0
PD46961	0	2	0	4760	0	0	0
PD46962	6650	0	0	0	0	0	0
PD46963	9981	0	0	0	0	0	0
PD46964	4977	0	0	0	0	0	0
PD47583	4829	0	0	0	0	0	0
PD47584	0	1	0	1404	0	0	858
PD47586	2621	0	0	0	0	0	0
PD47587	5236	0	0	0	0	0	0
PD47589	4447	0	0	0	0	0	0
PD47590	5922	0	5155	0	0	0	0
PD47591	6193	0	256	0	0	0	0
PD47592	0	0	1	55306	0	10700	0
PD47593	0	5607	2760	0	0	0	0
PD47596	0	9926	0	0	0	0	0
PD47597	5715	0	876	0	0	0	0
PD47598	10	0	0	0	0	0	6220
PD47599	5122	0	0	0	0	0	0
PD47600	0	5707	0	0	0	0	0
PD47601	3586	0	0	0	0	0	0
PD47605	4781	0	0	0	0	0	0
PD47606	6554	0	0	0	0	0	0
PD48850	6705	0	0	0	0	0	0
PD48851	0	5	0	7428	0	0	0
PD48852	0	2	0	2589	0	2444	1824
PD48855	0	0	0	0	0	12833	0
PD48858	6430	0	0	0	0	0	0
PD48859	0	5031	0	0	0	0	0
PD48861	0	4	0	8155	0	0	0
PD48864	3811	0	0	0	0	0	0
PD48865	6	0	0	0	0	0	3428
PD48866	7116	0	0	0	0	0	0
PD48867	3891	0	0	0	0	0	0
PD48868	0	3	0	3293	0	0	0
PD48869	10099	0	0	0	0	0	0
PD48871	3154	0	0	0	0	0	0
PD48872	3579	0	0	0	0	0	0
PD48873	4	0	0	0	0	0	3131
PD48875	9691	0	0	0	0	0	0
PD48877	2399	3845	0	0	0	0	0
PD48878	2421	0	0	0	0	0	0
PD48879	2865	0	178	0	0	0	0
PD48881	0	6780	0	0	0	0	0
PD48882	0	7176	1628	0	0	0	0
PD48884	5897	0	859	0	0	0	0
PD48885	0	2615	0	0	0	0	0
PD48886	0	2236	0	0	0	0	0
PD48887	0	0	27982	0	0	0	0
PD48890	0	9062	1363	0	0	0	0
PD48898	10	0	0	0	0	0	5705
PD48899	3	0	0	0	0	0	3792
PD48902	0	7749	855	0	0	0	0
PD48904	2465	0	0	0	0	0	0
PD48906	5323	0	0	0	0	0	0
PD48907	3981	0	0	0	0	0	0
PD48909	4252	0	0	0	0	0	0
PD48911	9165	0	0	0	0	0	0
PD48913	4332	0	0	0	0	0	0
PD48914	8	0	0	0	0	0	4708
PD48915	0	5	0	0	0	5510	0
PD48916	4285	0	0	0	0	0	0
PD48919	0	1	0	1511	0	0	692
PD48920	7144	0	0	0	0	0	0
PD48922	0	5214	0	0	0	0	0
PD48924	0	2	0	3235	0	0	0
PD48929	0	3	0	3362	0	0	1474
PD48931	7494	0	0	0	0	0	0
PD48932	6282	0	0	0	0	0	0
PD48933	0	0	0	0	4834	0	1904
PD48934	5	0	0	0	0	0	4004
PD48935	4555	0	0	0	0	0	0
PD48936	4355	0	0	0	0	0	0
PD48937	8	0	0	0	0	0	4189
PD48939	5519	0	0	0	0	0	0
PD48940	0	3	0	3451	0	0	1422
PD48942	12853	0	0	0	0	0	0
PD48943	9	0	0	0	0	0	6268
PD48944	3	0	0	0	0	0	2924
PD48945	8	0	0	0	0	0	4746
PD48946	0	3	0	3254	0	0	0
PD48948	8	0	0	0	0	0	6223
PD48949	5371	0	0	0	0	0	0
PD48950	5539	0	0	0	0	0	0
PD50083	0	4	0	6082	0	0	0
PD50084	3538	0	0	0	0	0	0
PD50085	0	5317	0	0	0	0	0
PD50086	0	6	0	0	0	5698	0
PD50087	5119	0	0	0	0	0	0
PD50089	0	0	12603	0	0	0	0
PD50090	0	4108	328	0	0	0	0
PD50092	3396	0	0	0	0	0	0
PD50094	0	2431	152	0	0	0	0
PD50095	0	3894	0	0	0	0	0
PD50096	3	0	0	0	0	0	2732
PD50097	4977	0	0	0	0	0	0
PD50099	4343	0	484	0	0	0	0
PD50100	6745	0	0	0	0	0	0
PD50101	0	6045	381	0	0	0	0
PD50102	4383	0	0	0	0	0	0
PD50103	2685	0	0	0	0	0	0
PD50105	7752	0	0	0	0	0	0
PD50107	5677	0	0	0	0	0	0
PD50110	0	5971	0	0	0	0	0
PD50111	6691	0	0	0	0	0	0
PD50114	10	0	0	0	0	0	4956
PD50115	0	5	0	6526	0	0	0
PD50116	8837	0	0	0	0	0	0
PD50119	8827	0	0	0	0	0	0
PD50120	13	0	0	0	0	0	6204
PD50122	6003	0	0	0	0	0	0
PD50123	11	0	0	0	0	0	6531
PD50124	0	2	0	2707	0	0	1137
PD50127	3870	0	0	0	0	0	0
PD50129	12	0	0	0	0	0	6340
PD50131	4	0	0	0	0	0	4484
PD50132	7346	0	0	0	0	0	0
PD50135	8	0	0	0	0	0	5023
PD50137	1817	0	0	0	0	0	0
PD50138	5793	0	0	0	0	0	0
PD50139	5357	0	0	0	0	0	0
PD50140	0	4	0	3687	0	0	1402
PD50143	1	0	0	0	584	0	633
PD50146	4310	0	0	0	0	0	0
PD50147	0	0	11527	0	0	0	0
PD50148	4561	0	0	0	0	0	0
PD50151	0	5100	0	0	0	0	0
PD50153	0	5035	741	0	0	0	0
PD50154	4	0	0	0	0	0	2418
PD50157	0	3	0	3350	0	0	0
PD50160	2896	0	0	0	0	0	0
PD50161	9	0	0	0	0	0	4722
PD50162	0	2	0	0	0	4740	1972
PD50163	0	8	0	0	0	6912	0
PD50164	4782	0	0	0	0	0	0
PD50165	9	0	0	0	0	0	5395
PD50166	0	3	0	2888	0	0	1487
PD50167	6972	0	0	0	0	0	0
PD50168	0	8125	0	0	0	0	0
PD50169	3417	0	0	0	0	0	0
PD50170	4	0	0	0	0	0	4376
PD50171	4380	0	0	0	0	0	0
PD50172	2434	0	0	0	0	0	0
PD50173	0	7015	0	0	0	0	0
PD50175	6174	0	0	0	0	0	0
PD50177	0	5	0	0	0	0	2878
PD50181	0	6	0	6126	0	0	0
PD50183	0	5728	0	0	0	0	0
PD50184	6	0	0	0	0	0	3378
PD50187	4564	0	0	0	0	0	0
PD50188	0	8	0	6461	0	0	0
PD50190	9155	0	0	0	0	0	0
PD50191	5	0	0	0	0	0	3912
PD50194	0	2	0	1989	0	0	713
PD50196	4642	0	0	0	0	0	0
PD50197	0	1	0	1923	0	0	777
PD50199	4	0	0	0	0	0	3111
PD50200	6303	0	0	0	0	0	0
PD50201	4	0	0	0	0	0	2931
PD50202	0	1733	0	0	0	0	0
PD50203	2	0	0	0	0	0	2596
PD50207	4603	0	0	0	0	0	0
PD50209	1	0	0	809	799	0	811
PD50210	1	0	0	0	1196	0	784
PD50212	0	1	0	1632	0	0	686
PD50213	5085	0	0	0	0	0	0
PD50214	3423	0	0	0	0	0	0
PD50215	4012	0	0	0	0	0	0
PD50216	3091	0	0	0	0	0	0
PD50217	11	0	0	0	0	0	6769
PD50219	4553	0	0	0	0	0	0
PD50221	1672	0	0	0	0	0	0
PD50325	13	0	0	0	0	0	6278
PD50326	0	2	0	1769	0	0	0
PD50327	7340	0	0	0	0	0	0
PD50329	0	1	0	861	0	824	339
PD50334	5906	0	0	0	0	0	0
PD50335	0	2	0	0	0	5039	1513
PD50337	0	2735	0	0	0	0	0
PD50339	5108	0	0	0	0	0	0
PD50340	4737	0	0	0	0	0	0
PD50341	3649	0	0	0	0	0	0
PD50342	3344	0	0	0	0	0	0
PD50343	4627	0	0	0	0	0	0
PD50344	6845	0	0	0	0	0	0
PD50345	7	0	0	0	0	0	5178
PD50346	0	2	0	3041	0	0	945
PD50347	0	5536	0	0	0	0	0
PD50350	0	4515	0	0	0	0	0
PD50351	5495	0	0	0	0	0	0
PD50354	3351	0	0	0	0	0	0
PD50357	0	5222	397	0	0	0	0
PD50360	8	0	0	0	0	0	5427
PD50387	13	0	0	0	0	0	6539
PD50388	3530	0	0	0	0	0	0
PD50389	7346	0	0	0	0	0	0
PD50393	6344	0	0	0	0	0	0
PD50394	6	0	0	0	0	0	3833
PD50397	4338	0	0	0	0	0	0
PD50401	7	0	0	0	0	0	3657
PD50403	0	1	0	0	0	0	14242
PD50404	4568	0	0	0	0	0	0
PD50405	3699	0	0	0	0	0	0
PD50406	4889	0	0	0	0	0	0
PD50408	12	0	0	0	0	0	5502
PD50409	0	6773	0	0	0	0	0
PD50411	4830	0	0	0	0	0	0
PD50412	6620	0	0	0	0	0	0
PD50413	5585	0	0	0	0	0	0
PD50415	5480	0	0	0	0	0	0
PD50418	0	0	0	0	626	3389	759
PD50420	0	12	0	0	0	13884	0
PD50421	6351	0	0	0	0	0	0
PD50422	5990	0	0	0	0	0	0
PD50425	0	2	0	5451	0	0	1212
PD50428	3226	0	0	0	0	0	0
PD50429	6310	0	0	0	0	0	0
PD50430	0	4134	0	0	0	0	0
PD50431	8	0	0	0	0	0	4275
PD50432	4	0	0	0	0	0	2538
PD50433	3	0	0	0	0	0	2218
PD50434	5	0	0	0	0	0	2944
PD50438	7321	0	0	0	0	0	0
PD50440	9	0	0	0	0	0	4957
PD50441	0	0	0	0	11766	0	6453
PD50442	0	8	0	6899	0	0	0
PD50443	5948	0	0	0	0	0	0
PD50444	4	0	0	6886	0	0	0
PD50449	0	4694	0	0	0	0	0
PD50450	4	0	0	0	0	0	3125
PD50453	7203	0	0	0	0	0	0
PD50454	2669	0	0	0	0	0	0
PD50455	3311	0	0	0	0	0	0
PD50456	1	0	0	1054	909	0	1479
PD50457	5204	0	0	0	0	0	0
PD50458	0	7	0	0	0	0	2624
PD50459	6379	0	0	0	0	0	0
PD50460	6	0	0	0	0	0	3526
PD50461	3	0	0	0	0	0	2645
PD50462	6853	0	0	0	0	0	0
PD50603	8120	0	0	0	0	0	0
PD50604	3007	0	0	0	0	0	0
PD50605	4456	0	0	0	0	0	0
PD50606	5475	0	893	0	0	0	0
PD50607	3841	0	0	0	0	0	0
PD50610	1	0	0	703	576	852	627
PD50612	7	0	0	0	7138	0	0
PD50613	0	3676	0	0	0	0	0
PD50614	0	2	0	2065	0	0	851
PD50616	0	9	0	0	0	0	4645
PD50618	0	2	0	3120	0	0	1161
PD50619	4736	0	0	0	0	0	0
PD50620	6545	0	0	0	0	0	0
PD50621	5	0	0	0	0	7366	0
PD50622	5	0	0	0	0	0	6673
PD50625	4862	0	0	0	0	0	0
PD50627	4447	0	0	0	0	0	0
PD50629	0	5344	0	0	0	0	0
PD50630	7630	0	0	0	0	0	0
PD50632	5341	0	0	0	0	0	0
PD50634	6	0	0	0	0	0	3494
PD50637	5570	0	0	0	0	0	0
PD50638	7775	0	0	0	0	0	0
PD51175	4518	0	0	0	0	0	0
PD51176	4	0	0	0	0	0	3656
PD51177	6956	0	0	0	0	0	0
PD51178	8883	0	0	0	0	0	0
PD51179	0	3	0	3303	0	0	1262
PD51180	3838	0	0	0	0	0	0
PD51181	5784	0	0	0	0	0	0
PD51182	4	0	0	0	0	0	2919
PD51183	0	3149	0	0	0	0	0
PD51184	7632	0	0	0	0	0	0
PD51185	8	0	0	0	0	0	4741
PD51186	0	12	0	0	0	0	4259
PD51187	0	2	0	6543	0	2475	0
PD51188	7083	0	0	0	0	0	0
PD51189	7	0	0	0	0	0	5106
PD51190	4	0	0	0	0	0	2659
PD51191	0	5613	0	0	0	0	0
PD51192	5936	0	0	0	0	0	0
PD51194	10	0	0	0	0	0	5267
PD51195	4	0	0	0	0	4653	2112
PD51196	4719	0	0	0	0	0	0
PD51197	0	3585	0	0	0	0	0
PD51198	6	0	0	0	0	0	3563
PD51199	0	2	0	2910	0	3227	1179
PD51205	7	0	0	0	0	0	4373
PD51206	8	0	0	0	0	0	5001
PD51207	7484	0	0	0	0	0	0
PD51209	19	0	0	0	0	0	9507
PD51210	6811	0	0	0	0	0	0
PD51211	0	5913	0	0	0	0	0
PD51213	0	6	0	9002	0	0	0
PD51214	0	4	0	5187	0	0	0
PD51215	7306	0	0	0	0	0	0
PD51216	3313	0	0	0	0	0	0
PD51217	6380	0	0	0	0	0	0
PD51218	0	4	0	3809	0	0	0
PD51219	8801	0	0	0	0	0	0
PD51220	4170	0	0	0	0	0	0
PD51221	0	2	0	2380	0	2073	1377
PD51222	0	2	0	0	0	3537	0
PD51223	1	0	0	2424	0	0	1361
PD51224	2	0	0	0	0	3819	0
PD51225	6379	0	0	0	0	0	0
PD51226	3325	0	0	0	0	0	0
PD51227	6	0	0	0	0	0	3266
PD51228	0	4	0	7005	0	0	0
PD51229	0	1	0	2667	0	0	1222
PD51231	7799	0	0	0	0	0	0
PD51232	0	1	0	1335	0	1357	655
PD51233	5910	0	0	0	0	0	0
PD51234	6925	0	0	0	0	0	0
PD51235	6159	0	0	0	0	0	0
PD51236	5	0	0	0	0	0	2913
PD51237	6	0	0	0	0	0	4561
PD51238	5265	0	0	0	0	0	0
PD51239	10	0	0	0	0	0	5044
PD51240	4672	0	0	0	0	0	0
PD51241	3184	0	0	0	0	0	0
PD51242	6957	0	0	0	0	0	0
PD51243	0	4	0	4375	0	0	0
PD51244	4255	0	0	0	0	0	0
PD51245	1	0	0	1168	497	0	694
PD51246	0	3	0	5893	0	0	0
PD51247	0	5557	0	0	0	0	0
PD51248	0	2	0	0	0	2585	1204
PD51250	5072	0	0	0	0	0	0
PD51251	4125	0	0	0	0	0	0
PD51252	6805	0	0	0	0	0	0
PD51253	4893	0	0	0	0	0	0
PD51254	5149	0	0	0	0	0	0
PD51255	0	4	0	0	0	7444	0
PD51256	0	5	0	0	0	0	4193
PD51258	2892	0	0	0	0	0	0
PD51259	0	3	0	3090	0	0	0
PD51260	2993	0	0	0	0	0	0
PD51261	3719	0	0	0	0	0	0
PD51262	4273	0	0	0	0	0	0
PD51263	0	1	0	1296	563	0	0
PD51264	9	0	0	0	0	0	4890
PD51265	0	6090	0	0	0	0	0
PD51266	0	1	0	1775	0	642	623
PD51267	0	6582	0	0	0	0	0
PD51268	4064	0	0	0	0	0	0
PD51269	4068	0	489	0	0	0	0
PD51270	3146	4174	0	0	0	0	0
PD51271	0	6	0	0	0	0	4455
PD51273	6312	0	0	0	0	0	0
PD51274	0	3240	0	0	0	0	0
PD51275	8865	0	0	0	0	0	0
PD51276	1666	0	0	0	0	0	0
PD51277	5	0	0	0	0	0	4027
PD51278	0	4	0	4273	0	0	0
PD51279	9	0	0	0	0	0	4788
PD51280	3985	0	0	0	0	0	0
PD51281	0	2052	0	0	0	0	0
PD51282	0	5	0	5921	0	0	0
PD51284	4603	0	0	0	0	0	0
PD51285	7	0	0	0	0	0	4669
PD51286	6349	0	0	0	0	0	0
PD51287	0	7	0	7269	0	0	0
PD51288	0	5067	0	0	0	0	0
PD51289	5193	0	0	0	0	0	0
PD51290	2213	0	0	0	0	0	0
PD51291	0	4	0	4120	0	0	0
PD51292	5835	0	0	0	0	0	0
PD51293	2	0	0	0	0	0	2866
PD51294	0	3352	0	0	0	0	0
PD51295	10111	0	0	0	0	0	0
PD51296	3586	0	0	0	0	0	0
PD51297	3	0	0	0	0	4054	1964
PD51298	7076	0	0	0	0	0	0
PD51300	0	3994	0	0	0	0	0
PD51301	8	0	0	0	0	0	4843
PD51302	4263	0	0	0	0	0	0
PD51303	0	5264	0	0	0	0	0
PD51304	0	5885	0	0	0	0	0
PD51305	5802	0	0	0	0	0	0
PD51307	5970	0	0	0	0	0	0
PD51309	9089	0	0	0	0	0	0
PD51312	4458	0	0	0	0	0	0
PD51314	4	0	0	0	0	4240	2570
PD51316	8926	0	0	0	0	0	0
PD51318	5182	0	0	0	0	0	0
PD51319	0	0	0	1055	346	0	497
PD51320	7263	0	0	0	0	0	0
PD51321	0	6916	0	0	0	0	0
PD51322	7088	0	0	0	0	0	0
PD51323	6299	0	0	0	0	0	0
PD51324	6563	0	0	0	0	0	0
PD51381	6701	0	0	0	0	0	0
PD51382	0	0	0	719	0	1115	390
PD51385	0	6579	2779	0	0	0	0
PD51386	4718	0	0	0	0	0	0
PD51387	3	0	0	0	0	0	2739
PD51389	8937	0	0	0	0	0	0
PD51390	6413	0	0	0	0	0	0
PD51391	5222	0	0	0	0	0	0
PD51393	2	0	0	0	1051	0	825
PD51396	6322	0	0	0	0	0	0
PD51398	14	0	0	0	0	0	6994
PD51399	10	0	0	0	0	0	5594
PD51400	4316	0	0	0	0	0	0
PD51401	0	3	0	3978	0	3928	1657
PD51402	0	5	0	0	0	3818	0
PD51404	6178	0	0	0	0	0	0
PD51405	2217	0	0	0	0	0	0
PD51406	7	0	0	0	0	0	5010
PD51407	5558	0	0	0	0	0	0
PD51409	6832	0	0	0	0	0	0
PD51410	3794	0	0	0	0	0	0
PD51411	0	1	0	0	0	1701	0
PD51412	0	4	0	4218	0	0	0
PD51413	5670	0	0	0	0	0	0
PD51414	5205	0	0	0	0	0	0
PD51416	13	0	0	0	0	0	6193
PD51417	0	3	0	4196	0	0	0
PD51418	0	6883	0	0	0	0	0
PD51422	0	4	0	0	0	6187	0
PD51423	5022	0	0	0	0	0	0
PD51424	0	5262	0	0	0	0	0
PD51425	5087	0	0	0	0	0	0
PD51426	4490	0	0	0	0	0	0
PD51427	4313	0	0	0	0	0	0
PD51508	10	0	0	0	0	9935	0
PD51509	5976	0	0	0	0	0	0
PD51510	5646	0	0	0	0	0	0
PD51511	6429	0	0	0	0	0	0
PD51512	2	0	0	0	0	5170	0
PD51513	6006	0	0	0	0	0	0
PD51514	6405	0	0	0	0	0	0
PD51515	3590	0	0	0	0	0	0
PD51516	5445	0	0	0	0	0	0
PD51517	5502	0	0	0	0	0	0
PD51518	6395	0	0	0	0	0	0
PD51519	0	6963	0	0	0	0	0
PD51521	0	3	0	4955	0	0	0
PD51522	13	0	0	0	0	0	7404
PD51523	6	0	0	0	0	0	3179
PD51524	6247	0	0	0	0	0	0
PD51525	8	0	0	0	0	8806	0
PD51526	3783	0	0	0	0	0	0
PD51527	7303	0	0	0	0	0	0
PD51528	13	0	0	0	0	0	6968
PD51529	8807	0	0	0	0	0	0
PD51530	3359	0	0	0	0	0	0
PD51531	5640	0	0	0	0	0	0
PD51532	10291	0	0	0	0	0	0
PD51533	4403	0	0	0	0	0	0
PD51534	0	5149	0	0	0	0	0
PD51535	0	1926	0	0	0	0	0
PD51536	0	0	14922	0	0	0	0
PD51537	0	0	35288	0	0	0	0
PD51538	0	6553	1259	0	0	0	0
PD51539	0	0	3	11816	0	0	0
PD51540	0	0	18832	0	0	0	0
PD51541	4664	0	265	0	0	0	0
PD51542	0	0	19082	0	0	0	0
PD51543	6	0	1	0	0	0	6256
PD51544	0	0	18511	0	0	0	0
PD51545	6543	0	1280	0	0	0	0
PD51546	0	0	26725	0	0	0	0
PD51549	0	0	27613	0	0	0	0
PD51550	6	0	0	0	0	0	3277
PD51551	8843	0	0	0	0	0	0
PD51552	0	4	0	5557	0	0	0
PD51553	3738	0	0	0	0	0	0
PD51554	4581	0	0	0	0	0	0
PD51555	2441	0	0	0	0	0	0
PD51556	0	3520	0	0	0	0	0
PD51557	6	0	0	0	0	0	4825
PD51558	6426	0	0	0	0	0	0
PD51559	4978	0	0	0	0	0	0
PD51560	3726	0	0	0	0	0	0
PD51561	6691	0	0	0	0	0	0
PD51562	6844	0	0	0	0	0	0
PD51563	4642	0	0	0	0	0	0
PD51564	4085	0	0	0	0	0	0
PD51565	0	2506	0	0	0	0	0
PD51566	8630	0	0	0	0	0	0
PD51567	5897	0	0	0	0	0	0
PD51568	2988	0	0	0	0	0	0
PD51569	2564	0	0	0	0	0	0
PD51570	6211	0	0	0	0	0	0
PD51571	0	0	0	832	434	357	324
PD51572	9073	0	0	0	0	0	0
PD51573	0	0	0	0	16073	0	11020
PD51574	4020	0	0	0	0	0	0
PD51575	4700	0	0	0	0	0	0
PD51576	6766	0	0	0	0	0	0
PD51577	0	6	0	5761	0	0	0
PD51578	6598	0	0	0	0	0	0
PD51579	7808	0	0	0	0	0	0
PD51580	7197	0	0	0	0	0	0
PD51581	4881	0	0	0	0	0	0
PD51582	0	4931	0	0	0	0	0
PD51583	4043	0	0	0	0	0	0
PD51584	2945	0	0	0	0	0	0
PD51585	0	0	0	1285	639	0	0
PD51586	0	1	0	1423	0	0	368
PD51587	7	0	0	0	0	0	4896
PD51588	5	0	0	0	0	0	4287
PD51589	0	7427	0	0	0	0	0
PD51590	0	2	0	3323	0	0	0
PD51591	0	3	0	3344	0	0	0
PD51593	15	0	0	0	0	0	8106
PD51594	6	0	0	0	0	0	4364
PD51595	4	0	0	8239	0	0	0
PD51596	5988	0	0	0	0	0	0
PD51597	5805	0	0	0	0	0	0
PD51598	4	0	0	0	4398	0	0
PD51599	15	0	0	0	0	0	6955
PD51600	3158	0	0	0	0	0	0
PD51601	0	2	0	2695	0	0	0
PD51637	0	2	0	2565	0	0	1096
PD51638	4581	0	326	0	0	0	0
PD51639	3292	0	0	0	0	0	0
PD51640	0	6549	0	0	0	0	0
PD51642	4479	0	0	0	0	0	0
PD51643	5339	0	0	0	0	0	0
PD51644	5578	0	0	0	0	0	0
PD51645	0	1	0	3207	0	0	1111
PD51646	0	3466	0	0	0	0	0
PD51648	3335	0	0	0	0	0	0
PD51649	0	6874	0	0	0	0	0
PD51650	8	0	0	0	0	0	4532
PD51651	4118	0	0	0	0	0	0
PD51652	3950	0	0	0	0	0	0
PD51653	0	4150	294	0	0	0	0
PD51654	6224	0	0	0	0	0	0
PD51655	3924	0	0	0	0	0	0
PD51656	6677	0	0	0	0	0	0
PD51657	4	0	0	0	0	0	3572
PD51658	1553	0	0	0	0	0	0
PD51659	5320	0	0	0	0	0	0
PD51660	0	4	0	4140	0	0	0
PD51661	3319	0	0	0	0	0	0
PD51662	0	3	0	4648	0	0	0
PD51663	5052	0	0	0	0	0	0
PD51664	3535	0	0	0	0	0	0
PD51665	0	2	0	2358	0	0	0
PD51666	3997	0	0	0	0	0	0
PD51667	5	0	0	0	0	0	3590
PD51668	0	6	0	7913	0	0	0
PD51669	2371	0	0	0	0	0	0
PD51670	3112	0	0	0	0	0	0
PD51671	0	4082	0	0	0	0	0
PD51672	3559	0	0	0	0	0	0
PD51673	0	1	0	2401	599	761	0
PD51675	7	0	0	0	0	0	3731
PD51676	0	6145	0	0	0	0	0
PD51677	0	7	0	0	0	5226	0
PD51678	5	0	0	0	0	0	3129
PD51679	8	0	0	0	0	0	4830
PD51680	7	0	0	0	0	0	3757
PD51681	6	0	0	0	0	0	3114
PD51682	0	8038	0	0	0	0	0
PD51683	5312	0	0	0	0	0	0
PD51684	6	0	0	0	0	0	4584
PD51685	4365	0	0	0	0	0	0
PD51687	0	0	5533	0	0	0	0
PD51688	5186	0	0	0	0	0	0
PD51689	4330	0	0	0	0	0	0
PD51691	13	0	0	0	0	0	7047
PD51693	0	6063	0	0	0	0	0
PD51694	4989	0	0	0	0	0	0
PD51695	0	6080	0	0	0	0	0
PD51696	0	4516	0	0	0	0	0
PD51697	5504	0	0	0	0	0	0
PD51698	4085	0	0	0	0	0	0
PD51699	3628	0	0	0	0	0	0
PD51700	4994	0	0	0	0	0	0
PD51701	0	7042	0	0	0	0	0
PD51702	6776	0	0	0	0	0	0
PD51703	2915	0	0	0	0	0	0
PD51704	0	10	0	0	0	0	5044
PD51705	0	2	0	3496	0	2278	0
PD51706	1	0	0	0	1846	0	1000
PD51707	5	0	0	0	0	0	3621
PD51708	0	2755	0	0	0	0	0
PD51709	3824	0	0	0	0	0	0
PD51710	6045	0	0	0	0	0	0
PD51711	5278	0	0	0	0	0	0
PD51712	3841	0	0	0	0	0	0
PD51713	4813	0	0	0	0	0	0
PD51714	6780	0	0	0	0	0	0
PD51715	5211	0	0	0	0	0	0
PD51716	4264	0	0	0	0	0	0
PD51717	4378	0	0	0	0	0	0
PD51718	0	6081	0	0	0	0	0
PD51719	0	2	0	2160	0	0	0
PD51720	0	2554	0	0	0	0	0
PD51721	6399	0	0	0	0	0	0
PD51722	4132	0	0	0	0	0	0
PD51723	4757	0	0	0	0	0	0
PD51724	4	0	0	0	0	0	2329
PD51725	0	2	0	2954	0	0	1195
PD51726	0	1	0	2740	0	0	1211
PD51727	7	0	0	0	0	0	3915
PD51728	0	5	0	4361	0	0	0
PD51729	0	12	0	0	0	14321	0
PD51730	4562	0	0	0	0	0	0
PD51732	7955	0	0	0	0	0	0
PD51733	0	2	0	0	0	2672	1868
PD51734	5830	0	0	0	0	0	0
PD51735	0	3122	0	0	0	0	0
PD51736	8	0	0	0	0	0	5764
PD51737	8420	0	0	0	0	0	0
PD51740	4968	0	0	0	0	0	0
PD51742	5866	0	0	0	0	0	0
PD51743	5312	0	0	0	0	0	0
PD51744	6246	0	0	0	0	0	0
PD51745	16	0	0	0	0	0	8491
PD51746	4343	0	0	0	0	0	0
PD51747	8	0	0	0	0	0	4331
PD51748	7560	0	0	0	0	0	0
PD51749	0	5893	0	0	0	0	0
PD51750	12	0	0	0	0	0	6450
PD51754	4932	0	0	0	0	0	0
PD51766	7383	0	0	0	0	0	0
PD51767	0	6	0	6274	0	0	0
PD51768	3	0	0	0	0	3610	0
PD51769	0	5	0	0	0	0	2713
PD51770	0	7	0	0	0	6767	0
PD51771	20	0	0	0	0	0	9278
PD51772	7147	0	0	0	0	0	0
PD51773	5104	0	0	0	0	0	0
PD51774	3135	0	0	0	0	0	0
PD51775	6518	0	0	0	0	0	0
PD51777	0	3	0	0	0	3713	1834
PD51778	3692	0	0	0	0	0	0
PD51779	4075	0	281	0	0	0	0
PD51780	0	0	10244	0	0	0	0
PD51781	0	0	1	0	20680	0	12392
PD51782	0	0	1	0	6546	0	0
PD51783	0	0	11763	0	0	0	0
PD51784	6178	0	737	0	0	0	0
PD51785	4	0	0	0	0	0	5014
PD51786	8163	0	0	0	0	0	0
PD51788	0	4570	0	0	0	0	0
PD51791	0	4988	0	0	0	0	0
PD51793	7094	0	0	0	0	0	0
PD51794	4910	0	0	0	0	0	0
PD51801	4841	0	0	0	0	0	0
PD51803	17	0	0	0	0	0	8553
PD51805	4	0	0	0	0	0	3163
PD51806	11467	0	8952	0	0	0	0
PD51812	9490	0	0	0	0	0	0
PD51814	6177	0	0	0	0	0	0
PD51815	5524	0	0	0	0	0	0
PD51816	2481	3704	0	0	0	0	0
PD51817	7211	0	0	0	0	0	0
PD51818	0	4688	0	0	0	0	0
PD51820	3820	0	160	0	0	0	0
PD51821	0	3	0	4765	0	0	1907
PD51823	12	0	0	0	0	0	6307
PD52255	1	0	0	0	1936	1489	1050
PD52256	7	0	0	0	0	0	5988
PD52257	0	2	0	0	2705	0	0
PD52258	0	4	0	0	4924	0	0
PD52259	1	0	0	1446	1401	0	618
PD52261	4297	0	0	0	0	0	0
PD52262	4	0	0	0	4921	0	0
PD52263	0	18	0	0	0	0	7164
PD52264	0	3	0	0	3730	0	0
PD52265	1	0	0	0	2739	0	1426
PD52266	0	0	1	0	6652	4775	2060
PD52267	0	2	0	0	4537	0	0
PD52268	0	2	0	0	6386	2855	0
PD52269	0	2	0	0	4230	2208	0
PD52270	0	5989	0	0	0	0	0
PD52271	0	1449	0	0	0	0	0
PD52272	0	4	0	0	4547	0	0
PD52273	0	6963	0	0	0	0	0
PD52274	0	7	0	0	0	5089	0
PD52275	0	6314	0	0	0	0	0
PD52276	0	1433	0	0	0	0	0
PD52277	0	1	0	0	1188	580	0
PD52278	0	3	0	0	4307	0	0
PD52280	0	1	0	0	3742	1595	0
PD52281	0	2	0	3171	0	0	0
PD52282	0	2	0	0	2685	0	0
PD52283	0	5	0	0	4744	0	0
PD52284	0	2	0	0	3495	1918	0
