Type	Signature_1A	Signature_1B	Signature_2	Signature_3	Signature_4	Signature_5	Signature_6	Signature_7	Signature_8	Signature_9	Signature_10	Signature_11	Signature_12	Signature_13	Signature_14	Signature_15	Signature_16	Signature_17	Signature_18	Signature_19	Signature_20	Signature_21
A[C>A]A	0.00614691340124691	0.00722498185921575	0.00882496287072088	0.0204946988868446	0.0262279988597789	0.0124195981364355	0.00093544610110535	0.000274499025711613	0.0309653260223895	0.0119643784905286	0.00047146335108426	0.000143358454088966	0.00719685687557818	0.00059069619811226	6.37676000976399e-05	0.000774442556305128	0.0150218109050424	0.00154109661392984	0.0353873180276436	0.00770166410582248	0.000900975117202233	8.372361343842e-05
A[C>A]C	0.0070389298518006	0.00900670851738128	0.00714715433843888	0.0234518044446935	0.0309535531534848	0.0103416781924598	0.00214786814433445	0.000478333236102656	0.0336658413656942	0.00931243893137539	0.000938922262238295	0.00099924745582291	0.00612392321182538	0.000117637523542737	0.00373361128618498	0.00332189259535249	0.0126167613038614	0.000358062099286459	0.00749844093297401	0.00742527005602887	0.00231878468924303	0.000817006932400466
A[C>A]G	0.00186647188068376	0.00252008114295575	0.00247718282583255	0.00367853609209102	0.0298136055833828	0.00415752698008878	0.000623779319828315	0	0.00324315630328835	0.00113023830518688	0.000458102090661999	0	0.00360240206121889	0.000191318627191278	0.000722871657568297	0	0.0046538267959661	0	0.00272783241901093	0.000815946944973251	0	0
A[C>A]T	0.00339431575805526	0.00456931231350036	0.00305279703105778	0.0144188746373228	0.017141593189792	0.00752803658891503	0.00102635137291029	0.000269471863782631	0.0247811645656069	0.0066556492823309	0.0060828953496087	0.000140732994269116	0.00422068160176905	0.000165679490401496	0.0185295299493398	0.00333344529238301	0.00806030926828268	0.00268955207965621	0.0125756035733876	0.00522883737232626	0.00197305895133614	0.00049314181929892
A[C>G]A	0.000987896796628964	0.00354301995019234	0.00403426874090097	0.0184452289981602	0.00697018051890015	0.00975230189236883	0.000715341136139386	0	0.00715231715191062	0.00478575139621146	0.000336759536488758	0.00050175458931138	0.00289743588497303	0.0015189330808601	6.37676000976399e-05	0.0006552975476428	0.00447855231951574	0.00136986365682653	0.000990844904774022	0.00417473381437105	0.000346528891231627	0.000418618067192101
A[C>G]C	0.00198926278420452	0.00416439211018704	0.00363216040150173	0.0129758714947797	0.00540935880352162	0.00848250009044456	0.000920514919000479	0	0.00434019557676196	0.00319680739435275	0.000281676678671489	0.000299774236746872	0.00195444357824213	0.00164692532959833	0	8.30473148838122e-05	0.00312167289992446	0.00190966452952778	0.00167728284027051	0.00190648825762903	0.00212555263180611	0.000933722208457675
A[C>G]G	0.000746588752273503	0.00189006085721681	0.000381105050128086	0.00735707218418202	0.00505039220264955	0.00434650547918372	0	0	0.00152619120154746	0	0	0	0	0.00133923039033895	0	0.000810379093183844	0	0	0.00433243972431148	0	0	0
A[C>G]T	0.00161634083716917	0.0036827293272988	0.00511549772771845	0.017436778631181	0.0038092429310649	0.00957369870546802	0.000972332879599217	6.73679659456578e-05	0.00669091443271387	0.00371933342247903	0.000132236855426276	0.000633298474211022	0.00229384869661362	0.00115975643281047	6.2599763342364e-05	0.000584814963575967	0.00668639291573449	0.00100858202987108	0.00298757432958931	0.00508751744334447	0.000408219093379892	0.00147942545789676
A[C>T]A	0.0163002971443779	0.0184098095451171	0.00621949764222233	0.0157979970586094	0.0086229037347218	0.0182543086703313	0.0171681872673453	0	0.0192691838563239	0.00927239333015968	0	0.0161278260850086	0.0113093465187657	0.00109700722506562	0.0186839068286085	0.00696998300674613	0.0125959283986381	0.00813356546240753	0.00247711226193505	0.015907175396138	0.0205145103609123	0.00426990428535944
A[C>T]C	0.0110174554202097	0.015979644143741	0.00421799272432458	0.0113092457982025	0.00751299833822447	0.0148734248161219	0.0125036609830899	0.0188463295024447	0.00750736532196663	0.00778353104711973	0.00300455123916256	0.109817295394937	0.00703599688167171	0.0018822003766838	0.0285354576872709	0.0140349962153643	0.00988529751642745	0.00513222342310592	0.00138129175081101	0.0203693219104576	0.0215453744042165	0.00723634711554699
A[C>T]G	0.212777794397949	0.106000913075576	0.00914652120307405	0.00387214325483265	0.00456164457013508	0.0313704308497606	0.113278324480822	0.000155586508989838	0.0558967527566758	0.028255957629672	0.019240287807804	0.0117008370216271	0.0040262140684211	0.00765274508765113	0.071708868430775	0.041734523298968	0.00740381535721877	0.0182463640252326	0.0144414657477049	0.0600536951500312	0.0535815094456603	0.048593597204785
A[C>T]T	0.00684250954401614	0.012957751336792	0.00379536928185562	0.0123231079749212	0.00416195060986721	0.0135013699692498	0.00804875550334907	0.00289682253566328	0.0171816074321541	0.00743866684495806	0.00310756610251749	0.0449641916689825	0.00614751450692448	0.000994076942408972	0.0173401344458349	0.00385977875960138	0.0092510367738244	0.00487481314437687	0.00333496669349505	0.0187955505545782	0.0123826458325234	0.0024657090964946
A[T>A]A	0.00108935641436722	0.00158574074341208	0.000875817893966176	0.00411029474739038	0.00171152978192649	0.00359841674682707	0.000163829471317858	0.000340527153083186	0.00471820941912438	0.00598639265309498	0	7.11367861722167e-05	0.00268999247979117	8.37465765794443e-05	0	0.000620777666129899	0.00375018217444673	0.000254905697731694	0.00101846609131508	0.000392884063338027	3.43906493616926e-05	0.00344823604886369
A[T>A]C	0.00124728561598591	0.00861169874323469	0.00208371822655144	0.00776277741139126	0.0028949499502075	0.00628562252250466	0.00187580612143398	0.000567120000952799	0.00817071106069864	0.00432575928671396	0.000139150270686216	7.40452961615798e-05	0.00627580814476416	0.000523023914827792	0.000526980106168023	0.00553850469285268	0.00703596120113105	0.00168040948081043	0.000584886763267085	0.00394076762606182	0.00136027653566481	0.025254279132839
A[T>A]G	0.00149500305461928	0.00540677609871915	0.00237119113306768	0.00656299945383011	0.00699064532153765	0.00924423767722936	0	0.000600853094271782	0.00859532126609439	0.00659572874558828	0	0.000488130933185159	0.00418268297890455	0.000492563654291377	0	0.000521594908661048	0.0072615842140546	0.000916209990060773	0.00302953028172701	0.00315107170815696	0.000134847971224068	0.00219915937702191
A[T>A]T	0.00244977764787081	0.00336244689824284	0.00112998609613982	0.00454647699721052	0.00115931925662385	0.00488604290598887	0.00156839417524879	0.00129169019715118	0.0119465159809891	0.00991950793220778	0.000434650964934034	0.000115644257344032	0.00301587192521117	0.000589955142629273	0.00030863991116951	0.00253094351106247	0.00421487989879044	0.000920866894241975	0	0.00127739213905553	0.00197539894530647	0.00193609169811575
A[T>C]A	0.00381274745028528	0.0111001852038846	0.00212698631391785	0.00584763582618423	0.00299517711837136	0.0145591114354383	0.00204786839147323	0.000170263576541593	0.00684766676757875	0.0124675285006607	0.00103605431576077	0.00021341035851665	0.0216126981997015	0.00125619864869167	0.000822705407950337	0.00339949674309231	0.0331960570256581	0.00114707563979263	0.000667270887413328	0.00517892628945582	0.00567445714467929	0.0110094283487817
A[T>C]C	0.00357177244577783	0.00825287796226653	0.00156278866991359	0.00785099079106617	0.00148458971805513	0.0118824097000773	0.00318318614546372	7.08900001190998e-05	0.00651918435694041	0.0108143982167849	0.00361790703784162	0.00111067944242369	0.0306066335675422	0	0.00303013561046613	0.00449234269531384	0.0164814981560741	0.00725229354876079	0.0010235518357174	0.00356899709530127	0.0148198548885588	0.0142703974552001
A[T>C]G	0.00544608255611307	0.0122328309233521	0.0020441302871273	0.0106337206340539	0.00566242271044548	0.0231105941930733	0.0116164802471513	0.000467330184433609	0.00695811721540973	0.0170712979297579	0.00170360232192491	0.000557863923640182	0.0442818828418807	0.00065675153905517	0.00217126630867003	0.00423071425913961	0.0315878913311375	0.00374813177752135	0.00240985363319194	0.00945321512447089	0.0391059116549797	0.0182448777945522
A[T>C]T	0.00271541618800138	0.0114696799751172	0.00311876162534591	0.00803670176274586	0.00139118310794862	0.0121478681424127	0.000680623887372116	0.000405959776247515	0.00895988698574181	0.0132438835635423	0.00144883654978011	0.000115644257344032	0.0125661330217132	0.000589955142629273	0.000857333086581972	0.00201834735692323	0.0249380394011768	0.00142734368607506	0.00205532690755599	0.00619341643178437	0.00298173425706636	0.00850979839404363
A[T>G]A	0.000435742565746889	0.000344726248567844	4.17056139983893e-05	0.000338993381228072	0	0.00136491669707234	0	0	0.00225471954542228	0.0165738970147672	0	0	0.000556550168232654	4.18732882897223e-05	0	0	0.00240752435890407	0	0	0.000500034262430217	0	0
A[T>G]C	0.00102050641307938	0.000645877405742601	0.000434107963864884	0.000882133796749007	0.000148458971805513	0.00189429719856305	0.000966324365587202	0	0.00069537966474031	0.00525270770529552	0.00278300541372433	0	0.000965508945348337	0	0.00131745026542006	0.000369233646190179	0.00404808726640416	0.00574876927645673	0.00080421929949224	0	0.000286374007508382	0.00268110497643154
A[T>G]G	0.000747501527309635	0.00250063394565761	0.00139000859524657	0.00672915133873721	0.00104859679823065	0.00445993923024222	0.000374725169262944	0.000600853094271782	0.00499347235458816	0.00504379257015575	0.000982847493418217	6.97329904550231e-05	0.00163670203522352	0	0.000434253261734005	0.000695459878214728	0.00553695796321663	0.00291521360473884	0.00192788290655355	0.000700238157368214	0.000471967899284238	0.00130320555675373
A[T>G]T	0.000944492587130914	0.00134497875929713	0.000271196663073557	0.00293913664466134	7.72879504415898e-05	0.00165856502313383	0.000858177944947452	0	0.00190058208788463	0.0103484596265735	0.0049622651829969	0	0.00150793596260558	0	0.00192042611394362	0.00092908052937736	0.0038134627655723	0.0140892634819022	0	0.000658050495877089	0.000149086712853318	0.00081045698990892
C[C>A]A	0.0048706629219232	0.00828171214506984	0.00679090449808027	0.0219435167409884	0.0438780599506701	0.0107094510343884	0.00736148483492022	0.00109077772914259	0.0337710580135713	0.0129422317775443	0.00276557724198536	0.000664607983091025	0.0167132192092342	0.00391208588032762	0.00473001262261346	0.0083642291594954	0.019650234577485	0.00113404832445412	0.0904647022774757	0.0106780762773002	0.0163404362552829	0.00221795208453469
C[C>A]C	0.00600526352482741	0.00482794771078619	0.00149130375720027	0.0203290673391283	0.0652381956678371	0.00616243792526585	0.0196086713943821	0.000608826215628046	0.0252571971559353	0.00840320640708305	0.000896300598425466	0.00180178726504292	0.0154785916003087	0.00137252447937275	0.00961748510822882	0.00739922820239732	0.0137961431795532	0.000506382432475551	0.0229183336558735	0.0169222925406535	0.0384292572455219	0.00173315449444155
C[C>A]G	0.0015008742862716	0.00274416050549976	0.00153227802686198	0.00467052327770083	0.0192139961527177	0.00709156425087701	0.0152150707354305	0	0	0	0.00143255292045971	0.00217799084070305	0.00795193657945639	0.00358968968325572	0.00174383470923977	0.00271518766609672	0.0062370874188833	0.000780443290702783	0.041289688748282	0.00393673368887913	0.0277975238457434	0.00686869865919389
C[C>A]T	0.00541687611128884	0.00920484475304884	0.0012499805166572	0.0181266238812463	0.0419703904317262	0.0125092486351378	0.0424808234837487	0.00120617726732319	0.0336749159231516	0.0122669687938604	0.0145699094338228	0.00135677652229527	0.00897216930799666	0.00125500596952113	0.108373305760506	0.0183640165429148	0.0105965055908372	0	0.0386585873993299	0.00934241165893526	0.0997006623292732	0.00633903225571778
C[C>G]A	0.000945053999776143	0.0019323995005163	0.00467570473638314	0.0173059693885114	0.00999391821002248	0.00839091008879916	0	9.08981440952158e-05	0.00601860439845827	0.00237714461220202	0	0	0.00235223085166999	0.00581224187934389	0	0.000710170400334519	0.00494345523961888	0.00215469181646282	9.37458054688868e-05	0.000190679933523218	0	0.000110897604226735
C[C>G]C	0.000568065468564755	0.00318439104328451	0.00223695563580041	0.0156571698760988	0.0103063599019222	0.00949015440490941	0	0.00040588414375203	0.00485236792650973	0.00294849347616949	0	0.000211974972357991	0.00262583250362378	0.000499099810681002	0	0.000264258150085619	0.00689807158977656	0.000886169256832214	0.00408134708940213	0.00298002635936037	0.000614868115928351	0
C[C>G]G	0.000833819047928668	0.00253307123584593	0.000510759342287324	0.00752473194740687	0.0137554745184229	0.00658502394724296	0	0.0012511080024847	0.00281243995405468	0	0	0.00174239267256244	0	0.000256406405946836	0	0.000724050044292457	0.0079381112603969	0	0.0124729268093769	0.000437414854319902	0	0
C[C>G]T	0.00103885295284991	0.00347529852921231	0.0049999220666288	0.0251694522682273	0.00913244606616264	0.0107061136967396	0.000148794478051659	0.000278348600151506	0.00784989594154548	0.0052572723402259	0	0.000193825217470754	0.00240100305425263	0.0046777495227606	0	0.00136924684749803	0.0100919100865116	0.00104180596894908	0.00554999522069588	0.000778534304911271	9.37036300087153e-05	0.000339591013699166
C[C>T]A	0.015338953380982	0.0228207179108591	0.0151403772416216	0.0173059693885114	0.019987836420045	0.0252831369780922	0.00619530901948734	0.0685372006477927	0.00590714876144978	0.0129422317775443	0.00107054602915562	0.029432639251174	0.0231509036453836	0.00603578964393403	0.00506787066708585	0.00402429893522894	0.0259531400079991	0.024495443808209	0.00618722316094653	0.0417589054415849	0.0100980224049501	0.00377051854370898
C[C>T]C	0.0150943110218635	0.0187981793845505	0.00758079409910141	0.0123742149020781	0.015300163153369	0.0216917814969359	0.00805501439022341	0.102181333189574	0.00311049226058316	0.0101723024927847	0.00239013492913458	0.160889004019716	0.0129909608074019	0.00249549905340501	0.0157462746379825	0.00775157240251148	0.0135202203159621	0.00493722871663662	0.00366274738792499	0.080141423164227	0.0190609115937789	0.0112655042138701
C[C>T]G	0.158425619106447	0.094356903535261	0.0125136038860395	0.00570841733941213	0.0165939057682562	0.0326718495843978	0.150645920138713	0.0433717440861363	0.0332379267297371	0.0230242358439119	0.0223068954757298	0.0294028763494911	0.0130638958091069	0.0110254754557139	0.0567715077563613	0.0280569392163328	0.00453606357736967	0.0348598003180576	0.0402144364371288	0.0520523676640684	0.0975019207619639	0.080898006430506
C[C>T]T	0.0127630505635847	0.0212274991243779	0.0117043630196083	0.0190502735057684	0.0195278899925393	0.0231026663982275	0.00647255979524717	0.0731128989731288	0.0184301904714546	0.0130757799231259	0.00391566316033988	0.0790806887280674	0.0259055592695678	0.00376501790856341	0.0160361454824615	0.0077322174917536	0.0266174128531744	0.0113441094396677	0.00181810188264176	0.11279015742402	0.0131185082012201	0.00452788018265556
C[T>A]A	0.000498920498374322	0.000736787902954357	0.00019100989764833	0.00459303419045082	0.00408267288468437	0.00315720156054335	4.16851028329351e-05	0	0.00599192986280517	0.00415415422792833	0	0.000217202257171916	0.00120368290190205	6.39259462025725e-05	0	0.000722065956324146	0.00381681582261231	0	0.000160845875460433	0.00234466219499229	0	0
C[T>A]C	0.00139560801744877	0.00409097552108891	0.0017997589963126	0.0152003197541708	0.0106749550042712	0.00691645805138603	0.00191475837811213	0.00128581839453225	0.0148652614543409	0.00653846434832223	9.0140649170686e-05	0.00105525345142887	0.0107577481967895	0.00112937174518532	0.00290168171002479	0.00342834955131993	0.0159836943846334	0.011802265182935	0.00217859380053932	0.00510560777628761	0.00426675846728619	0.00414591573208127
C[T>A]G	0.00121920168349287	0.00288075732975053	0.00398307779302697	0.0145436482795586	0.0363951589352108	0.0129615158929644	0.000651936140894117	0.000711416737410415	0.0150785100945921	0.00753050837715116	0.000299237746856443	0.00063692718611158	0.00429100536107746	0.00049988643229857	0.000188875353757527	0.00238207178048593	0.0179632531203051	0.00570578098605006	0.00681296603682537	0.0022385423412159	0.00123167439549288	0.00309979658200774
C[T>A]T	0.00133587271267807	0.00461166761383591	0.00232470003602561	0.015400018073125	0.00914267870454967	0.00903754924341841	0.000669677733199709	0.0013666479271854	0.0190846862749659	0.00761134335743974	0.000670649699115205	0.000317217129346059	0.00558404907584593	9.33618527226452e-05	0.00141102072959768	0.000461367739084016	0.00990993882747423	0.0298381051989324	0.00297553160314295	0.00175197055481514	0.00191695880111389	0.000926299201612936
C[T>C]A	0.00174622174431012	0.0042102165883106	0.0010823894200072	0.00498117792485511	0.00283065320004783	0.00902959646315398	0.00258447637564198	0.000519866515328197	0.00388838001735228	0.0116316318381993	0.000255112026403878	5.43005642929792e-05	0.0220911214937317	0.000511407569620579	0.000289842690415345	0.00144413191264829	0.0103195390759518	0.00486440418984395	0	0.00359878383417422	0.00777037877445586	0.0138900275791973
C[T>C]C	0.00389301183814657	0.00911171820606167	0.0021372138081212	0.0158860484648853	0.00250043991091038	0.0140560276528168	0.0029457821201725	0.000734753368304143	0.0121624866444608	0.0157456896551434	0.00171267233424303	0.000383728527792316	0.0481596866949297	0.00124230891970386	0.00452320972445041	0.00398645296665108	0.0242252868017099	0.0460632097431058	0.00322052996601465	0.00674325555358741	0.0181801012953934	0.0112051776542737
C[T>C]G	0.00577088796853294	0.0122432186514398	0.00136918299135302	0.0112555191033106	0.0106418593377809	0.023330728607336	0.0220028447551765	0.00101630962487202	0.0100938786583633	0.0227391821584565	0.00149618873428221	0.000106154531018597	0.0574441040273273	0.00049988643229857	0.00151100283006021	0.0112927847371184	0.0262539853296767	0.036770588576767	0.00262037155262514	0.00426389017374458	0.0810852310366146	0.0261622831521453
C[T>C]T	0.00412906111191401	0.0122209191766652	0.00334756805187688	0.0110540007027953	0.00429308391344073	0.0176139990356419	0.00200903319959912	0.00341661981796349	0.0110784276425411	0.0303350641057381	0.00149033266470046	0.000713738541028632	0.0335042944550755	0.000373447410890582	0.00190487798495687	0.00230683869542008	0.0271491032461011	0.0973764195063566	0.000704731169165436	0.00422065633660011	0.00843461872490106	0.0188965037129039
C[T>G]A	0.00012473012459358	0.000473649366184943	6.36699658827765e-05	0.00045283435680501	0	0.00126288062421734	4.16851028329351e-05	0	0.00178483017189941	0.0163144966042276	0.00112249291617706	0	0.000920463395572156	0	0	0	0.000141363548985641	0	0	0	0	0
C[T>G]C	0.00154251412454864	0.00213846447693284	0.00134981924723444	0.0065144227517875	0.0012502199554552	0.00390445212578243	0.0029457821201725	0.000734753368304143	0.00135138740494009	0.00854003506719638	0.00162253168507235	9.59321319480791e-05	0.00612941467026379	0.000225874349037065	0.00170687159413223	0.00151485212732742	0.0102395542151557	0.0223440942783722	0.00227331527012799	0.00105965444413517	0.00844076131571833	0.000560258882713684
C[T>G]G	0.00130048179572574	0.00329229409114347	0.0017425965344493	0.012140784650762	0.00489525529537923	0.00888789661231848	0.00407460088058823	0.00091467866238482	0.00747694715434321	0.0186047854023735	0.00369059887789612	0.00116769984120456	0.00622887874995115	0.000124971608074643	0.000472188384393816	0.000617574165311165	0.00925798430046492	0.0169905478251268	0.00670815117472037	0.00138576430646699	0.0171408020039426	0.000495967453121238
C[T>G]T	0.00170020163431753	0.00545714000970583	0.00102286801585127	0.00982577840248473	0.000954018647431269	0.0106975072677197	0.00523566227774316	0.00098702350296723	0.0071683943569384	0.0561474459266207	0.0135620272487741	0.000713738541028632	0.00651472392182025	0.000560171116335872	0.00444471529823269	0.00296593546554011	0.0192005064782312	0.245430255779155	0.00164437272805268	0.00151306547915853	0.00130353198475744	0.0029641574451614
G[C>A]A	0.00613613465919592	0.0158149507428919	0.01052893037066	0.0123081220800607	0.036394675699955	0.0133612150417595	0.00177892978575553	0.000277319103793711	0.0302633372015391	0.0158477868706941	0.00127015186938286	0.000386216676299816	0.00780587419414864	0.00102302527210493	0.00154614526570147	0.00192590480424909	0.0120655011416682	0.00761165356981631	0.134041933199888	0.00310261931395578	0.00112028470840192	0.000112778335660381
G[C>A]C	0.00509834746973596	0.00745487884058774	0.00578834500325514	0.0160021570031155	0.0459205998476012	0.0124155678830194	0.00511163937131793	0.00010991151171214	0.0154984420480045	0.0146912615242337	0.00237320330633915	0.00114803645403008	0.00838305919634112	0.000540615498601055	0.0116430641161972	0.0094459016029459	0.0140470986851156	0.00178263766567387	0.0172299333649164	0.00357375565043093	0.00377407674189791	0.00509558353464059
G[C>A]G	0.000963171583436871	0.00304795127018378	0.00270414273465041	0.00249771935265192	0.0477102275009988	0.00682641434166608	0.00337988933818184	0	0	0	0.000393997288507253	0	0.0041006881045301	0.000493639006833808	0.00205166333035056	0.0022651791131907	0.00982454065402155	0.00325547265701742	0.0200799541876876	0	0.00831125562662274	0.000734653508762659
G[C>A]T	0.00364627308030425	0.00830780024817942	0.00335030971933763	0.0170200830151337	0.0273709330848764	0.0127982980435422	0.0070678399389666	0.00010131609004477	0.0252186295101254	0.0125119623349432	0.00875044574072747	0.000634953862098557	0.00372574828495286	0.00124584421783121	0.0692907867043741	0.0271770267742814	0.00867829820785091	0.00391847121002815	0.0802484162486383	0.00765122366630468	0.0137110857929502	0.00284297738585026
G[C>G]A	0.000443575999459945	0.00215233057447642	0.00283035762652149	0.012768238793334	0.00677560451860865	0.00628763060788679	0	0	0.00374041246311158	0.00147733606421725	0	0	0.0015108143601578	0.00113669474678326	0.000171793918411275	0.00176541273722833	0.00389615141033035	0.00149926509708503	0.000858020909529864	0.00193913707122236	0.00130699882646891	0.000451113342641523
G[C>G]C	0.00210966102195971	0.00322673860264246	0.00309609151336902	0.0123093515408582	0.010473119263488	0.00720903941594677	0.00264395139895756	0.000439646046848559	0.00336922653217488	0.00463094113263888	0.000215745755121742	0.000229607290806017	0.00164667234213843	0.0014866926211529	0.000102132141370151	0.00047706573752252	0.00478199104174148	0.000274251948565211	0.000340064474307561	0	0.00210904288517824	0.00563196074881328
G[C>G]G	0	0.000406393502691173	0.000245831157695492	0.00274749128791711	0.0130309872469688	0.00268180563422596	0	0	0	0	0	0	0	0	0	0.00104546728301109	0	0	0.00103504918493235	0	0	0
G[C>G]T	0.000729254616060849	0.00369235566585752	0.00483933626126547	0.0206762489961625	0.00636533327555265	0.00750669404476992	0.00138107217198198	0	0.00546610688889419	0.00647678050279412	0.000397747533669431	0	0.00124191609498429	0.00161959748318058	0.000282435271892829	0.00158312777325911	0.0039947721909155	0.00227524134775828	0.00156735187985622	0	0.00122785842921942	0.000494430849713089
G[C>T]A	0.0184823333108311	0.0216168853349588	0.0062267867783473	0.0208202812756167	0.00842110847312789	0.0226803818355917	0.0484017145874317	0	0.00408044995975808	0.00832680327104267	0	0.025200638128563	0.0156117483882973	0.00431944003777638	0.0478446062775401	0.0381971119509402	0.0157102879448805	0.00242188977221428	0.00305074101166173	0.0362618632318581	0.050879597173254	0.0183828687126421
G[C>T]C	0.02390949158221	0.0282617794852132	0.00390376756033487	0.0134035161222678	0.00920713781405537	0.0242971328463391	0.0681258143798062	0.0230814174595493	0.00336922653217488	0.0110184461431753	0.0144549655931566	0.111933554267933	0.0137721686797032	0.00310853911695607	0.0631176633667533	0.128330683393558	0.0137482242450067	0.000411377922847817	0.00578109606322856	0.0707834183665998	0.0587201940136468	0.0525649669889241
G[C>T]G	0.164702340767705	0.0995664081593371	0.00491662315390984	0.00224794741738673	0.0048340759141981	0.0324254681229137	0.215508182086928	0.000401443241058254	0.0435626652790703	0.0256628513350216	0.0531896339484791	0.0188690120353045	0.00628772176027947	0.0078982241093409	0.182411521552986	0.318693276771214	0.00245613516350539	0.019031993994871	0.027739318156187	0.058527359430479	0	0.00465280555549682
G[C>T]T	0.0143420074491967	0.0236926155225857	0.00508750735158676	0.0147507386131159	0.00869928880992197	0.0241198693897526	0.0425695187128563	0.0163118904972079	0.00658417420707708	0.0148671552450501	0.0151144062794384	0.0552409860025744	0.0158689278803547	0.0029900261227949	0.0522505253001734	0.0703612343670714	0.015979088763662	0.00113762067387914	0.00167184200517996	0.0974468347500194	0.0503421955979962	0.0205188802630931
G[T>A]A	0.000364123308824107	0.00111934435016413	0.00031863607781309	0.00364211942721586	0.00469929545421612	0.0052930676691367	0	0	0.00502434850841993	0.00283492465217522	0	0.000203810210074647	0.00132878515706781	0.000159958565126139	0	0	0.0026529498349418	0	0.00140866689360408	0.0017737218355475	0	0
G[T>A]C	0.000418059527362031	0.00317507307569537	0.00153650466318429	0.0080658666655742	0.00569252155945681	0.00507937544610268	0.00234723692194372	0	0.00705049447387279	0.0044048988898222	0.000102607462500616	0.000327599791726409	0.0055532317317043	0	0.00242867347722138	0.00344872450506544	0.00568571982119528	0.00339124961841506	0.00161732743133766	0	0.00422336371918796	0.018111956107517
G[T>A]G	0.000845684108200741	0.00178410852651824	0.001510913059076	0.00943010661683727	0.0122718993323038	0.00727810034861199	0.000423944445610794	0.000528712913377522	0.00669895991603781	0.00358471621323484	0	0.000368163861284788	0.00228030843185717	0.000433425020470105	0	0.00198887302241427	0.00611018616144568	0.00395774412888982	0.00127231173213398	0.00147879723587593	0.000711946374998707	0.0033327098809859
G[T>A]T	0.00106023140770081	0.00140594522493039	0.00146899219156584	0.00691282035529151	0.00297458993428416	0.00391051314204952	0.00106299553698171	0.000631281575961231	0.0107593227919397	0.00330182230234912	0.000247829036610649	6.59379759837298e-05	0.0026653615792925	7.76262191806992e-05	0.000527940379860961	0.00235644122347988	0.00283238739632621	0.00307159722605331	0.00253912774105965	0.00344307464531769	0.0011475833758178	0.00315772364507578
G[T>C]A	0.00587799055673199	0.00763787909523764	0.00103556725289254	0.00655581496898854	0.00415444960445193	0.0129561656378868	0.00636269414182618	0.000130083490020642	0.00542310632654849	0.0085992714449315	0.00408546261932998	0.000679367366915489	0.0507595929999903	0.000639834260504554	0.00471417872654454	0.0110101145477854	0.014237497447521	0	0.000268317503543635	0.00266058275332125	0.000131374419118709	0.113156331115522
G[T>C]C	0.00585283338306843	0.0104777411497947	0.00102433644212286	0.00832605591285079	0.00175154509521749	0.0121905010706465	0.0049459635140957	0.000104546588274941	0.00730687609110453	0.0147336273211294	0.0103633537125623	0.00174719888920752	0.0390150126791533	0.00128556838739791	0.0123376612642846	0.045287198105991	0.0140721565574583	0.0127824024078722	0.0026955457188961	0.00328966064721792	0.00137259320873608	0.0848200761373156
G[T>C]G	0.00352368378416976	0.00900974805891713	0.00107922361362572	0.00756601577397409	0.00387533663125381	0.0151983860221015	0.00812560187420689	0.000264356456688761	0.00572653025080651	0.0120344044301455	0.00467015731410349	0.00174877834110274	0.0492066556348126	0.000108356255117526	0.00671431599249752	0.0117802479019922	0.0177315206253718	0.00516705483493948	0.0059980410229173	0.00554548963453476	0.0255410762030786	0.0950359849932752
G[T>C]T	0.0054021314582851	0.00926645716431394	0.00131436143455891	0.00675571080176216	0.00158644796495155	0.0120382463392505	0.00212599107396342	0.00511338076528596	0.00549576919588286	0.0115563780582219	0.0076827001349301	0.00151657344762578	0.0348216593423698	0.000543383534264892	0.00504476362978252	0.00515129011644436	0.0121878487963128	0.00645823006503517	0.00312508029668879	0.00655508442089331	0.000446282423929145	0.077248702829537
G[T>G]A	5.20176155463011e-05	0.000329218926518863	0	0.00291369554177269	0	0.00126401615979384	0	0	0.000159503127251426	0.00680381916522053	0	0	0	0	0	0	0	0	0.00107327001417454	0	0	0
G[T>G]C	0.000167223810944812	0.00095252192270861	0.000640210276326787	0.0059843526873615	0	0.000380953158457701	0.0013412782411107	0	0	0.000911358390997698	0.00205214925001233	0	0.000569562228892749	0	0.00184579184268824	0.00199662997661684	0.00454857585695623	0.0118693736644527	0	0	0.00327310688237067	0.00076529392003593
G[T>G]G	0.000845684108200741	0.00419265503731788	0.00183468014316372	0.0194084752462813	0.00166085855625164	0.00642185324877529	0.000706574076017992	0.00149801992123631	0.00626676895371279	0.00640127895220507	0.000778359552350582	0.000920409653211974	0.00132017856581204	0.000325068765352578	0.00098258282817037	0.00283031930112799	0.00095846057434442	0.00527699217185308	0.0107237703137006	0.00397426757141658	0.00266979890624515	0.000430027081417535
G[T>G]T	0.00040389767912412	0.00140594522493039	0.000386576892517325	0.00542027959676267	0.000132203997079297	0.00253033203309087	0.00177165922830285	0.000568153418365106	0.00580538999565091	0.0169676979426274	0.00185871777457987	0	0.00275134098507613	0.00085388841098769	0.00222908160385739	0.0104121821502599	0.00377651652843495	0.0498543857459423	0.0020833868644592	0.00165532434871043	0.0022951667516356	0.000616141199039178
T[C>A]A	0.00708967866389618	0.00969781766183402	0.0216265047650542	0.0122765173189261	0.0247031323829548	0.0128513509813057	0.000974506103265158	0.000714902161600275	0.0250703077728641	0.0230583202142618	0.0262414177570934	0.000672050049005223	0.00642631294122468	0.0311196849660024	0.000332151234647796	0.00353741902646012	0.0118582892520568	0.00160544584473794	0.0476294928196767	0.00382416626781973	0.000505397720605663	8.72195332117426e-05
T[C>A]C	0.00863695756065319	0.0115131364849447	0.0161527303915689	0.0208118946565342	0.0538391056990029	0.0140459111042369	0.00222234313454293	0.0019114110031415	0.0194526689670492	0.00597063638161801	0.00966118489116536	0.00249560928156886	0.0128863702530901	0.019743251934543	0.0147418310849445	0.00514376142357631	0.0188411621426209	0.00155004384695728	0.0386373188447535	0.00631516374137013	0.00405379707608897	0.000582990178322485
T[C>A]G	0.00331008166214999	0.00619375666124782	0.00617096977541149	0.00358279601964338	0.0195964512354305	0.00852427952107352	0.00158720978851328	0.00035990063411477	0.00397166073640639	0	0.00547499078771783	0.000187959860325833	0.00465669229843445	0.00862983600556146	0	0.00390532935936822	0.00978651815813288	0.00493914575116437	0.0291372860339489	0.00339738763117511	0.00199909728797091	0
T[C>A]T	0.00918399916024182	0.0143251063223378	0.0136105574152618	0.0166866801005608	0.0287035148424303	0.0164677183249452	0.00344555277630406	0.000963130715731352	0.0423325880149932	0.0346597825850015	0.22417361154873	0.00030953828344598	0.0049443509099457	0.0166716387207536	0.0355230984358446	0.00932556008999458	0.0158145606904384	0.00452912707773427	0.0859589758141549	0.00676053575087225	0.00905348695295985	0.000361550544783925
T[C>G]A	0.00108632173075829	0.00144743547191552	0.11216013200014	0.0155680473247251	0.00239545526137744	0.00234450321956252	0	0.000142980432320055	0.00464589619567063	0.00342758813995783	0	7.4672227667247e-05	0.00233684106953625	0.199289055982846	0	0.000558539846283177	0.0048599546114987	0.0003567657432751	0.00162205703101066	0.000374918261550954	0	0.000174439066423485
T[C>G]C	0.00160509830773201	0.00348296565931101	0.039679533353202	0.0212875951058264	0.0105076321531511	0.00928655279618966	0.000153265043761581	0.000955705501570748	0.00574205288786392	0.00347130022187094	0	0.00109806808389029	0.0035144646144791	0.0700415366249264	0	0.0021570612421449	0.00831609915260508	0.000715404852441821	0.00827942546673289	0.00110264763738209	9.65189780021183e-05	0.000349794106993491
T[C>G]G	0.000431749782019563	0.0014573545085289	0.0121215477731297	0.00447849502455423	0.00584124988748408	0.0028414265070245	0	0.000539850951172154	0	0	0	0.000563879580977498	0	0.0234554517074234	0	0	0	0	0.00259822932786806	0	0	0
T[C>G]T	0.00189605143953379	0.00517503840964039	0.134925992509962	0.0278418640351898	0.00387885335708518	0.0060291646326302	5.94060823500701e-05	0.000518608846932267	0.0094476162093547	0.00527431474119588	7.27128159418518e-05	0.000619076566891961	0.00151357680916705	0.239506766103066	6.88432140229545e-05	0.000964713112758064	0.0170233169215548	0.00258807261584815	0.00252146329054854	0.00815926728553549	0.000374111031114044	0.000271162908587944
T[C>T]A	0.00829035005052378	0.0165731361534327	0.185269976043945	0.00942978866526208	0.00262002919213156	0.00963851323597928	0.0042419677436248	0.085931239824353	0.00561013880231924	0.00519331536357246	0.0025960760882686	0.0225510127555086	0.0134368361498334	0.133181702608739	0.00611158271751944	0.00695071808707956	0.0167182438635555	0.014627395474279	0.012091697867534	0.0163464362036216	0.0077253651578294	0.00558205012555153
T[C>T]C	0.0136051189893475	0.0226392767855215	0.0599289707281399	0.0168873659498735	0.00700508810210075	0.0241450372700931	0.00513437896601298	0.275912178303475	0.00773419368569425	0.0116635687454863	0.0197913593401543	0.158620925936516	0.0123657088287228	0.0359609231664891	0.0251321578134897	0.0129423674528694	0.0170220154529886	0.0202698041525183	0.00473110026670451	0.0330794291214627	0.00752848028416524	0.0100274310671467
T[C>T]G	0.109088778256943	0.069588677782255	0.0586242128664092	0.00223924751227711	0.00207270157297823	0.0161742739630626	0.0564180933916993	0.178510714520926	0.0207408949567889	0.0122879250989005	0.378127589564641	0.0150367888260666	0.00245089068338656	0.0477960148000328	0.0157180883775632	0.0162461701349718	0.00880786634231959	0.0370435931337328	0.0246831786147464	0.0169869381558755	0.0443436125695365	0.0276624288015801
T[C>T]T	0.00817672183298947	0.0200251486286084	0.0946387425607872	0.00838943585166315	0.00597343416991118	0.0106185287559756	0.00279208587045329	0.0625294095444048	0.0131721572149657	0.0103333513296898	0.028503423849206	0.0738248806018666	0.0090814608550023	0.0683263881998097	0.0157650960112566	0.00488787977130751	0.0194408293837874	0.0185786641351957	0.00114611967752206	0.0207478510975045	0.00733257620983528	0.00578480871654281
T[T>A]A	0.00158658921375587	0.00160664095743238	0.00088351986649554	0.00296235411164404	0.00169960320474919	0.00385537549939586	5.78445676531618e-05	0.00036069784854598	0.00849164447136883	0.0112670466674118	0	0.000113025725668898	0.00280020439116589	4.4353599590805e-05	0	0.000250494722467355	0.0041684833997523	0.000270004714518238	0.00033479802708266	0.00147546237397111	3.64277360044513e-05	0.00118815873150592
T[T>A]C	0.00115802189185025	0.00403100941986692	0.00212805344746583	0.00864866818191858	0.00348720778214757	0.00597967925828044	0.000464416388280133	0.00108597487334437	0.00878841860221401	0.00284001323113174	0.000568443870147805	0	0.0130158871283794	0.000445126901386282	0.00107638529757717	0.00119411776745843	0.00856373794557621	0.00234843427898525	0.00179199415317432	0.00364493455778863	0.000511817565259273	0.0039747350037698
T[T>A]G	0.000549378730600445	0.00145402321989469	0.000382413905965109	0.00520649178197115	0.0053619928229573	0.00538542160280514	0	0.00062448340265533	0.0051302995690154	0.0127021435740657	0	0	0.00314697975560377	0.0004607416468515	0	0.000325264894005201	0.00534905481617148	0	0.0012236897718489	0.00340599670888595	0	0
T[T>A]T	0.00119891809183277	0.00214018810464802	0.0013652350213693	0.00693560158475958	0.0018112176436677	0.00471550797391281	0.000215751449696278	0.00192192596923194	0.0113587545623028	0.00776264154604487	0.00105631577308917	0.000321195265573866	0.0049211412321194	0.000330864376698004	0.000428614790356041	0.000100104349292546	0.00418092364693693	0.00182232902507386	0.000832497186041167	0.00342693254898517	0.00038819977501671	0.000375166270089221
T[T>C]A	0.00233661320571319	0.00310373821322164	0.00106022383979465	0.00408445794181224	0.00105753088295505	0.00744788448746929	0.00170641474576827	0.000829605051655751	0.00291900278703304	0.00817515944240113	0.0010620229195257	7.53504837792652e-05	0.0245631964137359	0.000221767997954025	0.000603302761961459	0.00212920514097252	0.0120640813686949	0.000765013357801673	7.43995615739244e-05	0.00196728316529481	0.00145710944017805	0.0171182869094742
T[T>C]C	0.0027792525404406	0.00762227235756654	0.00133003340466614	0.00945948082397348	0.00121294183726872	0.0124869772746445	0.00203182169872558	0.00130316984801324	0.00656912097539229	0.0144104375061129	0.00689238192554213	0.000680586804788162	0.0337229802871649	0.000534152281663539	0.00376734854152008	0.00622198205149396	0.0180133798165568	0.0101163322787056	0.00515198319037617	0.00151872273241193	0.00826219783918542	0.0276464901373321
T[T>C]G	0.00419525576094885	0.00474138006487398	0.000611862249544173	0.00512878294940441	0.00235404562959101	0.00955722706976686	0.00530781524391076	0.00118651846504513	0.00222057742539473	0.008891500501846	0.00398385331796832	0.000456595301085387	0.0272171222106272	0.0001535805489505	0.00197296360478766	0.0021142218110338	0.0140094292804491	0.00467464564967696	0.000708451973175677	0.00373349639243268	0.015262472517415	0.0189708764319343
T[T>C]T	0.0018752308615846	0.00548666405009765	0.00112984967285735	0.00516582738726919	0.000885484181348655	0.00807705821274175	0.000893827434456007	0.000922524465231331	0.00556154787697814	0.017256519695884	0.0037348307691367	0.000200747040983666	0.0194228020969819	0.000567196074339434	0.000928665379104759	0.00156830147224989	0.00909350893208782	0.0034528339422452	0.000554998124027448	0.00153204043366396	0.00159161907756851	0.0128494447505558
T[T>G]A	0.000403859072592403	0.00032863110492935	0.000176703973299108	0.00143629290261529	0	0.00223436534624078	0.000260300554439228	0	0.00128259213369634	0.0263072438467012	0.0017700381992095	0	0.000933401463721961	4.4353599590805e-05	0	0	0.00333478671980184	0	0	0.00121063579402758	0	0
T[T>G]C	0.000752714229702664	0.00256518781264259	0.00124136451102173	0.00504505643945251	0.000227426594487885	0.00448475944371034	0.00110298892216531	0.000723983248896245	0.00275192905725893	0.00852003969339523	0.00653710450669976	0	0.00266234054898669	0.000356101521109026	0.00100911121647859	0.000251393214201776	0.00679193009476734	0.00867114195317627	0.00268799122976148	0.00136685045917074	0.000292467180148156	0.00158989400150792
T[T>G]G	0.000998870419273535	0.00183333362508461	0.00183558674863252	0.00769317442410662	0.00196170469132584	0.00455106050941278	0.000550811015877529	0.00062448340265533	0.0051302995690154	0.00798420453226988	0.00134838112300466	0.000195683700465166	0.000935588575990311	7.67902744752501e-05	0.000116056682634568	0.000487897341007801	0.00416037596813337	0.00350598423725772	0.000515237798673218	0.000720499303802796	0.000252272273015124	0.000228564776288365
T[T>G]T	0.00122965958136695	0.00330756343445602	0.000941541394047795	0.00540498606260573	0.000442742090674327	0.00616284210451971	0.00221915776830457	0.000538139271384944	0.00527875730696229	0.0304362564215429	0.0238802815844801	0.0001204482245902	0.00167528212157256	0.000141799018584859	0.000892947479908423	0.00110114784221801	0.00851863193063403	0.0274308474300591	0.000594640847172266	0.000524119095727142	0	0.000140687351283458
