Type	DBS1	DBS2	DBS3	DBS4	DBS5	DBS6	DBS7	DBS8	DBS9	DBS10	DBS11
AC>CA	4.01352964461934e-05	0.00029480832930684	0.00610963528765205	0.0036344026931942	0.00201806623368578	0.00244100359752302	0.0622207007688858	0.207283026424453	0.0222480458360689	0.00657717288369521	0.0011836347701681
AC>CG	2.13193526394266e-05	2.49877648102322e-05	4.47398489568221e-05	4.35426023145972e-05	0.000435675981291041	0.000133979896706152	0.00847231764282213	0.000938076207958105	0.00187209166181556	1.20888847395021e-05	0.000167609595191687
AC>CT	0.00346439480390683	9.93204531889354e-05	0.00290568481396995	7.30392038825502e-18	0.00190490364114264	0.000220240926092303	0.0184357631907809	0.306586057688261	0.0257751750539823	0.00922033581826434	0.000653159041056264
AC>GA	0.000102559007015423	0.000186817042902998	0.00562856164295504	0.00386265020532718	0.000526206055325543	0.00787361310779984	0.0131897041063454	0.0011183642355924	0.0228811203110789	0.00365398493538623	0.000381873407601678
AC>GG	4.61111755951236e-05	3.28703404601477e-18	0.00043296628022731	6.15390407712352e-18	1.04675398102393e-17	9.54377346399985e-05	0.00344314989004292	0.00078092675071538	0.00644831572403136	0.00040296282465007	0.00194392571742936
AC>GT	0.00239035165957208	0.000220712118197634	0.00971768762287965	9.83220052265102e-09	0.000775163758920424	0.000121132509350767	0.00610006870283192	0.000145580172046942	0.010943144496603	0.0196017509617916	0.00493325148734294
AC>TA	0.000969061483610299	0.00116662119618749	0.000971768762287966	0.00111490130926489	0.00139567197469857	0.00926847230638442	0.00734719385985535	0.0119549280356429	0.0372609548148796	7.17137230309446e-05	0.000228087284178378
AC>TG	0.000138898812650809	5.01331811334626e-06	1.06798349122736e-17	4.66151649779257e-05	0.00105618419706919	0.000412034065897684	0.00135285968120584	0.00247775524609695	0.0161886187181151	5.23168684206701e-06	0.000206488109540274
AC>TT	0.0214001077630608	0.00230171208977533	1.71262217512136e-06	0.000141337882513108	0.00704437138580968	0.00291819227072302	0.00159957357096482	0.000258380702705829	0.0401550095577829	0.000484921365256864	0.00243638689917812
AT>CA	0.000242779562728182	1.85846740053423e-05	0.00422482982227424	0.000501560328843016	6.35243746223974e-05	6.52509192636658e-05	0.00938512781530758	1.67172592373486e-05	0.00716399847496248	0.00150377436175759	0.0051085833649883
AT>CC	0.000149596535539979	2.05021403709728e-18	0.0054490702821378	3.83288460906235e-18	1.25284183283061e-05	3.65748573767388e-05	0.00529287388502931	8.59916572280884e-05	0.00100408797523097	0.000494158147206461	0.00102387219340483
AT>CG	2.0046943146435e-06	2.05021403709728e-18	0.00876172093823918	5.1798697716757e-18	6.17598086606641e-18	1.04172520227957e-06	0.000938512781530758	0.000159956509249451	5.20095007394917e-18	0.00110333586315925	9.37651377118109e-06
AT>GA	0.00106782712237291	8.25985511348545e-05	0.00108621334919267	0.000177407801905172	0.000652889405841308	0.00092724990532577	0.0121753009495882	9.74171221744778e-05	0.0035932811248434	3.43354712627938e-05	0.00603545714007058
AT>GC	8.76424147607961e-05	2.87619954844583e-06	0.00315061883053122	9.6369670170711e-06	6.17598086606641e-18	9.8448755380267e-06	0.00785476012650516	0.000135902898836	0.00102101080627418	0.0017380734832779	0.00225251882549063
AT>TA	0.00117863937092105	0.000225179383450973	0.00141027700033302	0.00248042389700749	0.000466433602551492	0.00125922826649179	0.0287472383531943	0.00018942218200593	0.00518966818658703	0.00124817532009908	0.00206929959088134
CC>AA	1.09004034018241e-05	0.72673040827298	0.01113709855525	7.82523454519107e-18	1.26089104559306e-17	9.69910127643788e-18	1.56047660496299e-17	0.0467753316707414	1.03879516605143e-17	0.0119151676290647	8.08632338172201e-18
CC>AG	1.26485813058903e-05	0.072873795083727	1.35997573116913e-17	0.00607014622576964	0.029180621340868	0.0719836914010329	0.000143273847579566	0.0190293344067321	0.0304037609576028	6.201105488703e-05	0.00106937501048079
CC>AT	0.0192299569447274	0.100377128214499	0.00721644779872632	0.0175508831942143	0.00291806213408681	0.000511832091455398	0.00147071467635892	0.0353577310267021	0.022457323434593	0.00913206278139994	0.0379562117917564
CC>GA	0.000137797552438154	0.0177667516939665	0.000778004134497658	0.00396851180506118	8.11773663638963e-05	0.0414841078691018	0.000521309662277458	0.000993208486132016	0.0126682337323344	0.00294835169799483	0.00104847158949402
CC>GG	0.000100982982458408	0.00045169707696525	8.88272437024886e-05	8.16060173998498e-05	1.42900985167213e-05	0.0211510521811477	0.00353869141612182	6.8751143663032e-05	0.00352407229281305	6.44462716287366e-18	0.00379562117917564
CC>GT	0.00711611240949273	0.0011041484103595	1.39673183201154e-17	8.93194628801094e-05	2.97810456482933e-05	0.00401986848083691	0.000281369122355053	0.000281143069622042	0.0206146712553443	0.000939297886086846	0.0764625136094803
CC>TA	0.0106947354131105	0.01606034051432	0.0254842299174037	0.000190041410383212	0.00152507774086018	0.00259421744984242	1.56047660496299e-17	0.000879032479691624	0.00079118877946489	0.0207863143309961	0.0646905870537761
CC>TG	0.00262226685609921	0.000237893793868365	3.55308974809954e-05	9.27849238929799e-06	0.00577608183743109	0.00802805129748533	0.000407381060587683	0.00516861276466723	0.0178506929864713	6.44462716287366e-18	0.0355358156774994
CC>TT	0.882315671581614	4.18572624654465e-18	1.35997573116913e-17	7.82523454519107e-18	1.26089104559306e-17	9.69910127643788e-18	1.56047660496299e-17	0.0053773215936443	1.03879516605143e-17	0.0179162374568418	0.36525977724241
CG>AT	1.14957633242686e-06	0.00214001295864459	0.000645075156097823	0.000601009196924453	0.0036510342409103	0.0163346015102492	0.000198730364070621	0.000732877802830343	0.000467575012090689	1.1947625301142e-17	0.00371209387597479
CG>GC	1.03328419929579e-05	0.000686665027599874	2.52124444812881e-17	1.05694720838438e-05	0.000220843046767258	0.00127817173621313	0.000598431209037134	2.57190036396984e-17	2.56205486077089e-05	3.06349366695946e-05	0.000338575595281214
CG>GT	3.24092830037424e-06	0.00238192746701313	2.52124444812881e-17	1.45071185464523e-17	0.0144260377323773	0.00697578472984118	6.62434546902071e-05	0.00275398180566682	0.000212223544300523	1.64461238963088e-05	0.0024067421833243
CG>TA	0.000678688514666607	7.75987307612866e-18	0.222369217542172	1.45071185464523e-17	2.33755241033892e-17	1.79810600179136e-17	2.89295087149502e-17	0.0011516651187334	1.92581123701279e-17	0.577226701458679	1.50523367058757e-17
CG>TC	2.40209979910093e-05	0.00400089379224859	0.00163994458698109	1.45071185464523e-17	6.63419636458093e-05	0.0193025596095916	0.000155848127701115	0.00205979630919708	0.000283961080402108	0.00427276748286454	0.00139713423353996
CG>TT	0.00023639712308612	0.0103464974348382	0.0162858763000753	0.000748152827895613	0.00494225366757373	0.0405115448596367	0.000100165223758622	0.000748809928978829	0.000176995289964923	0.0125280767327764	0.00142568880181668
CT>AA	2.34905736158188e-05	0.00265715535145071	0.000104069280472533	6.45319087501416e-18	0.461478344189613	0.00431726357097514	1.2868692087969e-17	0.0208562521071145	8.56657196389278e-18	0.00281870280311222	0.00399202810554509
CT>AC	0.000355326727257331	3.45181863412756e-18	0.0294020976869003	6.45319087501416e-18	0.206972047072165	0.00187916606325927	1.43776316469566e-17	0.0141741519174564	8.56657196389278e-18	0.00932395329273767	0.00213210592000704
CT>AG	2.41690017346873e-18	0.000485903486386781	0.115183475474455	0.00033464404109002	0.0264409265876881	0.0380651587173031	0.00179364513615497	0.0206537642225794	0.000552743335142527	0.0190065201736575	0.00045001044098872
CT>GA	7.5644735253828e-05	1.49827139754697e-05	1.73785594575494e-05	0.000620428208412076	0.0159437797026883	0.00707337379708872	0.00266199714651572	0.00563928758430233	0.00269723551856491	5.31465337686045e-18	0.0105244377328007
CT>GC	0.00021370485744355	0.000110921749873643	2.71792586865161e-05	6.65600544537175e-05	0.00480293984832537	0.00172497807858159	0.0222070350190617	0.000239948143174085	0.00295366283899185	5.31465337686045e-18	0.0055434753920183
CT>GG	9.15877960472359e-06	7.43341279003968e-05	6.05218436922794e-05	0.000853664964323302	0.000564469219287723	0.00656262609784389	0.00569411154334914	0.000309806463338692	0.00987720049051944	5.31465337686045e-18	0.00364726204188439
CT>TA	0.00662315451045289	0.00279787697442473	0.000185910170941226	6.45319087501416e-18	0.00330759156565087	8.518886153442e-05	1.2868692087969e-17	0.0110355897071626	8.56657196389278e-18	0.00289042552074866	0.0378335390911886
CT>TC	0.00890436906014787	3.17865313070739e-05	0.00640581784656179	6.45319087501416e-18	0.00023470035959858	7.99850170515482e-18	0.0899669623849164	0.0180214217236232	2.84919244918829e-05	0.00197237473500219	0.00271276455354086
CT>TG	0.00189959873283155	0.000322831958587469	0.0527419071909346	2.83940398500623e-05	0.000865519469574509	0.0107931589274379	1.2868692087969e-17	0.000978016482304496	8.98445352310706e-18	0.0327772819598546	0.00134277309004698
GC>AA	0.00171775076710419	0.00539094421153159	2.79787488373569e-05	0.38764976592086	0.000168852020299656	1.02541071921121e-17	1.64977083154557e-17	0.0167435664144914	1.0982375252866e-17	0.00375151002576042	0.00116313500206154
GC>AG	0.000116328691189968	0.000344893084399167	0.000676153096902794	0.0133550071795906	0.00337704040599312	0.00452169064134101	0.000133222644582773	0.0110585415388734	0.150977220771106	6.81340423796193e-18	0.00382671415678245
GC>AT	5.29458622518823e-05	0.0010113326444074	0.005168296660234	0.0109203775521608	0.00199321557797338	0.00232261705074347	0.000638738706903707	0.00715170937549205	0.153412337235157	0.00712603007344197	0.0316372720560738
GC>CA	6.2621800117216e-05	0.00112488205988651	0.000306989049743223	0.0140641226050555	0.0058146034058077	0.0107359266866812	0.0012227283817871	0.00626910277379792	0.0333610955574866	9.65462138982459e-05	0.00245421485434984
GC>CG	5.59899775353581e-06	7.09949149117054e-05	1.43779681525306e-17	1.16176743872014e-06	0.000410069192156308	1.1168328797192e-17	0.00483616449512808	0.000314104114132318	0.00304389558006265	6.81340423796193e-18	0.00469906540832861
GC>TA	8.99101192655168e-07	0.000781050184977804	0.00547917164731574	0.0209189050512171	0.000281843221853561	0.00102417528460975	1.13877986602261e-05	0.0111104595742671	0.0170458152483508	0.00258376058146735	0.000282641805500952
TA>AT	0.000226305360501319	0.00120291299890611	0.000774181768350756	0.0148094750655781	0.000978580654046982	0.00436416318626853	0.0419749114124784	0.00518955826157889	0.00777896537510466	0.00394166477740962	0.00106914199113827
TA>CG	3.3833771718514e-06	8.26729297430016e-06	0.00178328765951139	0.000189502822385194	4.12887773285063e-06	0.000131892446352806	0.00229432759512651	1.11816255326803e-05	0.000677522790734918	0.001557715599534	0.000279990548351906
TA>CT	0.00031458685756817	0.000122478414434077	0.000183667950560455	0.00424798100565268	0.00118790271908377	0.0132910920842017	0.0218901419731742	0.00219352462602819	0.00712653602106363	0.000613990090327268	0.0016204932421737
TA>GC	9.00740147737921e-06	3.59561630945752e-05	0.00106249773725379	3.41981957106443e-05	2.73165294873008e-05	0.000134438632575834	0.00113588021922657	0.00042211973900884	0.000290581996915199	2.80843615390436e-18	0.000489024587874905
TA>GG	3.15034986994905e-05	3.45126674958879e-05	0.00291519479668629	0.00108148140281525	0.000852987415024906	0.000111013719323984	0.00324214817540828	0.00011609630337759	0.00163107338510259	0.00325566350364891	0.000179788451424597
TA>GT	0.000515348840745581	0.00056864978130107	0.000193278482857223	0.00392645950751842	0.000999512860550661	3.18273277878393e-05	0.0197838740169925	8.18559189712963e-05	0.00390453874956865	0.00136821248523546	0.00128009377414313
TC>AA	9.23250597798073e-06	0.00119883430761723	0.00554034639116668	0.348975491587533	0.0399600498029019	0.0440834194184292	0.0278677109403891	0.0392355748381637	0.00350030705133178	0.00541573966005795	0.000196643635305121
TC>AG	2.61728839192299e-06	0.000165356456223067	6.1963072571518e-06	0.00172185796640814	0.0147377411401792	0.00796966621800422	5.6872879470182e-06	0.0117302234052242	0.0442992789423289	0.0001941356412534	0.0429534945320863
TC>AT	0.00208366648677364	3.44768211225095e-18	0.00113027103062052	0.00774375695053073	0.000739854387439867	0.000571736924335085	0.00325597234966792	0.0187076838790213	0.0491371016962022	0.0022135761308967	0.0766638320129641
TC>CA	3.74382352501606e-06	0.000563865515720659	0.0661006718800395	0.0778979593358978	0.00141442750539974	0.0113577368807306	0.00385313758410483	0.0177975803389608	0.0462913236056885	0.0180524655335265	0.000255546106709881
TC>CG	2.7951623603061e-05	3.21618307353865e-06	0.000117063785314268	0.000368311864472329	1.04845675225436e-17	0.00082969230433812	0.00231756983840992	0.0110223650962882	0.00738953710836708	0.000603181586477353	0.00293606165156032
TC>CT	0.00160933590441867	0.00276972064173638	0.0195779089232484	7.62405559457723e-06	0.001038565650818	0.00903806350085261	0.0130665440582743	0.00885834112325551	0.048757664617467	0.0187688332134283	0.0182144565420872
TC>GA	5.43786131914097e-05	0.000731702318787072	0.0785134698056042	0.033516379666982	2.43321095334502e-05	0.00706489734784432	1.28532707602611e-17	0.00971788335553487	0.0164106536552953	0.0313769043797008	0.000212955088924901
TC>GG	0.00034812476669267	8.16034111460832e-06	0.000178623189660564	9.57610847628053e-06	3.44210329985393e-05	0.00145340531270367	0.00100380632264871	0.00193144195723951	0.00353825075920529	5.30828450807267e-18	0.00664238639072136
TC>GT	0.00431979637501853	7.08552414915841e-05	0.0437980024365453	6.44545762826577e-18	3.81796515443568e-05	7.98891661949698e-18	1.28532707602611e-17	0.000279098418951885	8.6796231760666e-18	0.0328812765074947	0.0137741163900361
TG>AA	0.00111948099675163	0.00236094533039443	6.50345433972029e-05	0.00677771518353967	0.0171759283548809	0.0236784372232847	0.0309996452541652	0.00843854286394043	0.0144590554335972	0.000981357819190254	0.00684518171514683
TG>AC	0.000193662041043896	0.000175475666448235	7.82751091187891e-05	0.00010481918632473	0.00139315863322922	0.00937851827275202	0.00359376418433243	0.00375588324001973	0.00665299575963619	0.000143057090543932	0.00075707884614523
TG>AT	0.00196930598698644	0.00342177549574057	0.000932681026564674	6.21808732434832e-18	0.0194660521355316	0.205213122601801	0.00176944877778199	0.0080190546059642	0.000682687047687564	0.00172774263941946	0.00917936245326211
TG>CA	0.000227981896418763	0.000114856799857027	0.0154797790421486	0.000714191744110865	0.000454207883162405	0.0105856542880567	0.0327828106891393	0.00493630368688307	0.0208649660687353	0.0201800340284193	0.0490440222502858
TG>CC	8.4165359609794e-05	4.73784299410233e-05	0.000471208368327039	0.000106595782703114	0.00048283443042054	0.00732638704673398	0.0014402490051714	0.00121944261039602	0.0107985350706612	0.000131308440595879	0.00273632423606763
TG>CT	0.00151170791532155	0.00244868316361854	0.00590957602426679	7.29292813327139e-05	0.000312983583355607	0.255355695545228	1.2399858101666e-17	0.0190233047221779	0.000885845927830513	0.0029924502514745	0.0048781754751621
TG>GA	0.00033257574137074	0.00117249649854048	0.000509177637675705	0.00697314078516204	0.00312029365113669	0.00690853227220542	0.0113162421834895	0.000264375157933856	0.00565550396073612	1.39601605265092e-05	0.00639058471746147
TG>GC	7.26436938768029e-05	0.000216951733063271	0.0004848383624522	0.000536532106272342	0.000278631726645845	0.00519997052746644	0.00532206299053809	0.00345346147264152	0.00357815865476994	5.12102918323928e-18	0.00535025697275844
TG>GT	0.00155256488600591	0.00510474666031228	0.0100277813920836	2.86920315109215e-05	0.0789138486082582	0.0254427129379609	0.0119472084143265	0.00766785513417014	0.00305653450305156	0.00149968061101609	0.00458093897667552
TT>AA	0.00278497600850544	0.00213414756358721	0.00194615066872332	9.92622778431766e-06	0.0029145114960059	0.00011125591741869	0.200110142976655	0.00216814006624262	0.000193727007477659	0.0062209971181857	0.0025887764770058
TT>AC	0.000365242755213827	0.000170830837456517	0.00146867892080672	3.63961685424981e-07	0.000572239452264573	7.37863079253481e-05	0.0340613009321967	6.84357060015127e-18	0.00378364184692436	3.1791440445349e-18	0.000564429252848224
TT>AG	0.000212043710665805	0.00010645979725551	0.0138406367434049	3.86019969390131e-18	0.000528995684132778	0.00122208572501358	0.045897603006135	0.00884213546568214	0.000521529011332818	0.00298607861672914	0.000689254952997353
TT>CA	0.000367779163236145	2.0648249049092e-18	0.00041944986462546	3.86019969390131e-18	6.21999404635405e-18	4.7845809045343e-18	0.0831947275268902	0.00380938575884527	5.13007295461367e-18	0.000553454226376522	0.00109629527957059
TT>CC	0.00274946629619298	1.47558230614614e-06	0.00493186007974605	3.86019969390131e-18	0.000457910037888732	4.7845809045343e-18	0.030144251324994	0.000178053960747299	0.00293147025977924	0.00123561873795689	0.00217088174172395
TT>CG	4.25101984540538e-05	7.5264600850407e-06	0.0192197488401868	3.99806396868351e-18	6.21999404635405e-18	6.456301943468e-06	0.00227359183722412	7.02525831519951e-05	1.12486649503156e-05	0.00368111415682989	5.40549553689262e-18
TT>GA	0.000943543784302385	2.37182525048323e-05	0.00743405379667601	3.86019969390131e-18	1.77121735224749e-05	4.7845809045343e-18	0.0371268180160944	0.00219842135208399	5.20960896941388e-18	0.0037283079280713	0.000383703347849707
TT>GC	0.000537718500731467	7.62549245458076e-07	0.0401922420714598	3.86019969390131e-18	3.35287298117752e-05	2.35770312042714e-07	0.00312512436052904	0.000173208955012678	2.0224872334911e-05	0.0110690845275304	3.1369241167911e-06
TT>GG	0.000816723383186476	2.0648249049092e-18	0.103351479612326	3.86019969390131e-18	6.21999404635405e-18	4.7845809045343e-18	7.69785401067642e-18	0.00032582663565322	5.12439181069937e-18	0.0363392038558848	3.98356799606343e-18
