Type	Signature_1	Signature_2	Signature_3	Signature_4	Signature_5	Signature_6	Signature_7	Signature_8	Signature_9	Signature_10	Signature_11	Signature_12	Signature_13	Signature_14	Signature_15	Signature_16	Signature_17	Signature_18	Signature_19	Signature_20	Signature_21	Signature_22	Signature_23	Signature_24	Signature_25	Signature_26	Signature_27	Signature_28	Signature_29	Signature_30
A[C>A]A	0.00607974181927498	0.000572014095846095	0.0188100325011818	0.0262279988597789	0.012471491848776	0.00093544610110535	0.000274499025711613	0.0313853346655455	0.0119643784905286	0.00047146335108426	0.000143358454088966	0.00719685687557818	0.000294610417504041	6.37676000976399e-05	0.000774442556305128	0.0150218109050424	0.00157184068524449	0.0364265998952592	0.00770166410582248	0.000821859175291952	8.372361343842e-05	0.00137163592811744	0.000311005649315434	0.0190657421675773	0.00841878601475327	0.00176569715776848	0.00549810520163127	0.00149591467925574	0.0482154017580025	0
A[C>A]C	0.00698710375465131	0.000723131382641574	0.021136042402112	0.0309535531534848	0.0104268964831436	0.00214786814433445	0.000478333236102656	0.0396153239534925	0.00931243893137539	0.000938922262238295	0.00099924745582291	0.00612392321182538	0.000795913771485426	0.00373361128618498	0.00332189259535249	0.0126167613038614	0.000409339317291507	0.0109926975297008	0.00742527005602887	0.00214732226782838	0.000817006932400466	0.00311598742130566	0.000350779384562844	0.0187557984299609	0.00829979551374734	0.00179461998070918	0.00697646862894658	0.00136871162735001	0.0529716298318519	0
A[C>A]G	0.00185065549356726	0.000188590545415636	0.00411288408344262	0.0298136055833828	0.00417813743400723	0.000623779319828315	0	0.00489388473878235	0.00113023830518688	0.000458102090661999	0	0.00360240206121889	7.61101025028287e-05	0.000722871657568297	0	0.0046538267959661	3.06611078875235e-06	0.00373916916130726	0.000815946944973251	2.55332738224092e-07	0	0	0	0.0309022166500024	0.0027934995788225	0.000557263609041872	0.00187424049133408	0	0.0278776059208389	0.00331440605383906
A[C>A]T	0.00335242503025824	0.00026640574161484	0.0135459429106892	0.017141593189792	0.0075441291697477	0.00102635137291029	0.000269471863782631	0.0281929713124885	0.0066556492823309	0.0060828953496087	0.000140732994269116	0.00422068160176905	0.000731474281263823	0.0185295299493398	0.00333344529238301	0.00806030926828268	0.00267813500252754	0.0137444544098825	0.00522883737232626	0.00205674963082216	0.00049314181929892	0.000825823685205263	0	0.0160731180514132	0.00414748500067731	0.000508054860275145	0.00281838823194294	0.0005395242022254	0.0181293965047071	0
A[C>G]A	0.000986638031591503	0.000220760297292045	0.0203627875369309	0.00697018051890015	0.00974163146773285	0.000715341136139386	0	0.00714315442030182	0.00478575139621146	0.000336759536488758	0.00050175458931138	0.00289743588497303	0.00332241716617886	6.37676000976399e-05	0.0006552975476428	0.00447855231951574	0.00142571338797236	0.00109337104737797	0.00417473381437105	0.000485498511881075	0.000418618067192101	0.000481184613799099	0	0.00798213522116838	0.00683298508703763	0.00110184956240524	0.00139856139479656	0.000273178280949064	0.00640876732735139	0
A[C>G]C	0.00197096994578971	0.000315209706904844	0.0143814549488368	0.00540935880352162	0.00848505173535895	0.000920514919000479	0	0.00513144667297536	0.00319680739435275	0.000281676678671489	0.000299774236746872	0.00195444357824213	0.00112973074516957	0	8.30473148838122e-05	0.00312167289992446	0.00194589176911954	0.00251086128224165	0.00190648825762903	0.00199954417300122	0.000933722208457675	0	0	0.00781709992443212	0.00194004258946627	0.00184413568261412	0.00260770785844471	0.000401275717777094	0.00334148707860022	0
A[C>G]G	0.000735939860340023	0.000416457268639015	0.0101467458909694	0.00505039220264955	0.0043597952694196	0	0	0.001132557868131	0	0	0	0	3.96875939122955e-05	0	0.000810379093183844	0	5.01904707525745e-05	0.00427263144829807	0	2.01102825593806e-05	0	0	0	0	0	0.000602992890254226	0	0	0.000241230500601485	0.00812048857800245
A[C>G]T	0.00159395648808203	0.000502535309171763	0.0193861039951118	0.0038092429310649	0.00958389229800715	0.000972332879599217	6.73679659456578e-05	0.0072456604931738	0.00371933342247903	0.000132236855426276	0.000633298474211022	0.00229384869661362	0.00333541033108388	6.2599763342364e-05	0.000584814963575967	0.00668639291573449	0.00111896156007709	0.00281837201103671	0.00508751744334447	0.00058022787327715	0.00147942545789676	0.000268086224476938	0	0.00253599842836193	0.00286303384714023	0.0021229669372478	0.00137145160291719	0.000323348855662834	0.00268970585157964	0
A[C>T]A	0.0161682704510757	0.00623498476511489	0.0151619818247616	0.0086229037347218	0.018228851189079	0.0171681872673453	0	0.015442806371842	0.00927239333015968	0	0.0161278260850086	0.0113093465187657	0.00130266560300464	0.0186839068286085	0.00696998300674613	0.0125959283986381	0.00802255692700913	0.00275750588157473	0.015907175396138	0.0228860733469751	0.00426990428535944	0.0028392535581273	0.0135602775253943	0.00420338168713523	0.0178533300295335	0.00511350198367976	0.0144943289805362	0.00581670530193996	0.00358072304028387	0.0483895656619951
A[C>T]C	0.0109378940556016	0.00318439516399083	0.01052094752997	0.00751299833822447	0.0148429650912997	0.0125036609830899	0.0188463295024447	0.00673251054856739	0.00778353104711973	0.00300455123916256	0.109817295394937	0.00703599688167171	4.96988464617786e-05	0.0285354576872709	0.0140349962153643	0.00988529751642745	0.00505256457676237	0.00247712876940464	0.0203693219104576	0.0215518674406668	0.00723634711554699	0.00193856553634806	0.0783042026567779	0.00356689143825683	0.0155838087595284	0.012823384324583	0.0079866366333502	0.00270912963804076	0.00862153985046094	0.0563506186017995
A[C>T]G	0.21318410316522	0.00631063745150537	0.00687175002075341	0.00456164457013508	0.0317170323602038	0.113278324480822	0.000155586508989838	0.0373344891257223	0.028255957629672	0.019240287807804	0.0117008370216271	0.0040262140684211	0.000631702958003939	0.071708868430775	0.041734523298968	0.00740381535721877	0.0179528877607486	0.0138318011539847	0.0600536951500312	0.0545940539673858	0.048593597204785	0.00749629448126208	0.014384572025294	0.00469390314399504	0.0379165120620387	0.0391146871440537	0.0160591475213794	0.0131834185284484	0.0494212058508265	0.0344706316392865
A[C>T]T	0.00678873895834165	0.00273612195683565	0.0123237513669026	0.00416195060986721	0.0135020199195178	0.00804875550334907	0.00289682253566328	0.0174585526227004	0.00743866684495806	0.00310756610251749	0.0449641916689825	0.00614751450692448	0	0.0173401344458349	0.00385977875960138	0.0092510367738244	0.00483122577129028	0.00396661215273665	0.0187955505545782	0.0128680165456378	0.0024657090964946	0	0.022364612112056	0.00223481577716677	0.0047837787089216	0.00963186871743366	0.00464050508112026	0.00171208195341092	0.00322596877970963	0.016001919367183
A[T>A]A	0.00109317289121873	5.50370390133413e-08	0.00354815975150812	0.00171152978192649	0.0036874442152762	0.000163829471317858	0.000340527153083186	0.00566878893589787	0.00598639265309498	0	7.11367861722167e-05	0.00268999247979117	0.000543095546515321	0	0.000620777666129899	0.00375018217444673	0.00026098266008516	0.00108632566916248	0.000392884063338027	0.000198525329238577	0.00344823604886369	0.0224538927884768	0	0.000385334161296298	0.00862395704649068	0.00191547242461959	0.0749857792694712	0.00051207773774102	0	0.00279291317883777
A[T>A]C	0.0013418061357927	9.78636626304168e-05	0.00646149118591621	0.0028949499502075	0.00637987096700069	0.00187580612143398	0.000567120000952799	0.0109765279876274	0.00432575928671396	0.000139150270686216	7.40452961615798e-05	0.00627580814476416	0.00096367143425354	0.000526980106168023	0.00553850469285268	0.00703596120113105	0.00166499945007677	0.000603988575640018	0.00394076762606182	0.0014184764173578	0.025254279132839	0.010990675687827	0	1.04319883067617e-05	0.00781424599339341	0.0114657524149902	0.00159738857463052	0.00372176908040681	0.00217043084898938	0.00286937598628898
A[T>A]G	0.00149802673359673	0.000434396446391907	0.00607214466794547	0.00699064532153765	0.00934479100534045	0	0.000600853094271782	0.0116722980338074	0.00659572874558828	0	0.000488130933185159	0.00418268297890455	8.78046053166395e-05	0	0.000521594908661048	0.0072615842140546	0.000907596309240334	0.00315777421932042	0.00315107170815696	0.000129141822455118	0.00219915937702191	0.0602537777588801	0.000158446990897863	0.00410021820290581	0.00516560552122034	0.000987266818150133	0.00126001276882506	0.0018596899179074	0.00262071172551151	0.00476446270653253
A[T>A]T	0.00246314892617192	6.71878372145562e-05	0.00399384941370901	0.00115931925662385	0.00502461751477276	0.00156839417524879	0.00129169019715118	0.0110828872003937	0.00991950793220778	0.000434650964934034	0.000115644257344032	0.00301587192521117	0.000459949334454502	0.00030863991116951	0.00253094351106247	0.00421487989879044	0.000943813425310791	0.00106077386070726	0.00127739213905553	0.00277976145730752	0.00193609169811575	0.0071602898418363	0	1.77792071584446e-06	0.00679387737479995	0.00185890917890287	0.00143999632995931	0.00325438813134091	0.00189168855643477	0.00373438309193419
A[T>C]A	0.00378273502981408	0.000541946912212163	0.00548762303051929	0.00299517711837136	0.0146483504795635	0.00204786839147323	0.000170263576541593	0.00687397799544138	0.0124675285006607	0.00103605431576077	0.00021341035851665	0.0216126981997015	0.000239949910299	0.000822705407950337	0.00339949674309231	0.0331960570256581	0.00114836766040578	0.00104907155549147	0.00517892628945582	0.00566648255176182	0.0110094283487817	0.00762047307644424	0.000363704839050611	0.00156082901635637	0.00872220584342089	0.0236371006886299	0.00264527087514505	0.00217400146314776	0.00345951980822299	0
A[T>C]C	0.00355093577451849	0.000368343978738523	0.00805050205088493	0.00148458971805513	0.0118739627282676	0.00318318614546372	7.08900001190998e-05	0.00687648990711947	0.0108143982167849	0.00361790703784162	0.00111067944242369	0.0306066335675422	0.000132283362519961	0.00303013561046613	0.00449234269531384	0.0164814981560741	0.00715969611635822	0.00112677964884083	0.00356899709530127	0.0138517579600857	0.0142703974552001	0.00104404074601351	0.000157016659873255	0.000431736345717984	0.00835020493902362	0.0246753163164433	0.00201373916171937	0.0087145422463048	0.00451913901054719	0.00672031191737938
A[T>C]G	0.00540268105192932	0.00046907418080158	0.00967023685005287	0.00566242271044548	0.0231012559361725	0.0116164802471513	0.000467330184433609	0.00819299717052815	0.0170712979297579	0.00170360232192491	0.000557863923640182	0.0442818828418807	0.000239025588092006	0.00217126630867003	0.00423071425913961	0.0315878913311375	0.00370005816927644	0.00233485657282917	0.00945321512447089	0.0371223557205952	0.0182448777945522	0.00435930163892781	0.000332887251658848	0.00176361358938935	0.0164780141483082	0.0436148156212571	0.00584529869505845	0.00574941487130835	0.00982577740327643	0.00654226240426943
A[T>C]T	0.00272693852224431	0.000670551162031167	0.00774634747303476	0.00139118310794862	0.0122558174212041	0.000680623887372116	0.000405959776247515	0.0100346048177027	0.0132438835635423	0.00144883654978011	0.000115644257344032	0.0125661330217132	0.000126586927418619	0.000857333086581972	0.00201834735692323	0.0249380394011768	0.00144900159541011	0.00212863036726438	0.00619341643178437	0.00274985776484481	0.00850979839404363	0.00129009726890301	0.000115561160012111	0.00254931664914318	0.00662804914673185	0.018189143975019	0.00147268858192809	0.00186088656631104	0.00292427928384229	0
A[T>G]A	0.000431568400759611	1.40187608245758e-05	0.000989851889104719	0	0.0014339693890273	0	0	0.00178979048076278	0.0165738970147672	0	0	0.000556550168232654	0.000168655750929355	0	0	0.00240752435890407	2.26237636716585e-05	0.000138110872874802	0.000500034262430217	6.10122124705869e-07	0	0.000747569037311179	0	0	0.00222945685308111	3.46440095722735e-05	0.000595550009630163	0.00338081350928408	0	0.00195864914557787
A[T>G]C	0.00100959894147638	2.15036268538426e-05	0.00128319442394855	0.000148458971805513	0.00193709677327785	0.000966324365587202	0	0.00070079751755176	0.00525270770529552	0.00278300541372433	0	0.000965508945348337	0.00010217009542072	0.00131745026542006	0.000369233646190179	0.00404808726640416	0.00573319987462787	0.000934449551055136	0	0.000274410434624452	0.00268110497643154	0	0	0.0010065154608522	0	0.000145909004171167	0.00104629000900787	0.0183684066708081	0	0.00188773927915513
A[T>G]G	0.000738554861383631	0.000222895333168427	0.00747228568689444	0.00104859679823065	0.00445817687794219	0.000374725169262944	0.000600853094271782	0.00570931296699992	0.00504379257015575	0.000982847493418217	6.97329904550231e-05	0.00163670203522352	3.08229401792796e-05	0.000434253261734005	0.000695459878214728	0.00553695796321663	0.00290600262024311	0.00166136027192426	0.000700238157368214	0.000446375625412371	0.00130320555675373	0.000964260496695285	0	0.000548822851491493	0.00590583840352408	0.00105694067945369	6.95217814736065e-05	0.00686580831201463	0.00196063080195131	0.00455112963447571
A[T>G]T	0.000930515138198117	9.80910304679858e-05	0.00320777436051303	7.72879504415898e-05	0.00171528041730127	0.000858177944947452	0	0.00135142843172792	0.0103484596265735	0.0049622651829969	0	0.00150793596260558	9.11054453119634e-05	0.00192042611394362	0.00092908052937736	0.0038134627655723	0.0142697720261467	0.000131254537616852	0.000658050495877089	0.000199320919994691	0.00081045698990892	0	0	0.000384938816062599	0	0.00086140154591733	0.000145424154095077	0.0497349351958058	0	0.00381306940939777
C[C>A]A	0.00478601381315886	0.000751830307481818	0.0211051458554812	0.0438780599506701	0.0106965493829315	0.00736148483492022	0.00109077772914259	0.0359175339445075	0.0129422317775443	0.00276557724198536	0.000664607983091025	0.0167132192092342	0.00199347707580849	0.00473001262261346	0.0083642291594954	0.019650234577485	0.0011733117476912	0.0847510996082859	0.0106780762773002	0.0160317636636144	0.00221795208453469	0.00549575017764204	0.000149691126468938	0.0560328917454873	0.0167131284863141	0.00424909503624583	0.00708598027146477	0.00165684828331077	0.0469162304975115	0
C[C>A]C	0.00594737150623664	0.000264727346632794	0.0197700958516104	0.0652381956678371	0.00611210914815821	0.0196086713943821	0.000608826215628046	0.0322360069247604	0.00840320640708305	0.000896300598425466	0.00180178726504292	0.0154785916003087	0.00150854766855579	0.00961748510822882	0.00739922820239732	0.0137961431795532	0.000535215716384654	0.0219995807022054	0.0169222925406535	0.0375935192053583	0.00173315449444155	0.00507617117227259	0.00074744528723733	0.0332211776634981	0.00983886279055654	0.00509515822644753	0.00348910679919036	0.000529128348339205	0.0263094683450206	0
C[C>A]G	0.00148615534356476	1.72366358606632e-05	0.00506113525142781	0.0192139961527177	0.00710298464422765	0.0152150707354305	0	0.00301181121366486	0	0.00143255292045971	0.00217799084070305	0.00795193657945639	0.000652930659173972	0.00174383470923977	0.00271518766609672	0.0062370874188833	0.000775485824450193	0.0376235423888949	0.00393673368887913	0.0264178148128774	0.00686869865919389	0.00249433481377027	0.0003417498072438	0.0453588685583566	0.00330066768165133	0.00213508483077699	0.000854660713539261	0.000174510936386279	0.0303470113510102	0.00510829687615807
C[C>A]T	0.00532276126147023	0.000471627698755963	0.016887208034922	0.0419703904317262	0.0124289316709248	0.0424808234837487	0.00120617726732319	0.033273158686054	0.0122669687938604	0.0145699094338228	0.00135677652229527	0.00897216930799666	0.00149541027028012	0.108373305760506	0.0183640165429148	0.0105965055908372	3.65167676794224e-05	0.036717828299334	0.00934241165893526	0.0973738171983572	0.00633903225571778	0.0054742622008775	0.000670329881984546	0.0180751293909502	0.0144497071175517	0.0222819159288911	0.0044276014342864	0.000270171750609748	0.0375910657640382	0
C[C>G]A	0.000932393819254403	3.08215272976804e-05	0.0189148694335857	0.00999391821002248	0.00833346626546759	0	9.08981440952158e-05	0.00749409767763561	0.00237714461220202	0	0	0.00235223085166999	0.00621751748499031	0	0.000710170400334519	0.00494345523961888	0.00218765408375933	0.000437717031060605	0.000190679933523218	1.22853066623074e-05	0.000110897604226735	0.000703041658897289	0.000180866862052278	0.0118809596525615	0.00811354130949164	0.00146661174275566	0.00661812509517525	0.000146563663043855	0.00238993740762708	0
C[C>G]C	0.000568734325945758	0.000346448084226402	0.0169739926771889	0.0103063599019222	0.00942089705407504	0	0.00040588414375203	0.00768154264595142	0.00294849347616949	0	0.000211974972357991	0.00262583250362378	0.00118718607834447	0	0.000264258150085619	0.00689807158977656	0.000899935211552635	0.00389467419009992	0.00298002635936037	0.000564528717323704	0	0.00111286794358704	0.000287846799332727	0.0158500411456855	0.00578403631949514	0.00155511976599923	0.00197032742099267	0.000228419986687867	0.00113233533102541	0
C[C>G]G	0.000842731814998838	4.87826688331995e-05	0.0107658784341127	0.0137554745184229	0.00662905054570594	0	0.0012511080024847	0.0017038698179547	0	0	0.00174239267256244	0	0.000763373957570447	0	0.000724050044292457	0.0079381112603969	9.17108904399655e-06	0.0118395396014469	0.000437414854319902	0	0	0.00105883211035393	0	0.00161275359702514	0.00212908390681177	0.000546651796235106	0.00115807684850998	0	0.00318213980981787	0.00732940350499325
C[C>G]T	0.00102324337884809	0.000354323310411741	0.0275813508056482	0.00913244606616264	0.0106273963082682	0.000148794478051659	0.000278348600151506	0.00902005280405809	0.0052572723402259	0	0.000193825217470754	0.00240100305425263	0.00759515503750051	0	0.00136924684749803	0.0100919100865116	0.00110639963662648	0.00537909395614578	0.000778534304911271	0.000113692994915654	0.000339591013699166	0.00217084936239919	0.000181580570914002	0.00934838501959689	0.000225837883101509	0.00268835935022572	0.000382740372553986	0.00042116593836981	0.000130178856890786	0
C[C>T]A	0.0151626217872253	0.0166686900252911	0.0161758209582528	0.019987836420045	0.02517357939353	0.00619530901948734	0.0685372006477927	0.00550905426666534	0.0129422317775443	0.00107054602915562	0.029432639251174	0.0231509036453836	0.00425168724900414	0.00506787066708585	0.00402429893522894	0.0259531400079991	0.0241669756143159	0.00932550382064257	0.0417589054415849	0.0102823179550754	0.00377051854370898	0.00933899628654679	0.0550395708617758	0.00532075804323067	0.0161509294721248	0.00756113237181113	0.0243962431662789	0.00622679144617918	0.00832868877373783	0.0683554177446668
C[C>T]C	0.0149865158676882	0.00435707592049084	0.0107186697804358	0.015300163153369	0.0216101238676071	0.00805501439022341	0.102181333189574	0.00503046887964542	0.0101723024927847	0.00239013492913458	0.160889004019716	0.0129909608074019	0.00130680971451624	0.0157462746379825	0.00775157240251148	0.0135202203159621	0.00488077221900622	0.00602691251654596	0.080141423164227	0.0186953312776758	0.0112655042138701	0.00958856293079747	0.189049196644907	0	0.00746720958585449	0.00833333465756827	0.0111582382138298	0.00419080703685489	0.00720000744972216	0.0701455619282741
C[C>T]G	0.159090691839896	0.0126765334038305	0.00906973799933185	0.0165939057682562	0.0326213615987836	0.150645920138713	0.0433717440861363	0.0216573651742902	0.0230242358439119	0.0223068954757298	0.0294028763494911	0.0130638958091069	0.000345502074440042	0.0567715077563613	0.0280569392163328	0.00453606357736967	0.0343501418857249	0.0354439346664435	0.0520523676640684	0.0939351065759805	0.080898006430506	0.0152460191498752	0.0315771909239537	0.00591414794830502	0.0298781562785671	0.0313129636769349	0.0240807604657158	0.00743087563149042	0.0416076640308981	0.0390903025540021
C[C>T]T	0.0126750179028245	0.0101461073895023	0.0184387451861539	0.0195278899925393	0.023055142676258	0.00647255979524717	0.0731128989731288	0.0217770566855299	0.0130757799231259	0.00391566316033988	0.0790806887280674	0.0259055592695678	0.000727936197110787	0.0160361454824615	0.0077322174917536	0.0266174128531744	0.0111919024652435	0.00502213218323876	0.11279015742402	0.0130399663460067	0.00452788018265556	0.00514127128482652	0.144703439891179	0.00357354079293792	0.0156791185881599	0.00730138870565995	0.0102073546521536	0.00350825199641389	0.00152213839118776	0.0343922594350186
C[T>A]A	0.000490763139072568	9.81271648370019e-05	0.00486587909188886	0.00408267288468437	0.003188870623752	4.16851028329351e-05	0	0.00778602072344383	0.00415415422792833	0	0.000217202257171916	0.00120368290190205	0.000190114958235712	0	0.000722065956324146	0.00381681582261231	1.95504345191452e-05	0.000225157989083498	0.00234466219499229	2.37663090720271e-05	0	0.0600335785254959	0.000308964155277787	0.00139493095523561	0.0169458023897741	0.00233544125591317	0.264517994871813	0.00208132472300852	0.000921436382691691	0.00299017595760822
C[T>A]C	0.00139532476264438	0.000520329162712527	0.0144485099168293	0.0106749550042712	0.00693592405736558	0.00191475837811213	0.00128581839453225	0.0204556145881796	0.00653846434832223	9.0140649170686e-05	0.00105525345142887	0.0107577481967895	0.000261820518081053	0.00290168171002479	0.00342834955131993	0.0159836943846334	0.0117397653789745	0.0024034239712169	0.00510560777628761	0.00409139495181717	0.00414591573208127	0.0655497640808204	0	0.00240011891826885	0.0179879112941981	0.00452011147833986	0.00397715906468054	0.0280958557451408	0.000353489157762624	0.00675012522092877
C[T>A]G	0.00120715855320203	0.000285902386876814	0.0144592226846242	0.0363951589352108	0.0129888377858934	0.000651936140894117	0.000711416737410415	0.0207057321459064	0.00753050837715116	0.000299237746856443	0.00063692718611158	0.00429100536107746	0.000374000693958244	0.000188875353757527	0.00238207178048593	0.0179632531203051	0.00567601074765493	0.00589573608207915	0.0022385423412159	0.00116337747280266	0.00309979658200774	0.287968922700003	0.000175880581743358	0.00681218302571204	0.0791917371730324	0.00306431065828347	0.00687745216936698	0.0140041568858478	0.00362919001755806	0.00909319416650531
C[T>A]T	0.0013208601813435	0.00053291303244816	0.0154458197104376	0.00914267870454967	0.00903589200621229	0.000669677733199709	0.0013666479271854	0.0248224113060861	0.00761134335743974	0.000670649699115205	0.000317217129346059	0.00558404907584593	7.79387712047682e-07	0.00141102072959768	0.000461367739084016	0.00990993882747423	0.0296592896676027	0.00264260606455873	0.00175197055481514	0.00183831446634533	0.000926299201612936	0.0623814922730125	0.000347468920078606	0.00214665151335822	0.0344671702365794	0.00156675285258126	0.0063462104473432	0.0129597986240009	0.00170193908155469	0
C[T>C]A	0.00173328250262378	0.000346950493379893	0.00507390725459338	0.00283065320004783	0.00900330678313708	0.00258447637564198	0.000519866515328197	0.00335020920944669	0.0116316318381993	0.000255112026403878	5.43005642929792e-05	0.0220911214937317	2.85023212650709e-05	0.000289842690415345	0.00144413191264829	0.0103195390759518	0.00482728504528548	0.000104932315612703	0.00359878383417422	0.00784484293216833	0.0138900275791973	0.00278227916193419	0	0.000932199318701794	0.00581780790599038	0.0248463672375981	0.00391981436314715	0.016817133943737	0	0
C[T>C]C	0.00385098842799207	0.000439943336146856	0.0163851719529136	0.00250043991091038	0.0139520708020277	0.0029457821201725	0.000734753368304143	0.0125115892484457	0.0157456896551434	0.00171267233424303	0.000383728527792316	0.0481596866949297	5.10096692657936e-05	0.00452320972445041	0.00398645296665108	0.0242252868017099	0.0455374979554745	0.00294247117550548	0.00674325555358741	0.0171112673492724	0.0112051776542737	0.00165067185555998	0	0.00396716802122038	0.0122633292551778	0.025187171680405	0.00809178694776646	0.0620112020843684	0.00255873930220625	0
C[T>C]G	0.00568971701791561	0.000449215558114995	0.0105825238048962	0.0106418593377809	0.0231673005022889	0.0220028447551765	0.00101630962487202	0.00716206881184578	0.0227391821584565	0.00149618873428221	0.000106154531018597	0.0574441040273273	7.07364909307092e-05	0.00151100283006021	0.0112927847371184	0.0262539853296767	0.0363527258437359	0.00277167136105083	0.00426389017374458	0.0764872784397982	0.0261622831521453	0.00371360649658171	0.00032581811223644	0	0.0168191514911516	0.0605606405174623	0.00885554163811697	0.0587970741238896	0.00704280705084006	0
C[T>C]T	0.00406911746717928	0.000519948653795725	0.0111998164503609	0.00429308391344073	0.0175960099331986	0.00200903319959912	0.00341661981796349	0.0105164950005093	0.0303350641057381	0.00149033266470046	0.000713738541028632	0.0335042944550755	7.43846013713048e-07	0.00190487798495687	0.00230683869542008	0.0271491032461011	0.0967000468068283	0.00104471618949291	0.00422065633660011	0.00847753700698338	0.0188965037129039	0.00238452957955633	0	0.0011762614349668	0.0084336842380392	0.0198636698707271	0.00455799171274994	0.00598414666836249	0.00231835501511953	0
C[T>G]A	0.000125614119177266	7.22214365338788e-05	0.00126875187312742	0	0.00129096633844385	4.16851028329351e-05	0	0.00156964125091844	0.0163144966042276	0.00112249291617706	0	0.000920463395572156	1.00632798336741e-05	0	0	0.000141363548985641	5.9452101242304e-05	3.33098884874812e-05	0	1.22751419224266e-05	0	0.000773994667234329	0	0	0	6.25571242785657e-05	0	0.00777672053011366	0.000582917735053132	0.00260259808441773
C[T>G]C	0.00153853689088369	2.47763936929983e-05	0.00661291368721586	0.0012502199554552	0.00388584860287168	0.0029457821201725	0.000734753368304143	0.00239802331100262	0.00854003506719638	0.00162253168507235	9.59321319480791e-05	0.00612941467026379	0.000173879511883074	0.00170687159413223	0.00151485212732742	0.0102395542151557	0.0227524352473875	0.00194451002930227	0.00105965444413517	0.00790162843986702	0.000560258882713684	0.00129933530023723	0.000174573618377213	0.00194669980123097	0.00328618156788782	0.0045407843254037	0.000538908368765412	0.0485863048845993	0	0.0059675351576711
C[T>G]G	0.0012976879993367	0.00028321737521236	0.0131476696975323	0.00489525529537923	0.00883526434766653	0.00407460088058823	0.00091467866238482	0.00835993755167636	0.0186047854023735	0.00369059887789612	0.00116769984120456	0.00622887874995115	5.99378726148628e-05	0.000472188384393816	0.000617574165311165	0.00925798430046492	0.0170899493521551	0.00567041423041553	0.00138576430646699	0.0158685669601468	0.000495967453121238	0.00565693907154107	0	0.00011227825974533	0.0148271964001051	0.00704747569394402	0.00063076472584568	0.0293547039083713	0.00221382403689033	0.00811892336295117
C[T>G]T	0.00167189842946	6.22115226399989e-05	0.00818873713204236	0.000954018647431269	0.0106078077862462	0.00523566227774316	0.00098702350296723	0.00460242627169806	0.0561474459266207	0.0135620272487741	0.000713738541028632	0.00651472392182025	0.00045151522553977	0.00444471529823269	0.00296593546554011	0.0192005064782312	0.248188394758354	0.00186739254634674	0.00151306547915853	0.00168408007899416	0.0029641574451614	0.00164400935501287	0.000160018581764945	0.00186574162531234	0.00804760284889902	0.0065016791985657	0.00168164035023719	0.140897804319648	0.00087176817613435	0.00752104575035708
G[C>A]A	0.00607494842810131	0.000397290746624224	0.0110808522278576	0.036394675699955	0.013370929842667	0.00177892978575553	0.000277319103793711	0.0272677828510306	0.0158477868706941	0.00127015186938286	0.000386216676299816	0.00780587419414864	0.000156613943829902	0.00154614526570147	0.00192590480424909	0.0120655011416682	0.00755316073149694	0.124983289646889	0.00310261931395578	0.00104717584879103	0.000112778335660381	0.00159494950603195	0.000323336986560353	0.0490193848792134	0.0154294225470837	0.00160366370193383	0.0153025336647178	0.00308092314770266	0.0724321340311787	0.00886160081802613
G[C>A]C	0.00505199943732648	0.000179574578798977	0.0147334397862488	0.0459205998476012	0.0123630696285076	0.00511163937131793	0.00010991151171214	0.0216605063435104	0.0146912615242337	0.00237320330633915	0.00114803645403008	0.00838305919634112	0.00106314481462678	0.0116430641161972	0.0094459016029459	0.0140470986851156	0.00177790827141766	0.0185784841403349	0.00357375565043093	0.00364946621325722	0.00509558353464059	0.00264314485064939	0.000624443730479142	0.117201075379481	0.00881268953093977	0.00271966786753343	0.0210476816422021	0.000735875883672302	0.0810621681520571	0.0111219522135733
G[C>A]G	0.000987547481796563	0.000437301722475136	0.00230554399672633	0.0477102275009988	0.00685830881220103	0.00337988933818184	0	0.00212738740607146	0	0.000393997288507253	0	0.0041006881045301	0.000249229865429947	0.00205166333035056	0.0022651791131907	0.00982454065402155	0.00322138773938235	0.019546707596607	0	0.00764294702004904	0.000734653508762659	0.0008904711943485	0.000299805916447143	0.090570828157294	0.00163743228529837	3.34962779163655e-05	0.00503433273270556	0	0.0350303926833962	0.00192418933893524
G[C>A]T	0.00360637225023688	0.00015194306608291	0.0152997152459954	0.0273709330848764	0.0126943681617229	0.0070678399389666	0.00010131609004477	0.0265784198532501	0.0125119623349432	0.00875044574072747	0.000634953862098557	0.00372574828495286	0.000716059481662569	0.0692907867043741	0.0271770267742814	0.00867829820785091	0.00393156248386822	0.0766385410117262	0.00765122366630468	0.0133035408177567	0.00284297738585026	0.000698971745004319	0	0.0495524692596697	0.0131530999975928	0.00247293180921102	0.0115582965193987	0.00208379092805716	0.0606263465183511	0.00895717790090277
G[C>G]A	0.000444314389663466	5.06058266050515e-05	0.0136181357580861	0.00677560451860865	0.00625072316244304	0	0	0.00428845957368572	0.00147733606421725	0	0	0.0015108143601578	0.00159971610044807	0.000171793918411275	0.00176541273722833	0.00389615141033035	0.00149820021284462	0.000897030722447365	0.00193913707122236	0.00125700579965181	0.000451113342641523	0	0	0.00443342316395961	0.00477786611450774	0.00153987641298917	0.00201764572558547	0.000117651149424857	0.000246641764813688	0.00738466734835511
G[C>G]C	0.00209989042280968	1.94851456694245e-05	0.0133479343919294	0.010473119263488	0.00720406048054159	0.00264395139895756	0.000439646046848559	0.00417085479329063	0.00463094113263888	0.000215745755121742	0.000229607290806017	0.00164667234213843	0.00111186413080833	0.000102132141370151	0.00047706573752252	0.00478199104174148	0.000358330162351346	0.000748834026770181	0	0.00202044333322795	0.00563196074881328	0	0.000151075096225433	0.00998817261914773	0.00326006113053019	0.00255865107552201	0.00227813073857967	0.000180397567253151	0.00104279661713762	0.00784388685366096
G[C>G]G	3.98223423062123e-07	9.96586968854848e-05	0.00414650845240759	0.0130309872469688	0.00268696232736882	0	0	0.000803070872088922	0	0	0	0	0.000210541727832399	0	0.00104546728301109	0	1.09855843696966e-05	0.00114445660233254	0	1.29881994659029e-06	0	0.000572674289219777	0	0.0109517065293564	0.0010405120884849	0.000519194801631988	0	0	0	0.00342085349661153
G[C>G]T	0.000719870965506134	0.000332046858744313	0.0224376281777945	0.00636533327555265	0.00744469790020085	0.00138107217198198	0	0.00728865169555718	0.00647678050279412	0.000397747533669431	0	0.00124191609498429	0.00348233510026484	0.000282435271892829	0.00158312777325911	0.0039947721909155	0.00230590399977784	0.00146507191428717	0	0.00127332847566523	0.000494430849713089	0.000724944318373395	0	0.00300267355076828	0.00250427202099479	0.00156623513636655	0.00711160754421371	0.000252359922745261	0.0048791450870374	0
G[C>T]A	0.0184063735833964	0.00721281965854294	0.0184296603325898	0.00842110847312789	0.0225299649697746	0.0484017145874317	0	0.00260361302438031	0.00832680327104267	0	0.025200638128563	0.0156117483882973	0.00347837483501098	0.0478446062775401	0.0381971119509402	0.0157102879448805	0.00239092102950526	0.00262451451756342	0.0362618632318581	0.0532855327281138	0.0183828687126421	0.00235288817412625	0.0492360427531686	0.0212291133943023	0.0115023303398781	0.0112015463952325	0.0202243314143789	0.00487992330673665	0.0108015276472407	0.0486406091935696
G[C>T]C	0.0238310771723522	0.0026782716875853	0.011153517208781	0.00920713781405537	0.0240932671362601	0.0681258143798062	0.0230814174595493	0.00221322646700237	0.0110184461431753	0.0144549655931566	0.111933554267933	0.0137721686797032	0.00354526005214618	0.0631176633667533	0.128330683393558	0.0137482242450067	0.00044726994839475	0.00484790633743715	0.0707834183665998	0.0607196271364992	0.0525649669889241	0.00471649161532381	0.179001543346941	0.0169696738539678	0.00947426080684957	0.0270456079067727	0.034075360289293	0.0028930639532352	0.00417306251133119	0.0588877074115003
G[C>T]G	0.165950346796279	0.000742604586777544	0.00300971372771853	0.0048340759141981	0.0322111801814055	0.215508182086928	0.000401443241058254	0.0290181842374399	0.0256628513350216	0.0531896339484791	0.0188690120353045	0.00628772176027947	0.0082507876275921	0.182411521552986	0.318693276771214	0.00245613516350539	0.0188493106826947	0.0250829230512808	0.058527359430479	0.00935642357608049	0.00465280555549682	0.0088039340687162	0.0261777072283604	0.0246222480094875	0.0260464293226158	0.0569747860062356	0.0289415606273407	0.00685479397901968	0.0396674949706282	0.0342078829195753
G[C>T]T	0.0143070309348303	0.00403981245052333	0.013291045886229	0.00869928880992197	0.0240336627067381	0.0425695187128563	0.0163118904972079	0.00793132383939651	0.0148671552450501	0.0151144062794384	0.0552409860025744	0.0158689278803547	0.00219290039359198	0.0522505253001734	0.0703612343670714	0.015979088763662	0.00117258693639336	0.00203616615758374	0.0974468347500194	0.0509848597597349	0.0205188802630931	0.00149994976420933	0.108967139519597	0.0178147585966112	0.012337697430431	0.0221190080082746	0.0118347199240384	0.00164994500206772	0.00586030730317054	0.0207201592780207
G[T>A]A	0.000357882651178624	9.13185353227292e-05	0.00356584422076273	0.00469929545421612	0.00533235516471307	0	0	0.00659385889245172	0.00283492465217522	0	0.000203810210074647	0.00132878515706781	0.000115075804262303	0	0	0.0026529498349418	6.94923444553598e-06	0.00128123072966316	0.0017737218355475	0.000107689733797962	0	0.0464226906023393	0	0.00140364110801054	0.02920044876357	0.00184014932268583	0.109966103660402	0.000559499902410314	0.00191334392245771	0.00263265934441242
G[T>A]C	0.000461017978970814	0.000375097493580108	0.00725756476781516	0.00569252155945681	0.00511387798922956	0.00234723692194372	0	0.0103004842852742	0.0044048988898222	0.000102607462500616	0.000327599791726409	0.0055532317317043	0.000339031530585015	0.00242867347722138	0.00344872450506544	0.00568571982119528	0.00336376894719634	0.00165847622837826	0	0.00403133043865077	0.018111956107517	0.013183731395084	0.000191464375170972	0.00492087721998343	0.0075775073799022	0.00686712526445885	3.77413166155448e-05	0.00515985900708541	0	0.00378620609587117
G[T>A]G	0.000844266515545888	9.54525551022427e-05	0.00879118455891963	0.0122718993323038	0.00730357098381849	0.000423944445610794	0.000528712913377522	0.00994105632848759	0.00358471621323484	0	0.000368163861284788	0.00228030843185717	0.00017348575492121	0	0.00198887302241427	0.00611018616144568	0.00389874790389053	0.00139330093737759	0.00147879723587593	0.000740837090404422	0.0033327098809859	0.0588943836959007	0	0.000167301026313356	0.0417710324337475	0.0015095967878041	0.00212374411308592	0.00295920487498559	0.000472095174644922	0.00478685181721989
G[T>A]T	0.00106184882561487	0.000166293663195883	0.0067732443911245	0.00297458993428416	0.0039167264885385	0.00106299553698171	0.000631281575961231	0.0140058188678287	0.00330182230234912	0.000247829036610649	6.59379759837298e-05	0.0026653615792925	9.93725081819343e-05	0.000527940379860961	0.00235644122347988	0.00283238739632621	0.00306155245606416	0.00239434645694481	0.00344307464531769	0.00121785631737593	0.00315772364507578	0.0088936197968461	0	0	0.0157819342946191	0.00200119174863613	0	0.00197707125642639	0	0.00437071148773107
G[T>C]A	0.00583993432015154	3.71157225181345e-06	0.00550787569750867	0.00415444960445193	0.012891044150277	0.00636269414182618	0.000130083490020642	0.00463462080436394	0.0085992714449315	0.00408546261932998	0.000679367366915489	0.0507595929999903	0.000879232301321826	0.00471417872654454	0.0110101145477854	0.014237497447521	9.27140572364556e-06	0.000361480628697037	0.00266058275332125	0.00163011319622624	0.113156331115522	0.00364529289921064	0.000163305640657114	0.000800975765961199	0.0141010965398225	0.080446263307706	0.00478234820913002	0.0037083309156392	0.00463027040046852	0
G[T>C]C	0.00584167825996499	0.00023750212211253	0.00809159262163539	0.00175154509521749	0.0121750491170828	0.0049459635140957	0.000104546588274941	0.00674675065638786	0.0147336273211294	0.0103633537125623	0.00174719888920752	0.0390150126791533	0.00071046215814973	0.0123376612642846	0.045287198105991	0.0140721565574583	0.0126235606198093	0.0025027212356548	0.00328966064721792	0.00166130175863688	0.0848200761373156	0	0.00056248647654695	0.00680398606274695	0.00524287383280348	0.0530486365026575	0.00316170624032338	0.0115317353760477	0.00746413094246193	0.00746101656314801
G[T>C]G	0.00350134458529769	5.32602557148307e-07	0.00664367340485442	0.00387533663125381	0.015116484265904	0.00812560187420689	0.000264356456688761	0.00553257166042492	0.0120344044301455	0.00467015731410349	0.00174877834110274	0.0492066556348126	0.000712053408112655	0.00671431599249752	0.0117802479019922	0.0177315206253718	0.00512748964297179	0.00543398319941246	0.00554548963453476	0.0244536546518729	0.0950359849932752	0.00172709635679786	0	0.000237317669985916	0.0146393409885436	0.0495973689286526	0.00166701310836819	0.0113156578133923	0.00499231881172452	0.00750885077649255
G[T>C]T	0.00537562272928122	0.000445954858137186	0.00586034194175914	0.00158644796495155	0.0120294975926355	0.00212599107396342	0.00511338076528596	0.00667431409379892	0.0115563780582219	0.0076827001349301	0.00151657344762578	0.0348216593423698	0.000547429094887324	0.00504476362978252	0.00515129011644436	0.0121878487963128	0.00643187551941802	0.0031638609209723	0.00655508442089331	0.000959976074343765	0.077248702829537	0.00130956719376124	0.000628384727727067	0.00259502794576077	0.0110803183868244	0.0442169988473361	0.00364076022310592	0.000401655321030565	0.00712226715662922	0.00578277278368597
G[T>G]A	5.14246791754992e-05	7.58795115338701e-05	0.00333242914402055	0	0.00128765374011434	0	0	0.000789543331840344	0.00680381916522053	0	0	0	1.54227958737144e-05	0	0	0	3.18718655623171e-05	0.000916487886794211	0	2.36276583416194e-06	0	0	0	0	0.00447162200306609	3.0678828437823e-05	0	0	0	0.00228621602404953
G[T>G]C	0.000168885937702442	5.99957521069489e-05	0.00581851006324045	0	0.000416749042068447	0.0013412782411107	0	0.000683421149030443	0.000911358390997698	0.00205214925001233	0	0.000569562228892749	0.000125190374095427	0.00184579184268824	0.00199662997661684	0.00454857585695623	0.0118664227748005	1.01072837958395e-06	0	0.00300353890666667	0.00076529392003593	0	0	0.00108861536430007	0	0.00324506199317682	8.17244675147489e-05	0	0	0.00211583770165443
G[T>G]G	0.000835912922144429	0.000118265670352788	0.017855991105687	0.00166085855625164	0.00637596415210624	0.000706574076017992	0.00149801992123631	0.00668178673349914	0.00640127895220507	0.000778359552350582	0.000920409653211974	0.00132017856581204	1.19552489051908e-05	0.00098258282817037	0.00283031930112799	0.00095846057434442	0.0052692202881934	0.0089732514562285	0.00397426757141658	0.00244451036030177	0.000430027081417535	0.00219866529163033	0.000164839502624089	0.00249953125481849	0.00948693617361967	0.000908346272386543	0.00643240713174016	0.00579760605597453	0.00322076914508693	0.00319126635092629
G[T>G]T	0.000403508270281886	6.66523417072999e-05	0.00551531852702046	0.000132203997079297	0.00253957232545387	0.00177165922830285	0.000568153418365106	0.00426760813260532	0.0169676979426274	0.00185871777457987	0	0.00275134098507613	4.35078782513809e-05	0.00222908160385739	0.0104121821502599	0.00377651652843495	0.0501163220957726	0.00191662649515538	0.00165532434871043	0.00228005829855397	0.000616141199039178	0	0	0.000505170303513441	0.00216647734734495	0.00623786456866717	0.00223317256763475	0.0311656556392931	0.00391743890084662	0.00383273780330617
T[C>A]A	0.00699087912408736	0.0132039073902899	0.0102988940368922	0.0247031323829548	0.0128465700007128	0.000974506103265158	0.000714902161600275	0.0240712048372804	0.0230583202142618	0.0262414177570934	0.000672050049005223	0.00642631294122468	0.0441595864424435	0.000332151234647796	0.00353741902646012	0.0118582892520568	0.00163080502298391	0.0503706074846731	0.00382416626781973	0.000499428020425109	8.72195332117426e-05	0.0038491670142205	0.00148023654969194	0.0218068897632692	0.00614844576583818	0.00241682442964893	0.00778924148625723	0.000865260959711249	0.0193031096694514	0
T[C>A]C	0.00851572962155804	0.00762243590923156	0.019620372078627	0.0538391056990029	0.0139996618176309	0.00222234313454293	0.0019114110031415	0.021533969615215	0.00597063638161801	0.00966118489116536	0.00249560928156886	0.0128863702530901	0.0212397266372301	0.0147418310849445	0.00514376142357631	0.0188411621426209	0.00153722614614607	0.0420291041396393	0.00631516374137013	0.00393649189733406	0.000582990178322485	0.00347959116606744	0.000665323430416977	0.0579667750056846	0.0121389031876872	0.00244920563288926	0.00922078157919819	0.0012363032302962	0.0303278545062937	0
T[C>A]G	0.00326870306038108	0.00363934427802335	0.00301930466684319	0.0195964512354305	0.00854126543402867	0.00158720978851328	0.00035990063411477	0.00379889444172713	0	0.00547499078771783	0.000187959860325833	0.00465669229843445	0.00529204876464621	0	0.00390532935936822	0.00978651815813288	0.00488875687445479	0.0286584917654938	0.00339738763117511	0.00182843600533406	0	0.00122712197689591	0.000178794761077905	0.0223439269887968	0	0.000601685522515731	0.00400591053117332	0	0.0225838300549967	0.00325839717495233
T[C>A]T	0.00902438693574939	0.0112115472325551	0.0149545980553421	0.0287035148424303	0.0164395363376717	0.00344555277630406	0.000963130715731352	0.0351969158388242	0.0346597825850015	0.22417361154873	0.00030953828344598	0.0049443509099457	0.0177051209876853	0.0355230984358446	0.00932556008999458	0.0158145606904384	0.00464277945485853	0.0917291634745621	0.00676053575087225	0.00919570979150795	0.000361550544783925	0.003549894415246	0.000153623429584293	0.0217700925357124	0.0226155559885043	0.00281966658047477	0.0111816337176778	0.00230912038260244	0.0306502090302586	0
T[C>G]A	0.00106994318127469	0.0325063848036654	0.0141770828331988	0.00239545526137744	0.00233128117278519	0	0.000142980432320055	0.00366679862583791	0.00342758813995783	0	7.4672227667247e-05	0.00233684106953625	0.256924947682363	0	0.000558539846283177	0.0048599546114987	0.000350984743089139	0.00135384280169693	0.000374918261550954	1.76308901675796e-05	0.000174439066423485	0.000214222439396922	0.000164803475161236	0.00708668234096566	0.00868343235999613	0.00378918290400213	0.0031582995928024	0.000581414893187605	0.000588863623505892	0
T[C>G]C	0.00157724580993371	2.26525299752105e-05	0.0238064847563851	0.0105076321531511	0.00921113623497653	0.000153265043761581	0.000955705501570748	0.0045230826031315	0.00347130022187094	0	0.00109806808389029	0.0035144646144791	0.0783000982818126	0	0.0021570612421449	0.00831609915260508	0.000783361689187351	0.00789307255697925	0.00110264763738209	0.000147438957149827	0.000349794106993491	0.000798461509390991	0.000158386510404448	0.00702439045727605	0.00386975049475772	0.00338483800235221	0.00457151085344431	0.000994844625143916	0.000426130306929492	0
T[C>G]G	0.000437978316639984	0.00357125728661338	0.00562357169052815	0.00584124988748408	0.00288711660411603	0	0.000539850951172154	5.74986923321683e-05	0	0	0.000563879580977498	0	0.0219894258783069	0	0	0	3.06911911703234e-05	0.00286015127489876	0	0	0	0.000946514031566734	0	0.00277971005515585	0.00458938376514064	1.40665532496679e-08	3.54792803926955e-05	0	0.000258886191823683	0.00383341990329129
T[C>G]T	0.00186387288509533	0.0604962246509899	0.0299252138064818	0.00387885335708518	0.00598759542122224	5.94060823500701e-05	0.000518608846932267	0.00576525826736176	0.00527431474119588	7.27128159418518e-05	0.000619076566891961	0.00151357680916705	0.313754408906196	6.88432140229545e-05	0.000964713112758064	0.0170233169215548	0.00264208642359445	0.00277581664159472	0.00815926728553549	0.000513628884755622	0.000271162908587944	0.00025339519064694	0.000325092005601672	0.0043836160774652	0.0150620912086971	0.00749439221921443	0.00242940794349901	0.00143971414268055	0.00101891894356587	0
T[C>T]A	0.00827036655137695	0.366543970719645	0.00784815644243299	0.00262002919213156	0.00956279769615482	0.0042419677436248	0.085931239824353	0.00639408457055326	0.00519331536357246	0.0025960760882686	0.0225510127555086	0.0134368361498334	0.104372685099589	0.00611158271751944	0.00695071808707956	0.0167182438635555	0.014391012319427	0.0112059197134286	0.0163464362036216	0.00777137489919938	0.00558205012555153	0.00191594244216346	0.0104042370994542	0.0184237551112442	0.00981667582607643	0.0101930702006211	0.0206389289949182	0.00850008823327351	0.00866781008450926	0.0657920678833132
T[C>T]C	0.0134887662671958	0.0956495706006937	0.0159847563531028	0.00700508810210075	0.0239982867341609	0.00513437896601298	0.275912178303475	0.004834231943726	0.0116635687454863	0.0197913593401543	0.158620925936516	0.0123657088287228	0.0184149814972593	0.0251321578134897	0.0129423674528694	0.0170220154529886	0.0200499514645046	0.0100008388350201	0.0330794291214627	0.00793026403644659	0.0100274310671467	0.00252841913239337	0.0415682018656004	0.0111744259581472	0.00763971962329929	0.0130287873715228	0.0117512948289703	0.00762781907175337	0	0.09345011304436
T[C>T]G	0.10917563862425	0.104844469349599	0.00379383974255048	0.00207270157297823	0.0164910556639609	0.0564180933916993	0.178510714520926	0.0124064252128012	0.0122879250989005	0.378127589564641	0.0150367888260666	0.00245089068338656	0.0140821564509801	0.0157180883775632	0.0162461701349718	0.00880786634231959	0.036609500105495	0.0218301764849382	0.0169869381558755	0.0423070751551103	0.0276624288015801	0.0035833682696077	0.00495160196426099	0.00936048957985379	0.0314149154206347	0.0235259626253681	0.0127652950102347	0.0053839470676192	0.028599446834023	0.0295178983403691
T[C>T]T	0.00813881039556629	0.206847936304487	0.00943763451302186	0.00597343416991118	0.0106219483100901	0.00279208587045329	0.0625294095444048	0.0112665608927063	0.0103333513296898	0.028503423849206	0.0738248806018666	0.0090814608550023	0.0267370539812169	0.0157650960112566	0.00488787977130751	0.0194408293837874	0.0183656257123423	0.00420057985531916	0.0207478510975045	0.00717369563536728	0.00578480871654281	0.0011639449781923	0.0180179722500799	0.00397532156392179	0.0114048424849436	0.00677457837801019	0.0135472641735222	0.00715726804880948	0.0100132394011635	0.0365372820013263
T[T>A]A	0.00161246564050072	3.55623319669534e-05	0.0031804914011393	0.00169960320474919	0.0040386797689889	5.78445676531618e-05	0.00036069784854598	0.0068019933788303	0.0112670466674118	0	0.000113025725668898	0.00280020439116589	0.000186538074146766	0	0.000250494722467355	0.0041684833997523	0.000315138740384878	0.00176672201408784	0.00147546237397111	0.000338471198876156	0.00118815873150592	0.0195616451598975	0	0	0.00976065806868715	0.000285796705580409	0.0293191164616226	0.000114351200435726	0.000431369713371072	0.00299674158600115
T[T>A]C	0.0011553281848546	4.24543953661815e-06	0.00814706659194279	0.00348720778214757	0.00601909107606445	0.000464416388280133	0.00108597487334437	0.0109055952069458	0.00284001323113174	0.000568443870147805	0	0.0130158871283794	0.000716602196674652	0.00107638529757717	0.00119411776745843	0.00856373794557621	0.00233473685539349	0.00196051870971884	0.00364493455778863	0.000520400060325758	0.0039747350037698	0.0246011748343106	0	0.00561317656787565	0.00305638795853934	0.00463352483303541	5.24726335025391e-05	0.0114976915656853	0.00122305117130307	0.00508959931658472
T[T>A]G	0.000543400969412404	5.07830513073455e-05	0.00506886320386946	0.0053619928229573	0.00542646545413434	0	0.00062448340265533	0.0065046859950885	0.0127021435740657	0	0	0.00314697975560377	0.000196366997094314	0	0.000325264894005201	0.00534905481617148	1.65003395162821e-05	0.00132282933617178	0.00340599670888595	6.1483043012207e-05	0	0.0579625464759019	0.000144531849588072	0.00678470642948826	0.00788923955856648	1.58635087062048e-05	0	0.00316631811062773	0.00152900165007107	0.0024611480642859
T[T>A]T	0.00122154128132854	0.000129677100496433	0.00699101469625132	0.0018112176436677	0.00478789566969942	0.000215751449696278	0.00192192596923194	0.013239770065697	0.00776264154604487	0.00105631577308917	0.000321195265573866	0.0049211412321194	7.90427583197591e-05	0.000428614790356041	0.000100104349292546	0.00418092364693693	0.00186614911119971	0.00113800900219092	0.00342693254898517	0.000902574002859357	0.000375166270089221	0.0120443412132386	0	0.000100871711802005	0.00692203793918705	0.000599068528866623	0.00114164630411302	0.00988904978959768	0	0
T[T>C]A	0.00232465493852282	4.48896661831112e-05	0.00406463604227428	0.00105753088295505	0.00748437335828528	0.00170641474576827	0.000829605051655751	0.00220192008977234	0.00817515944240113	0.0010620229195257	7.53504837792652e-05	0.0245631964137359	0.000362683730057335	0.000603302761961459	0.00212920514097252	0.0120640813686949	0.000770509985968009	0.000114530242095353	0.00196728316529481	0.00209926539417935	0.0171182869094742	0.00230253675927889	0	0.000588509815959028	0.00648989030171522	0.0130988744641829	0.00095540490830801	0.00558684222544456	0.0041639903340633	0
T[T>C]C	0.00280722705288116	0.000415752232447212	0.00980371813735365	0.00121294183726872	0.012500506654455	0.00203182169872558	0.00130316984801324	0.00548366876706834	0.0144104375061129	0.00689238192554213	0.000680586804788162	0.0337229802871649	0.000123462630215616	0.00376734854152008	0.00622198205149396	0.0180133798165568	0.0100238993308782	0.00476092226162436	0.00151872273241193	0.00825508409601677	0.0276464901373321	0.000877583069256367	0.000166896901122165	0.00164623906447201	0.00664649044546887	0.0334604324038613	0.00388790043753975	0.032762563491188	0.00260520125310219	0.00717170812791482
T[T>C]G	0.00415026352625738	0.000146660566830241	0.00471927741324033	0.00235404562959101	0.0095678169056284	0.00530781524391076	0.00118651846504513	0.00133203147133542	0.008891500501846	0.00398385331796832	0.000456595301085387	0.0272171222106272	2.99542045383319e-05	0.00197296360478766	0.0021142218110338	0.0140094292804491	0.00463148157309887	0.00101095463420187	0.00373349639243268	0.0150645150915811	0.0189708764319343	0.00147861142095785	0.000149518524997831	0.00029148920367891	0.00378730054986599	0.0150799614964127	0.00110803022417098	0.0152773944721705	0.00106225567631199	0.00405755380946838
T[T>C]T	0.00191993697524596	0.000274699846686631	0.00511982394572464	0.000885484181348655	0.00812338332441281	0.000893827434456007	0.000922524465231331	0.0047894207069661	0.017256519695884	0.0037348307691367	0.000200747040983666	0.0194228020969819	8.85847532234648e-05	0.000928665379104759	0.00156830147224989	0.00909350893208782	0.0034641148539104	0.000548194762648591	0.00153204043366396	0.0021048532193472	0.0128494447505558	0	0	0.000133517505114104	0.00810715121144808	0.0111866388801764	0.000903934526093661	0.0103679791477763	0.00146634216230155	0
T[T>G]A	0.000402400867618825	3.15920085753984e-05	0.00242000335557107	0	0.00228259520527626	0.000260300554439228	0	0.000783182503966875	0.0263072438467012	0.0017700381992095	0	0.000933401463721961	0.000252834380729349	0	0	0.00333478671980184	6.01633099646665e-05	1.3759532087016e-05	0.00121063579402758	9.85330246963681e-08	0	0.000791706615629636	0	0	0.000930659991367085	3.88326789391995e-06	0.000660074261874224	0.00528307232611754	0	0.00338095224446756
T[T>G]C	0.000746533754839521	1.26238487560786e-05	0.00551346644988216	0.000227426594487885	0.00451880904382768	0.00110298892216531	0.000723983248896245	0.00229936570058838	0.00852003969339523	0.00653710450669976	0	0.00266234054898669	0.000218511709727314	0.00100911121647859	0.000251393214201776	0.00679193009476734	0.00870163280604591	0.00245912233682269	0.00136685045917074	0.000277197027606901	0.00158989400150792	0	0	0	0.000519596750226949	0.00248263578028125	0.000312322741278685	0.0340121851427283	0	0.00339311847479159
T[T>G]G	0.00101249782708565	0.000157533847360775	0.00855110684467244	0.00196170469132584	0.00459933748468196	0.000550811015877529	0.00062448340265533	0.00469065573298273	0.00798420453226988	0.00134838112300466	0.000195683700465166	0.000935588575990311	3.8363103522332e-07	0.000116056682634568	0.000487897341007801	0.00416037596813337	0.0035309661387039	0.000494962252791519	0.000720499303802796	0.000326687286490646	0.000228564776288365	0.00213505317937533	0.000154505201031849	0.000824005327923221	0.00729912537624073	0.00107852212165724	0.00226158168375264	0.0123701537881616	0.000221753095718661	0.00558742010813869
T[T>G]T	0.00123660883447147	1.10748124567448e-05	0.00617789798565317	0.000442742090674327	0.00625083418878051	0.00221915776830457	0.000538139271384944	0.00345868656740461	0.0304362564215429	0.0238802815844801	0.0001204482245902	0.00167528212157256	0.000330567393806502	0.000892947479908423	0.00110114784221801	0.00851863193063403	0.0278929726602075	0.000858526005369014	0.000524119095727142	0.000240189475537445	0.000140687351283458	0	0	2.5915468445433e-05	0.00374971728186546	0.00124516879370129	8.25640144125821e-05	0.140101833136575	0.00235591285868505	0
