Mutation Types	SBSCUST1	SBSCUST2	SBSCUST3	SBSCUST4	SBSCUST5	SBSCUST6	SBSCUST7	SBSCUST8	SBSCUST9
T:A[C>A]A	46	16	12	22	54	35	34	27	55
T:A[C>A]C	18	7	13	12	30	16	16	19	25
T:A[C>A]G	3	3	8	1	10	4	6	2	3
T:A[C>A]T	19	13	12	9	40	13	16	13	35
T:A[C>G]A	7	9	11	12	28	6	9	5	26
T:A[C>G]C	16	6	5	7	15	5	4	7	24
T:A[C>G]G	1	5	1	3	11	4	2	5	9
T:A[C>G]T	18	20	15	10	30	10	10	19	46
T:A[C>T]A	29	20	16	22	40	24	31	28	61
T:A[C>T]C	24	13	7	11	20	11	11	15	23
T:A[C>T]G	19	19	13	10	16	23	17	29	40
T:A[C>T]T	33	11	11	9	29	17	25	18	43
T:A[T>A]A	8	6	14	3	208	25	45	9	25
T:A[T>A]C	9	4	10	8	36	10	14	9	16
T:A[T>A]G	9	11	15	6	121	12	29	4	31
T:A[T>A]T	18	16	15	4	56	16	16	13	45
T:A[T>C]A	28	19	16	16	134	24	41	24	51
T:A[T>C]C	5	9	9	7	7	9	9	9	13
T:A[T>C]G	24	26	19	21	40	26	16	12	35
T:A[T>C]T	20	25	12	21	36	21	11	23	59
T:A[T>G]A	11	6	8	4	31	12	13	4	20
T:A[T>G]C	12	9	1	11	18	5	10	10	18
T:A[T>G]G	18	6	4	11	15	5	6	4	26
T:A[T>G]T	28	13	9	17	19	8	9	27	56
T:C[C>A]A	23	9	19	17	54	18	22	16	50
T:C[C>A]C	18	13	19	12	41	20	21	8	35
T:C[C>A]G	2	1	2	2	6	6	5	5	6
T:C[C>A]T	24	14	14	13	36	18	22	12	48
T:C[C>G]A	9	14	12	4	20	7	8	12	12
T:C[C>G]C	9	14	7	8	18	7	8	9	17
T:C[C>G]G	1	3	1	2	1	2	1	2	9
T:C[C>G]T	15	17	9	17	32	8	14	12	35
T:C[C>T]A	17	9	13	15	14	13	26	23	41
T:C[C>T]C	17	13	16	15	30	23	21	19	32
T:C[C>T]G	11	6	8	8	16	13	16	28	19
T:C[C>T]T	30	12	11	19	33	21	32	22	59
T:C[T>A]A	10	4	8	8	358	39	74	5	24
T:C[T>A]C	11	9	7	7	130	21	19	9	33
T:C[T>A]G	18	10	8	5	315	38	61	7	23
T:C[T>A]T	12	8	9	7	125	27	25	6	29
T:C[T>C]A	12	14	4	10	30	6	9	11	25
T:C[T>C]C	5	8	5	7	15	5	4	1	13
T:C[T>C]G	13	12	8	13	29	7	9	6	19
T:C[T>C]T	14	13	10	10	20	11	8	3	15
T:C[T>G]A	4	4	3	3	13	6	2	2	8
T:C[T>G]C	8	9	6	7	9	1	2	11	12
T:C[T>G]G	5	6	9	2	22	5	7	6	14
T:C[T>G]T	11	3	7	12	17	4	6	14	35
T:G[C>A]A	29	11	10	9	19	16	22	15	42
T:G[C>A]C	11	5	10	20	17	14	13	4	28
T:G[C>A]G	3	4	2	1	5	4	5	3	5
T:G[C>A]T	9	9	5	10	17	14	15	10	18
T:G[C>G]A	7	8	1	5	3	3	9	6	7
T:G[C>G]C	7	3	5	5	13	5	8	4	13
T:G[C>G]G	1	2	0	0	5	0	1	2	8
T:G[C>G]T	4	4	8	9	9	5	5	8	16
T:G[C>T]A	24	13	12	14	15	16	32	15	35
T:G[C>T]C	15	12	7	7	25	17	23	19	32
T:G[C>T]G	8	17	12	5	14	7	10	20	12
T:G[C>T]T	19	11	11	14	34	21	25	11	39
T:G[T>A]A	4	1	3	6	146	14	30	3	18
T:G[T>A]C	5	1	3	9	24	6	10	1	11
T:G[T>A]G	7	4	6	5	50	7	12	3	13
T:G[T>A]T	5	3	3	1	14	8	4	3	11
T:G[T>C]A	16	9	10	8	17	5	9	7	18
T:G[T>C]C	5	6	6	2	2	3	3	2	11
T:G[T>C]G	8	10	4	6	16	7	3	4	15
T:G[T>C]T	16	14	11	5	19	7	3	9	18
T:G[T>G]A	2	4	0	1	7	2	3	4	7
T:G[T>G]C	2	3	2	0	4	2	1	4	5
T:G[T>G]G	1	1	1	1	4	6	3	2	4
T:G[T>G]T	5	3	2	4	7	4	2	6	13
T:T[C>A]A	37	20	18	24	49	25	28	18	66
T:T[C>A]C	22	23	21	27	47	26	23	20	46
T:T[C>A]G	9	6	4	3	5	5	3	4	6
T:T[C>A]T	31	17	12	20	50	22	22	24	63
T:T[C>G]A	14	6	9	12	21	9	6	13	31
T:T[C>G]C	23	15	11	16	26	16	7	11	45
T:T[C>G]G	3	5	0	1	5	2	5	1	5
T:T[C>G]T	35	20	11	16	42	24	10	23	61
T:T[C>T]A	32	22	18	26	38	25	33	22	82
T:T[C>T]C	23	14	17	18	38	30	25	16	54
T:T[C>T]G	6	1	8	6	7	7	5	10	10
T:T[C>T]T	23	13	13	15	28	23	22	14	52
T:T[T>A]A	22	11	9	10	261	31	56	10	38
T:T[T>A]C	12	13	5	9	66	18	15	12	30
T:T[T>A]G	8	5	11	6	136	25	28	5	28
T:T[T>A]T	32	18	14	11	116	27	28	18	83
T:T[T>C]A	18	17	11	15	41	19	13	14	41
T:T[T>C]C	7	5	7	4	10	5	3	7	11
T:T[T>C]G	6	8	9	5	14	6	3	1	9
T:T[T>C]T	18	16	9	15	17	9	11	7	33
T:T[T>G]A	10	8	5	7	24	8	15	10	35
T:T[T>G]C	19	10	8	14	24	10	9	10	23
T:T[T>G]G	17	5	7	5	31	8	9	9	14
T:T[T>G]T	27	30	13	16	36	10	13	20	65
U:A[C>A]A	28	12	16	18	41	20	21	24	44
U:A[C>A]C	10	11	10	9	16	8	19	12	20
U:A[C>A]G	1	2	0	1	7	3	1	1	2
U:A[C>A]T	12	11	14	7	30	14	12	12	40
U:A[C>G]A	16	8	12	5	26	8	11	7	26
U:A[C>G]C	12	7	5	7	15	6	11	10	19
U:A[C>G]G	3	1	0	3	3	1	0	1	5
U:A[C>G]T	17	8	9	11	22	8	9	17	38
U:A[C>T]A	16	14	11	14	29	14	23	19	41
U:A[C>T]C	14	10	10	11	22	11	6	11	19
U:A[C>T]G	13	9	13	8	19	13	15	22	28
U:A[C>T]T	33	9	10	11	25	16	24	18	40
U:A[T>A]A	13	19	6	10	120	24	24	6	31
U:A[T>A]C	10	8	1	4	17	4	11	9	21
U:A[T>A]G	15	12	12	6	84	16	24	11	32
U:A[T>A]T	14	17	6	16	40	18	19	11	41
U:A[T>C]A	23	20	11	15	62	17	18	19	31
U:A[T>C]C	8	6	7	10	10	5	7	3	17
U:A[T>C]G	10	23	5	12	32	16	15	11	38
U:A[T>C]T	18	24	17	16	30	14	15	15	30
U:A[T>G]A	10	3	3	9	16	8	5	6	19
U:A[T>G]C	12	4	6	5	13	7	6	9	15
U:A[T>G]G	8	5	1	7	16	8	7	2	16
U:A[T>G]T	27	24	16	20	37	16	14	19	66
U:C[C>A]A	19	13	9	14	38	15	25	14	48
U:C[C>A]C	14	8	11	14	20	25	16	12	33
U:C[C>A]G	2	1	4	1	5	4	7	4	6
U:C[C>A]T	20	7	12	31	34	16	25	14	41
U:C[C>G]A	8	3	7	3	17	8	4	5	21
U:C[C>G]C	11	17	9	5	16	6	9	8	23
U:C[C>G]G	2	4	4	1	4	0	1	3	3
U:C[C>G]T	17	21	14	11	32	9	11	12	31
U:C[C>T]A	25	12	14	14	24	27	22	23	45
U:C[C>T]C	24	15	12	17	35	14	20	13	32
U:C[C>T]G	9	9	6	10	21	10	12	18	18
U:C[C>T]T	32	17	11	20	29	21	42	24	54
U:C[T>A]A	9	4	11	8	166	24	41	5	19
U:C[T>A]C	11	10	8	6	59	16	23	5	34
U:C[T>A]G	15	17	11	16	164	23	39	12	26
U:C[T>A]T	19	14	12	10	97	11	15	8	42
U:C[T>C]A	15	9	6	13	29	9	14	4	29
U:C[T>C]C	4	7	5	8	11	10	4	9	21
U:C[T>C]G	6	9	7	18	22	18	18	8	25
U:C[T>C]T	12	17	5	16	19	15	13	12	25
U:C[T>G]A	3	5	2	2	5	4	6	6	7
U:C[T>G]C	5	10	4	6	12	5	0	4	13
U:C[T>G]G	6	6	4	3	14	6	10	7	18
U:C[T>G]T	24	8	17	15	15	11	6	9	35
U:G[C>A]A	7	12	9	14	19	7	16	17	20
U:G[C>A]C	10	6	3	4	10	7	6	10	19
U:G[C>A]G	4	2	2	0	1	4	2	0	4
U:G[C>A]T	12	9	9	6	17	11	8	14	25
U:G[C>G]A	3	1	7	4	10	4	3	5	9
U:G[C>G]C	4	3	2	1	6	5	7	4	8
U:G[C>G]G	1	1	2	0	3	0	1	0	3
U:G[C>G]T	5	6	4	2	10	4	5	6	18
U:G[C>T]A	24	9	18	12	25	23	20	18	40
U:G[C>T]C	18	16	7	18	21	14	19	14	38
U:G[C>T]G	7	9	7	8	23	9	14	30	25
U:G[C>T]T	20	19	9	13	18	12	21	13	27
U:G[T>A]A	8	6	3	5	94	14	16	6	21
U:G[T>A]C	4	6	2	4	12	2	3	2	14
U:G[T>A]G	11	11	1	2	41	7	12	3	19
U:G[T>A]T	8	7	4	6	28	6	8	3	20
U:G[T>C]A	13	9	8	10	17	8	4	5	25
U:G[T>C]C	8	7	2	8	14	6	4	4	12
U:G[T>C]G	7	5	11	6	15	7	5	5	14
U:G[T>C]T	13	5	6	9	11	6	5	8	30
U:G[T>G]A	0	3	1	1	8	1	5	3	12
U:G[T>G]C	3	0	1	2	3	4	0	4	3
U:G[T>G]G	1	0	2	4	4	4	0	5	7
U:G[T>G]T	9	4	6	2	6	5	1	4	17
U:T[C>A]A	38	26	20	24	36	18	14	20	83
U:T[C>A]C	29	15	10	20	45	16	18	16	49
U:T[C>A]G	3	1	0	1	3	1	0	2	4
U:T[C>A]T	46	12	16	10	53	17	28	24	87
U:T[C>G]A	16	10	14	10	23	11	5	14	55
U:T[C>G]C	14	14	8	20	23	16	10	10	31
U:T[C>G]G	2	0	2	1	5	3	2	2	4
U:T[C>G]T	32	22	29	24	40	19	22	23	86
U:T[C>T]A	53	27	23	27	56	28	26	39	128
U:T[C>T]C	31	20	18	21	41	26	27	23	57
U:T[C>T]G	4	7	7	4	13	4	7	15	15
U:T[C>T]T	23	20	16	30	54	18	27	15	51
U:T[T>A]A	18	17	10	14	143	35	31	11	42
U:T[T>A]C	12	13	7	19	44	11	18	11	27
U:T[T>A]G	7	10	13	9	97	20	26	8	41
U:T[T>A]T	35	28	22	27	113	26	37	33	83
U:T[T>C]A	21	18	9	13	43	18	14	15	31
U:T[T>C]C	14	7	6	11	12	8	7	7	17
U:T[T>C]G	6	8	8	13	10	6	7	11	14
U:T[T>C]T	20	10	9	21	18	11	10	12	33
U:T[T>G]A	16	7	7	8	23	11	11	5	25
U:T[T>G]C	20	10	14	15	14	16	15	11	33
U:T[T>G]G	13	8	9	5	19	14	6	6	28
U:T[T>G]T	35	27	26	26	51	32	16	32	73
N:A[C>A]A	127	37	87	74	232	109	106	114	187
N:A[C>A]C	45	22	47	28	129	47	57	41	85
N:A[C>A]G	8	3	5	10	25	10	17	6	19
N:A[C>A]T	69	25	42	37	143	53	57	41	85
N:A[C>G]A	56	16	31	23	78	43	62	29	48
N:A[C>G]C	31	22	28	16	44	26	28	30	43
N:A[C>G]G	9	7	5	5	15	10	6	5	10
N:A[C>G]T	68	31	25	29	82	44	25	40	100
N:A[C>T]A	74	47	37	41	119	73	88	79	143
N:A[C>T]C	48	18	30	28	53	37	43	34	64
N:A[C>T]G	55	41	48	26	68	49	56	114	108
N:A[C>T]T	72	39	34	42	86	62	57	51	109
N:A[T>A]A	42	29	33	31	850	119	167	31	83
N:A[T>A]C	16	12	15	18	127	28	26	17	54
N:A[T>A]G	48	21	23	17	582	100	152	27	69
N:A[T>A]T	40	34	28	42	237	63	71	37	108
N:A[T>C]A	56	66	57	44	468	102	115	46	114
N:A[T>C]C	22	17	13	14	29	13	11	17	36
N:A[T>C]G	44	43	31	36	125	49	51	25	91
N:A[T>C]T	74	47	42	33	87	42	48	52	96
N:A[T>G]A	26	28	14	20	95	28	37	17	52
N:A[T>G]C	27	14	10	21	26	13	17	14	50
N:A[T>G]G	25	19	17	15	58	26	33	23	34
N:A[T>G]T	60	49	38	51	93	30	35	42	135
N:C[C>A]A	68	31	57	64	186	76	115	59	130
N:C[C>A]C	43	21	53	43	137	57	70	40	98
N:C[C>A]G	6	5	15	5	21	7	12	8	10
N:C[C>A]T	56	25	51	52	150	51	66	49	107
N:C[C>G]A	31	20	20	16	49	27	20	20	44
N:C[C>G]C	26	23	13	30	40	36	24	20	59
N:C[C>G]G	5	5	7	3	6	4	3	5	8
N:C[C>G]T	46	38	18	43	73	24	27	30	89
N:C[C>T]A	52	32	48	41	115	58	99	60	105
N:C[C>T]C	57	45	36	35	113	59	65	56	82
N:C[C>T]G	37	20	22	16	37	30	36	72	50
N:C[C>T]T	66	45	72	38	122	76	105	69	130
N:C[T>A]A	32	19	23	16	1326	174	268	13	59
N:C[T>A]C	27	22	22	30	440	72	90	17	74
N:C[T>A]G	30	30	33	30	1226	150	256	13	56
N:C[T>A]T	47	19	26	21	517	86	123	33	95
N:C[T>C]A	39	27	28	27	101	40	40	33	66
N:C[T>C]C	12	16	15	20	33	16	11	23	45
N:C[T>C]G	21	32	20	31	50	22	22	17	65
N:C[T>C]T	48	30	31	20	51	29	19	34	70
N:C[T>G]A	5	9	11	8	56	23	14	8	33
N:C[T>G]C	19	12	12	18	38	9	16	16	42
N:C[T>G]G	19	10	12	17	53	27	26	10	34
N:C[T>G]T	26	19	24	17	32	20	16	20	67
N:G[C>A]A	47	20	42	38	87	45	67	48	85
N:G[C>A]C	42	19	28	31	70	34	53	20	53
N:G[C>A]G	16	2	9	5	15	10	9	4	13
N:G[C>A]T	55	17	33	25	90	34	45	30	77
N:G[C>G]A	10	9	6	11	34	24	12	8	21
N:G[C>G]C	11	14	7	18	34	15	18	12	22
N:G[C>G]G	3	3	4	4	3	6	10	2	9
N:G[C>G]T	18	17	19	11	40	16	20	14	35
N:G[C>T]A	75	40	40	23	53	45	68	61	97
N:G[C>T]C	49	26	26	27	71	48	58	41	61
N:G[C>T]G	35	26	26	19	49	34	40	76	63
N:G[C>T]T	55	39	37	40	83	45	77	43	101
N:G[T>A]A	16	11	11	16	554	70	91	8	40
N:G[T>A]C	16	6	11	10	78	10	19	11	32
N:G[T>A]G	21	13	20	11	198	43	41	10	33
N:G[T>A]T	21	13	12	16	84	21	26	18	44
N:G[T>C]A	40	26	33	24	76	28	25	26	63
N:G[T>C]C	13	10	8	9	35	15	17	13	37
N:G[T>C]G	11	21	18	11	34	21	20	17	42
N:G[T>C]T	33	27	19	14	37	26	21	22	58
N:G[T>G]A	2	4	5	4	18	6	9	7	16
N:G[T>G]C	10	3	8	3	11	4	2	4	16
N:G[T>G]G	8	6	6	5	19	7	10	12	14
N:G[T>G]T	9	11	9	5	18	7	11	15	27
N:T[C>A]A	114	61	58	65	204	98	114	75	177
N:T[C>A]C	86	52	61	59	159	67	87	63	158
N:T[C>A]G	13	8	6	8	16	16	12	7	25
N:T[C>A]T	91	48	57	71	170	80	79	96	188
N:T[C>G]A	40	32	32	27	92	43	41	41	107
N:T[C>G]C	46	25	24	37	85	46	37	34	96
N:T[C>G]G	7	1	2	4	11	5	5	4	14
N:T[C>G]T	75	64	56	63	138	82	57	60	203
N:T[C>T]A	91	58	47	52	141	84	78	70	220
N:T[C>T]C	87	40	40	52	123	74	104	77	147
N:T[C>T]G	26	16	17	12	25	12	32	42	41
N:T[C>T]T	81	39	53	41	104	84	70	52	165
N:T[T>A]A	38	39	30	25	1107	144	178	41	111
N:T[T>A]C	37	50	23	28	239	50	48	27	106
N:T[T>A]G	23	25	16	23	644	102	148	19	58
N:T[T>A]T	89	55	42	58	453	100	127	53	209
N:T[T>C]A	45	39	36	29	190	52	51	36	103
N:T[T>C]C	18	18	10	14	43	13	18	24	54
N:T[T>C]G	22	22	12	16	47	17	21	17	39
N:T[T>C]T	37	31	24	26	58	35	28	39	72
N:T[T>G]A	25	20	21	19	117	33	28	20	62
N:T[T>G]C	38	28	25	34	49	18	30	19	79
N:T[T>G]G	29	25	20	16	80	35	30	25	68
N:T[T>G]T	91	66	34	60	110	52	37	71	180