MutationType	SBS1	SBS2	SBS4	SBS5	SBS7c	SBS8	SBS10c	SBS12	SBS13	SBS16	SBS18	SBS19	SBS21	SBS22	SBS27	SBS28	SBS30	SBS32	SBS36	SBS39	SBS40	SBS44	SBS51	SBS90	SBS92
A[C>A]A	0.00088616	0.00000058	0.04219650	0.01199760	0.00483041	0.04409822	0.00433145	0.00452059	0.00181992	0.01599504	0.05153386	0.00126938	0.00015699	0.00601276	0.00520782	0.00078391	0.00179968	0.02229777	0.02519378	0.01170152	0.02820375	0.00000000	0.14096391	0.00220165	0.01132934
A[C>A]C	0.00228040	0.00014800	0.03329724	0.00943811	0.00115010	0.04779807	0.01483022	0.00113015	0.00072097	0.00289910	0.01581039	0.00064069	0.00235989	0.00009544	0.00473802	0.00252969	0.00050591	0.01879812	0.00831795	0.00715093	0.01340178	0.00015004	0.00168957	0.00070822	0.00974473
A[C>A]G	0.00017703	0.00005230	0.01559871	0.00184963	0.00037703	0.00461981	0.00065712	0.00054007	0.00026399	0.00101968	0.00243160	0.00024588	0.00029399	0.00076535	0.00078267	0.00035296	0.00009128	0.00445955	0.00223945	0.00267035	0.00292039	0.00000092	0.00479877	0.00013857	0.00469657
A[C>A]T	0.00128023	0.00009780	0.02949755	0.00660868	0.00196016	0.04699810	0.01312776	0.00122016	0.00034798	0.01059671	0.02141407	0.00057072	0.00062097	0.00172079	0.00271886	0.00396952	0.00055590	0.01459854	0.01789558	0.00740096	0.01480197	0.00578146	0.02119457	0.00175516	0.00775798
A[C>G]A	0.00186033	0.00000000	0.00688943	0.01009798	0.00112009	0.00432983	0.00034763	0.00122016	0.00386983	0.00173946	0.00173114	0.00318845	0.00001690	0.00166076	0.00131945	0.00015398	0.00106981	0.00198980	0.00183955	0.04730615	0.01220162	0.00318081	0.00395899	0.00050807	0.00305586
A[C>G]C	0.00122022	0.00013300	0.00283976	0.00569886	0.00031903	0.00294988	0.00032513	0.00064208	0.00095096	0.00200938	0.00259170	0.00178913	0.00071897	0.00019509	0.00176926	0.00022397	0.00046692	0.00202980	0.00166959	0.02250293	0.00868115	0.00023306	0.00453884	0.00027713	0.00168986
A[C>G]G	0.00011502	0.00001520	0.00127989	0.00171966	0.00000000	0.00028599	0.00004243	0.00007511	0.00026399	0.00084674	0.00192126	0.00061570	0.00000000	0.00023111	0.00000000	0.00000000	0.00013098	0.00112989	0.00049988	0.01360177	0.00225030	0.00003141	0.00196950	0.00004620	0.00090730
A[C>G]T	0.00114020	0.00009120	0.00354971	0.01009798	0.00193016	0.00570977	0.00051631	0.00144019	0.00399982	0.01149643	0.00408268	0.00213896	0.00006190	0.00006203	0.00131945	0.00008329	0.00073087	0.00174983	0.00190953	0.04340564	0.01460194	0.00329083	0.00089977	0.00092377	0.00411591
A[C>T]A	0.02500444	0.00006110	0.00869928	0.03259348	0.00133011	0.00680972	0.00486707	0.00551072	0.00717968	0.00175945	0.00920605	0.02798638	0.00216990	0.00176081	0.01369426	0.00077691	0.10598120	0.08639137	0.00595853	0.00960125	0.01970262	0.08992278	0.03579084	0.00070802	0.02376637
A[C>T]C	0.00632112	0.00138004	0.00417965	0.01789642	0.00768065	0.00281989	0.00524944	0.00212028	0.00000000	0.00372884	0.00465306	0.01409314	0.00391982	0.00022010	0.00541773	0.00337959	0.09038397	0.12298771	0.00327919	0.00404053	0.01210161	0.01690428	0.00564855	0.00029253	0.01409754
A[C>T]G	0.36506477	0.00003270	0.00078294	0.00617876	0.00092708	0.00322987	0.01301999	0.00011802	0.00030299	0.00326899	0.01220802	0.00154925	0.00739965	0.00136063	0.00670719	0.00704915	0.01439745	0.03659634	0.00706825	0.00600078	0.00026704	0.01430362	0.00564855	0.00009240	0.00978578
A[C>T]T	0.00958170	0.00186005	0.00424965	0.02199560	0.00748063	0.01249950	0.00615621	0.00238031	0.00031799	0.00599814	0.00797524	0.03678210	0.00004170	0.00061628	0.00447812	0.00505939	0.02929480	0.15198482	0.00430894	0.01280166	0.01690225	0.03030768	0.00319918	0.00064664	0.01645207
A[T>A]A	0.00080014	0.00009590	0.00941922	0.00737852	0.01240104	0.01949921	0.00402006	0.00517068	0.00000000	0.02309283	0.00249164	0.00078562	0.00345984	0.06392938	0.14294012	0.00017198	0.00036294	0.00071293	0.00243940	0.00531069	0.00610081	0.00478121	0.11297108	0.06135367	0.01007203
A[T>A]C	0.00223040	0.00087803	0.00352971	0.00692861	0.00342029	0.02129914	0.01364236	0.00271036	0.00006520	0.00773760	0.00087858	0.00025488	0.00564973	0.00701322	0.00145939	0.00047794	0.00039293	0.00088691	0.00142965	0.00288037	0.00444059	0.00260066	0.00134965	0.00035411	0.00358815
A[T>A]G	0.00114020	0.00002550	0.01239897	0.00911818	0.00021102	0.02279908	0.00123009	0.00312041	0.00058997	0.00880727	0.00260171	0.00095154	0.00024799	0.06062786	0.00122948	0.00015198	0.00063789	0.00071193	0.00252938	0.00694090	0.00693092	0.00000108	0.03679058	0.00035411	0.00701173
A[T>A]T	0.00018303	0.00000000	0.00420965	0.00619876	0.05070426	0.02499899	0.07177673	0.00282037	0.00060597	0.01099659	0.00784515	0.00065368	0.00159992	0.00251115	0.00253894	0.00169979	0.00048991	0.00084392	0.00306924	0.00612080	0.01070142	0.03080780	0.02949245	0.02346374	0.00918124
A[T>C]A	0.00109019	0.00006170	0.00794934	0.04619076	0.00028802	0.00976961	0.01822254	0.07360964	0.00190992	0.24192493	0.00202133	0.00258874	0.01669922	0.02501150	0.00504789	0.00054893	0.00061089	0.00093591	0.00524870	0.01120146	0.01870249	0.01930489	0.00258934	0.00571197	0.08918805
A[T>C]C	0.00304054	0.00002150	0.00071494	0.01339732	0.00053304	0.00500980	0.00907955	0.04030528	0.00014199	0.01289600	0.00209137	0.00059371	0.00999953	0.00089941	0.00184923	0.00044095	0.00045792	0.00070093	0.00168958	0.00564073	0.00734098	0.00324082	0.01929506	0.00018475	0.00463736
A[T>C]G	0.00010602	0.00001320	0.00499959	0.03819236	0.00107009	0.00697972	0.01694303	0.07050924	0.00042798	0.06388018	0.00208137	0.00230888	0.00387982	0.00775356	0.00568762	0.00040495	0.00027695	0.00108989	0.00383905	0.00964125	0.01550206	0.02720689	0.00394899	0.00010777	0.04011199
A[T>C]T	0.00574102	0.00015500	0.00155987	0.03829234	0.00265022	0.01489940	0.01277899	0.06380836	0.00095896	0.13595781	0.00424279	0.00173915	0.02559880	0.00075535	0.00258892	0.00059493	0.00054490	0.00060994	0.00511874	0.01360177	0.01940258	0.00026707	0.00186952	0.00286368	0.02956694
A[T>G]A	0.00017203	0.00023801	0.00104991	0.00385923	0.01190100	0.00163993	0.00251924	0.00201026	0.00006140	0.01119653	0.00072147	0.00232887	0.00039198	0.00233107	0.00113952	0.00986881	0.00003899	0.00038596	0.00108973	0.00388050	0.00723096	0.00000002	0.00072281	0.00543484	0.00206966
A[T>G]C	0.00020704	0.00007460	0.00015899	0.00259948	0.00105009	0.00066797	0.00097887	0.00066409	0.00000000	0.00440863	0.00085856	0.00188908	0.00043698	0.00005092	0.00095860	0.01729791	0.00010998	0.00042896	0.00062285	0.00297039	0.00705094	0.00003261	0.00408895	0.00004620	0.00035897
A[T>G]G	0.00026805	0.00000205	0.00141988	0.00793841	0.00060405	0.00476981	0.00103877	0.00080811	0.00008250	0.00461857	0.00199131	0.00176914	0.00018699	0.00295136	0.00006767	0.00767907	0.00040993	0.00126987	0.00093577	0.00766100	0.00806107	0.00000747	0.02779289	0.00023094	0.00123837
A[T>G]T	0.00011202	0.00000376	0.00021598	0.00482903	0.00000000	0.00073997	0.01305586	0.00128017	0.00031999	0.00795753	0.00184121	0.00161921	0.00006950	0.00004182	0.00025589	0.11498609	0.00079386	0.00000000	0.00098376	0.00642083	0.01800239	0.00142036	0.00212945	0.00204769	0.00354120
C[C>A]A	0.00031206	0.00020801	0.08069330	0.00742851	0.00010901	0.04009838	0.01743293	0.00542071	0.00139994	0.01039677	0.07404865	0.00131936	0.00000000	0.00183084	0.00506788	0.00202975	0.00076786	0.00123988	0.05578622	0.01010131	0.02080277	0.00002841	0.00697821	0.00118550	0.01855035
C[C>A]C	0.00179032	0.00009530	0.07969339	0.00613877	0.00309026	0.03879843	0.00967042	0.00428056	0.00096796	0.00902720	0.01961289	0.00076663	0.00259988	0.00443204	0.00222907	0.00010899	0.00038793	0.00491951	0.02019501	0.00906118	0.01470196	0.03030768	0.00316919	0.00044649	0.01395552
C[C>A]G	0.00009322	0.00000000	0.02449797	0.00345931	0.00191016	0.00340986	0.00240461	0.00117015	0.00000433	0.00173946	0.01200789	0.00023589	0.00197991	0.00013606	0.00026589	0.00000000	0.00040693	0.00001660	0.00709825	0.00574075	0.00254034	0.00374095	0.00429890	0.00021601	0.00528203
C[C>A]T	0.00000000	0.00042101	0.06899427	0.00648870	0.01350113	0.03299867	0.04488739	0.00110014	0.00000000	0.00248923	0.03632386	0.00003438	0.01909910	0.00011005	0.00309870	0.00020298	0.00029695	0.00266973	0.06048506	0.00603078	0.01470196	0.08672196	0.00506870	0.00101615	0.01254310
C[C>G]A	0.00002410	0.00000000	0.00782935	0.00695861	0.00020602	0.00499980	0.00011020	0.00134018	0.00560975	0.00354890	0.00061340	0.00176914	0.00001970	0.00105048	0.00472802	0.00001440	0.00126977	0.00114989	0.00123969	0.02880374	0.00756101	0.00005361	0.00284927	0.00033871	0.00240959
C[C>G]C	0.00007681	0.00035101	0.00686943	0.00906819	0.00226019	0.00545978	0.00020758	0.00089112	0.00064797	0.00453859	0.00226149	0.00180912	0.00027299	0.00078536	0.00125947	0.00007549	0.00079286	0.00082392	0.00136966	0.03770490	0.00935124	0.00002491	0.00011997	0.00007700	0.00396222
C[C>G]G	0.00035206	0.00004870	0.00339972	0.00248950	0.00026202	0.00001050	0.00018022	0.00017302	0.00048798	0.00145955	0.00358235	0.00004808	0.00001010	0.00023911	0.00036085	0.00000000	0.00011998	0.00053695	0.00041890	0.01230160	0.00168022	0.00000000	0.00202948	0.00001540	0.00160101
C[C>G]T	0.00000000	0.00006360	0.00681943	0.00952809	0.00424036	0.00548978	0.00023827	0.00156020	0.00639972	0.00961702	0.00379249	0.00321843	0.00017299	0.00032015	0.00026789	0.00000000	0.00101982	0.00049495	0.00208948	0.04020523	0.01390185	0.00008642	0.00260933	0.00029253	0.00536600
C[C>T]A	0.00200035	0.00432012	0.01269895	0.01939612	0.00271023	0.00266989	0.00376117	0.00659086	0.00001930	0.00716778	0.01170769	0.11894211	0.00134994	0.00121056	0.01739271	0.00029196	0.10998049	0.01689831	0.00674833	0.00911118	0.01960261	0.00357090	0.00322917	0.00061585	0.03660735
C[C>T]C	0.00027005	0.00017000	0.01149905	0.01899620	0.00597050	0.00401984	0.00664382	0.00025403	0.00134994	0.00283912	0.00676444	0.09195525	0.00515976	0.00319147	0.00713701	0.00020997	0.10298173	0.02839716	0.00667835	0.00386050	0.01730230	0.00286072	0.00469880	0.00030792	0.03476131
C[C>T]G	0.19603478	0.00277008	0.00330973	0.01749650	0.00894075	0.00148994	0.00947159	0.00004091	0.00198991	0.00069079	0.01681104	0.01569236	0.00621971	0.00042620	0.00749686	0.00254969	0.01679702	0.01119888	0.00532868	0.00757098	0.00236031	0.01550393	0.02069470	0.00020015	0.01082396
C[C>T]T	0.00019603	0.00145004	0.01599867	0.02309538	0.02060173	0.01449941	0.00983726	0.00338044	0.00144994	0.01929401	0.00665437	0.25787449	0.00032498	0.00160074	0.00714701	0.00331960	0.04619181	0.04279572	0.00574858	0.00699091	0.02160287	0.00504128	0.00405896	0.00036951	0.04532348
C[T>A]A	0.00004301	0.00024301	0.01439880	0.00353929	0.00347029	0.01899923	0.00067318	0.00054607	0.00020899	0.00320900	0.00054236	0.00009595	0.00000619	0.12805886	0.33086140	0.00013998	0.00021396	0.00032497	0.00125969	0.00494064	0.00109014	0.00001240	0.00610844	0.10206109	0.00704592
C[T>A]C	0.00039307	0.00024401	0.01219899	0.00518896	0.01340113	0.02919882	0.00279160	0.00560073	0.00034198	0.00569823	0.00306201	0.00040280	0.00068797	0.05512534	0.00280882	0.00134984	0.00077686	0.00064994	0.00145964	0.00644084	0.00762101	0.00325082	0.00148962	0.00035411	0.00393189
C[T>A]G	0.00032406	0.00014900	0.03249730	0.00500900	0.00096108	0.02759889	0.00090019	0.00141018	0.00022599	0.00102968	0.00321211	0.00029386	0.00012499	0.16807725	0.00439816	0.00080590	0.00058690	0.00140986	0.00213947	0.00680088	0.00346046	0.00058215	0.00651833	0.00036951	0.01024476
C[T>A]T	0.00026005	0.00000000	0.01179902	0.00429914	0.04870409	0.04179831	0.00335317	0.00150020	0.00052298	0.00652797	0.00226149	0.00021789	0.00000000	0.06032773	0.00542773	0.00102988	0.00061189	0.00066293	0.00195952	0.00827108	0.00928123	0.00001380	0.00361907	0.10052148	0.00644868
C[T>C]A	0.00000000	0.00030201	0.00517957	0.01329734	0.00757064	0.00238990	0.01197149	0.04540595	0.00004740	0.01069668	0.00038625	0.00045178	0.01149946	0.00674310	0.00489795	0.00131984	0.00126977	0.00059294	0.00149963	0.00734095	0.01090145	0.01460370	0.00417893	0.00477281	0.03076459
C[T>C]C	0.00250044	0.00002850	0.00235980	0.01039792	0.00358030	0.00699972	0.00978329	0.04970651	0.00012199	0.00316902	0.00246162	0.00008136	0.00281987	0.00134062	0.00571760	0.00261968	0.00137976	0.00092691	0.00187954	0.00791103	0.00987131	0.00320081	0.07108180	0.00021555	0.00401078
C[T>C]G	0.00036006	0.00000000	0.00549954	0.02079584	0.00217018	0.00125995	0.01462779	0.03740490	0.00000000	0.00960702	0.00162107	0.00049776	0.01439932	0.00203093	0.00565763	0.00248970	0.00126977	0.00183982	0.00184954	0.00777101	0.01050140	0.03380856	0.00292925	0.00020015	0.01412281
C[T>C]T	0.00004261	0.00018601	0.00255979	0.01489702	0.04310362	0.00645974	0.01924899	0.04590601	0.00011200	0.01549519	0.00256168	0.00039081	0.02169898	0.00053625	0.00389837	0.00036696	0.00409927	0.00108989	0.00215947	0.00859112	0.01360181	0.00771195	0.00663830	0.00635861	0.01367035
C[T>G]A	0.00003551	0.00015300	0.00086993	0.00258948	0.00328028	0.00121995	0.01081415	0.00089312	0.00004140	0.00395877	0.00011107	0.00071365	0.00000435	0.00491226	0.00000000	0.01459823	0.00019796	0.00005809	0.00047788	0.00530069	0.00335045	0.00023406	0.00277929	0.00894516	0.00092840
C[T>G]C	0.00021204	0.00015500	0.00044096	0.00460908	0.00558047	0.00194992	0.00229700	0.00114015	0.00000282	0.00107966	0.00199131	0.00208898	0.00005440	0.00088040	0.00038084	0.02209733	0.00021496	0.00044996	0.00056586	0.00739096	0.00567075	0.00253064	0.00255934	0.00004620	0.00041878
C[T>G]G	0.00012802	0.00012100	0.00378969	0.00612877	0.00119010	0.00469981	0.00686483	0.00059308	0.00000000	0.00223931	0.00293193	0.00132935	0.00002010	0.00803369	0.00040283	0.01549812	0.00007849	0.00108989	0.00088678	0.00983128	0.00559074	0.00347088	0.00592848	0.00012317	0.00209052
C[T>G]T	0.00017103	0.00020301	0.00119990	0.00729854	0.00340029	0.00057398	0.03001246	0.00034405	0.00005550	0.00253921	0.00414272	0.00219893	0.00018499	0.00119055	0.00143940	0.10098778	0.00026495	0.00067593	0.00106974	0.00494064	0.01310174	0.00038410	0.00229941	0.00970026	0.00054519
G[C>A]A	0.00158028	0.00008620	0.03159738	0.01019796	0.00105009	0.02419902	0.00841771	0.00198026	0.00094896	0.00860733	0.10907166	0.00081360	0.00213990	0.00223103	0.01079548	0.00015598	0.00094283	0.00450955	0.06768328	0.00688089	0.01420189	0.00000000	0.00393899	0.00096996	0.00893931
G[C>A]C	0.00033906	0.00000000	0.03479711	0.00764847	0.00074206	0.02619894	0.00743436	0.00041705	0.00045098	0.00424868	0.01731137	0.00027187	0.00706967	0.00173080	0.01239481	0.00101988	0.00049391	0.00361964	0.01919526	0.00695090	0.01020136	0.00467118	0.00327916	0.00041570	0.00782492
G[C>A]G	0.00058710	0.00001390	0.01529873	0.00233953	0.00000000	0.00273989	0.00089221	0.00044706	0.00016399	0.00135958	0.00756497	0.00020490	0.00168992	0.00051524	0.00162932	0.00003950	0.00000000	0.00087691	0.00482881	0.00453059	0.00255034	0.00060515	0.00427890	0.00012300	0.00445574
G[C>A]T	0.00000000	0.00005120	0.02119824	0.00681864	0.00036303	0.02689891	0.01205754	0.00002750	0.00006150	0.00579820	0.06234096	0.00027287	0.00889958	0.00055125	0.00740690	0.00015798	0.00086185	0.00326967	0.06898296	0.00589077	0.01080144	0.01130286	0.00344912	0.00040030	0.00655609
G[C>G]A	0.00000959	0.00006540	0.00528956	0.00467906	0.00018202	0.00257990	0.00017011	0.00056407	0.00149993	0.00104967	0.00063542	0.00130936	0.00038798	0.00140064	0.00141941	0.00018298	0.00051491	0.00087591	0.00088578	0.02400312	0.00506067	0.00021906	0.00340913	0.00043109	0.00234881
G[C>G]C	0.00016403	0.00026101	0.00574952	0.00507898	0.00047304	0.00238990	0.00038835	0.00028904	0.00047898	0.00308904	0.00134088	0.00128937	0.00141993	0.00093043	0.00134943	0.00000000	0.00025595	0.00089991	0.00107973	0.02130277	0.00537071	0.00119030	0.00113971	0.00029253	0.00216132
G[C>G]G	0.00016603	0.00000000	0.00329973	0.00150970	0.00018002	0.00048798	0.00003285	0.00009541	0.00024099	0.00008127	0.00063942	0.00059671	0.00011699	0.00021110	0.00000000	0.00000000	0.00011698	0.00006859	0.00017196	0.00986128	0.00119016	0.00000000	0.00026693	0.00004620	0.00089337
G[C>G]T	0.00000000	0.00013400	0.00303975	0.00671866	0.00128011	0.00485980	0.00015468	0.00050407	0.00269988	0.00322900	0.00123081	0.00031984	0.00020699	0.00045521	0.00455809	0.00000000	0.00039893	0.00022798	0.00104974	0.03240421	0.00698093	0.00185047	0.00284927	0.00026173	0.00152748
G[C>T]A	0.00444079	0.00000000	0.00408966	0.01939612	0.00015701	0.00027599	0.00361387	0.00448059	0.00717968	0.00649798	0.00968636	0.06097033	0.00931956	0.00238109	0.01419405	0.00324961	0.04969118	0.02259774	0.00371908	0.00803104	0.01430190	0.09552419	0.00446886	0.00044649	0.01282583
G[C>T]C	0.00009282	0.00000013	0.00445963	0.02159568	0.00000951	0.00024499	0.00902991	0.00182024	0.00092096	0.00528836	0.00817537	0.03968069	0.01959908	0.00187086	0.02009158	0.00018798	0.06098918	0.03789621	0.00339916	0.00450059	0.01160154	0.08142062	0.00308921	0.00032332	0.01351091
G[C>T]G	0.21803869	0.00000000	0.00048196	0.01229754	0.00003430	0.00190992	0.00922420	0.00007461	0.00017799	0.00116964	0.01480973	0.00320844	0.00004340	0.00000000	0.00936608	0.00021497	0.00523907	0.01039896	0.00569859	0.00548071	0.00000000	0.04961257	0.00427890	0.00016900	0.00593888
G[C>T]T	0.00003841	0.00005040	0.00380968	0.01859628	0.00075806	0.00460981	0.01038312	0.00267035	0.00126994	0.00671792	0.00669440	0.10894698	0.00804962	0.00176081	0.00758682	0.00010199	0.01769686	0.05319469	0.00362910	0.00861112	0.01270169	0.06661687	0.00594848	0.00050807	0.01684613
G[T>A]A	0.00008121	0.00000000	0.00921923	0.00366927	0.00173015	0.01279948	0.00190232	0.00082611	0.00000670	0.00093971	0.00160105	0.00018891	0.00116995	0.05372469	0.10995394	0.00011599	0.00032894	0.00878912	0.00087978	0.00496064	0.00265035	0.00116029	0.02039478	0.03896766	0.00562396
G[T>A]C	0.00012902	0.00013100	0.00359970	0.00290942	0.00227019	0.01349945	0.00688939	0.00181024	0.00012999	0.00060781	0.00195128	0.00007776	0.00325985	0.01020469	0.00002349	0.00011799	0.00018197	0.00821918	0.00063084	0.00352046	0.00343046	0.00236060	0.00384901	0.00016936	0.00192496
G[T>A]G	0.00024604	0.00006380	0.01309891	0.00410918	0.00000000	0.01559937	0.00193028	0.00251033	0.00004700	0.00554828	0.00183120	0.00048576	0.00074197	0.03751724	0.00156934	0.00007169	0.00009858	0.01309869	0.00116971	0.00667087	0.00441059	0.00221056	0.00428890	0.00015396	0.00599620
G[T>A]T	0.00025805	0.00006280	0.00551954	0.00321936	0.02030171	0.02809886	0.01281500	0.00091512	0.00035798	0.00096570	0.00346227	0.00028286	0.00093696	0.00932429	0.00000000	0.00032396	0.00019097	0.00615938	0.00111972	0.00409053	0.00577077	0.00318081	0.00014596	0.01662785	0.00411785
G[T>C]A	0.00105019	0.00000000	0.00289976	0.01409718	0.00000000	0.00259989	0.01273936	0.07110932	0.00028699	0.00205936	0.00070847	0.00095354	0.22298953	0.00072133	0.00477800	0.00049094	0.00093483	0.00913909	0.00233942	0.00747097	0.00601080	0.02700684	0.00117970	0.00328009	0.02920934
G[T>C]C	0.00190034	0.00002740	0.00117990	0.00793841	0.00042304	0.00261989	0.00606970	0.03040398	0.00018199	0.00118963	0.00226149	0.00037082	0.06629689	0.00124057	0.00195918	0.00058693	0.00055490	0.00766923	0.00139965	0.00689090	0.00458061	0.00116029	0.00226942	0.00009240	0.00268576
G[T>C]G	0.00117021	0.00010700	0.00236980	0.01499700	0.00023202	0.00280989	0.01272993	0.04150544	0.00019499	0.00427867	0.00398262	0.00095254	0.11699451	0.00058127	0.00122948	0.00073091	0.00050091	0.00961904	0.00183955	0.00574075	0.00565075	0.01730438	0.00455883	0.00007700	0.00925981
G[T>C]T	0.00007131	0.00001250	0.00075494	0.01369726	0.00707059	0.00628975	0.01056995	0.04630607	0.00000000	0.00239926	0.00315207	0.00235885	0.13299376	0.00083438	0.00374843	0.00085090	0.00044492	0.01289871	0.00264935	0.00751098	0.00731097	0.01110281	0.00400897	0.00132407	0.01267295
G[T>G]A	0.00000000	0.00020901	0.00059795	0.00251950	0.00248021	0.00130995	0.00035506	0.00041205	0.00008770	0.00090172	0.00087057	0.00063569	0.00028599	0.00159073	0.00000000	0.00115986	0.00018797	0.00114989	0.00018495	0.00333043	0.00249033	0.00000000	0.00218944	0.00635861	0.00055049
G[T>G]C	0.00000000	0.00013300	0.00025298	0.00170966	0.00166014	0.00065597	0.00062031	0.00021303	0.00000000	0.00090072	0.00003702	0.00070266	0.00053297	0.00023611	0.00005078	0.00192977	0.00035294	0.00073993	0.00031292	0.00580075	0.00224030	0.00001830	0.00529864	0.00004620	0.00029423
G[T>G]G	0.00034806	0.00003710	0.00242980	0.00529894	0.00603051	0.00396984	0.00061425	0.00049606	0.00042598	0.00067479	0.00583383	0.00050975	0.00021299	0.00045021	0.00473802	0.00312962	0.00137976	0.00300970	0.00152962	0.00772100	0.00445059	0.00010303	0.07618050	0.00023094	0.00154435
G[T>G]T	0.00001460	0.00000000	0.00025198	0.00234953	0.00675057	0.00128995	0.00747367	0.00016502	0.00000289	0.00238926	0.00214141	0.00034083	0.00258988	0.00001961	0.00229904	0.02059751	0.00015997	0.00078492	0.00048888	0.00594077	0.00548073	0.00280071	0.00208947	0.00288008	0.00019960
T[C>A]A	0.00006581	0.00063902	0.03979670	0.00785843	0.00252021	0.02979880	0.06018580	0.00348046	0.07899652	0.01079665	0.07384852	0.00137933	0.00145993	0.00078436	0.00707704	0.01429827	0.00069588	0.00972903	0.14096518	0.00598078	0.02600346	0.00085322	0.03569086	0.00201690	0.01484858
T[C>A]C	0.00253045	0.00017000	0.04689611	0.00916817	0.01420119	0.02509899	0.00854316	0.00288038	0.02939871	0.00586818	0.04362866	0.00112945	0.00023599	0.00174080	0.00626737	0.00045195	0.00024296	0.00928907	0.07718094	0.00786102	0.02100279	0.00222056	0.00285927	0.00078520	0.01283178
T[C>A]G	0.00000000	0.00008530	0.01089910	0.00229954	0.00000000	0.00189992	0.00265737	0.00050507	0.01209947	0.00148954	0.01270835	0.00028486	0.00006830	0.00000000	0.00144939	0.00012898	0.00008259	0.00237976	0.01469637	0.00301039	0.00317042	0.00000032	0.00453884	0.00007700	0.00239317
T[C>A]T	0.00000588	0.00044001	0.04129657	0.01269746	0.00373031	0.03189871	0.18880397	0.00235031	0.03549844	0.00924713	0.12208021	0.00137933	0.00000000	0.00039618	0.00980589	0.00055693	0.00066488	0.00963904	0.20794864	0.00655085	0.02410321	0.01660421	0.00036991	0.00144724	0.01318626
T[C>G]A	0.00000000	0.00000000	0.00357970	0.00780844	0.00194016	0.00146994	0.00025875	0.00096913	0.31698604	0.00250922	0.00214141	0.00174915	0.00065397	0.00356164	0.00286880	0.00011499	0.00012698	0.00000000	0.00397902	0.03470451	0.01250166	0.00067317	0.00204948	0.00064664	0.01945116
T[C>G]C	0.00020304	0.00009870	0.00594951	0.00759848	0.00461039	0.00133995	0.00039568	0.00155020	0.06349720	0.00522838	0.00464305	0.00311848	0.00063097	0.00152070	0.00310870	0.00013598	0.00098583	0.00109989	0.00240940	0.03670477	0.01410188	0.00000940	0.00360908	0.00032332	0.00408750
T[C>G]G	0.00006941	0.00004120	0.00182985	0.00170966	0.00000875	0.00007820	0.00001039	0.00021403	0.01379939	0.00043886	0.00089959	0.00044079	0.00006270	0.00038118	0.00001279	0.00002460	0.00010598	0.00099690	0.00030193	0.00962125	0.00174023	0.00000000	0.00215945	0.00006160	0.00029840
T[C>G]T	0.00156028	0.00118003	0.00337972	0.01249750	0.01230103	0.00024899	0.00034715	0.00305040	0.36898375	0.02849116	0.00318209	0.00160922	0.00068697	0.00038818	0.00212911	0.00014298	0.00010898	0.00069193	0.00758813	0.05070659	0.02370315	0.00259066	0.00332915	0.00143184	0.02298928
T[C>T]A	0.00111020	0.53601548	0.00373969	0.02029594	0.01730145	0.00503980	0.00240343	0.00552072	0.00692969	0.00635803	0.01140749	0.04387864	0.00359983	0.00159073	0.01879213	0.00483941	0.09798262	0.02479752	0.01069736	0.00388050	0.03000399	0.00140035	0.00169956	0.00211006	0.01710459
T[C>T]C	0.00003731	0.09730281	0.00698942	0.02299540	0.01370115	0.00025199	0.00901811	0.00264035	0.00447980	0.00367886	0.01140749	0.02498784	0.00008070	0.00132061	0.00798665	0.00412950	0.13397623	0.03869613	0.00685831	0.00528069	0.02310307	0.00225057	0.00176955	0.00098535	0.01736940
T[C>T]G	0.11001952	0.04420128	0.00028098	0.01589682	0.00004640	0.00004170	0.00859142	0.00008851	0.00118995	0.00301906	0.01180776	0.00431790	0.00031699	0.00003772	0.00460807	0.00173979	0.01469739	0.00984902	0.00388904	0.00486063	0.00212028	0.00000000	0.00648834	0.00029253	0.00359965
T[C>T]T	0.00000000	0.30000866	0.00721940	0.02099580	0.00232019	0.00526979	0.01280128	0.00612080	0.00141994	0.02209314	0.00375247	0.06286940	0.00007310	0.00000000	0.01189502	0.00198976	0.05249069	0.06699331	0.00832794	0.00423055	0.02240298	0.00302077	0.04238915	0.00277131	0.02458275
T[T>A]A	0.00672119	0.00042201	0.00887926	0.00630874	0.01540129	0.01149954	0.00996265	0.00375049	0.00029599	0.01229618	0.01080710	0.00049376	0.00025699	0.07183301	0.05277789	0.00018798	0.00028195	0.00051195	0.00245939	0.00669087	0.00713095	0.00696176	0.02009486	0.35700939	0.00817815
T[T>A]C	0.00000000	0.00019201	0.00430964	0.00413917	0.03420287	0.01949921	0.00247466	0.00645085	0.00023199	0.00466855	0.00273179	0.00047477	0.00079496	0.02361085	0.00004708	0.00124985	0.00024096	0.00244976	0.00101975	0.00369048	0.01030137	0.00002071	0.00257934	0.00087758	0.00284712
T[T>A]G	0.00002800	0.00005010	0.00953921	0.00478904	0.01220103	0.01289948	0.00056580	0.00277036	0.00018799	0.00517839	0.00179118	0.00037282	0.00009850	0.07323366	0.00000000	0.00032096	0.00018997	0.00175982	0.00087178	0.00546071	0.00502067	0.00000502	0.00402897	0.00060045	0.00675146
T[T>A]T	0.00225040	0.00020501	0.00561953	0.00874825	0.27902345	0.03789847	0.00483127	0.00525069	0.00006200	0.00715778	0.00710467	0.00067267	0.00007640	0.03011384	0.00192919	0.00571931	0.00070088	0.00071093	0.00269933	0.01070139	0.02100279	0.01390352	0.00637837	0.16267575	0.00604418
T[T>C]A	0.00025505	0.00000000	0.00240980	0.01799640	0.03020254	0.00207992	0.01699877	0.08611128	0.00002210	0.01299597	0.00180118	0.00123940	0.08419605	0.00463213	0.00171928	0.00130984	0.00054390	0.00089691	0.00296927	0.00594077	0.01020136	0.01990504	0.00445886	0.01011527	0.03453614
T[T>C]C	0.00339060	0.00004350	0.00050296	0.00970806	0.02090176	0.00263989	0.01675970	0.04630607	0.00002490	0.00366886	0.00618406	0.00055273	0.05479743	0.00000000	0.00348854	0.00204975	0.00028595	0.00121988	0.00227944	0.00644084	0.00755100	0.01050266	0.00392899	0.00044649	0.00435020
T[T>C]G	0.00041607	0.00011700	0.00173986	0.01269746	0.01290108	0.00000000	0.01511532	0.04000524	0.00009980	0.00722776	0.00326214	0.00107947	0.02759870	0.00122056	0.00114952	0.00140983	0.00020296	0.00168983	0.00137966	0.00498065	0.00601080	0.01910484	0.00246937	0.00013857	0.01293528
T[T>C]T	0.00433077	0.00003580	0.00063595	0.01849630	0.08810740	0.00456982	0.01992081	0.05970782	0.00053098	0.00838740	0.00337222	0.00146928	0.04069809	0.00000000	0.00152936	0.00205975	0.00044492	0.00068393	0.00279931	0.00948123	0.01020136	0.03710940	0.02129455	0.00400011	0.01428691
T[T>G]A	0.00000000	0.00001670	0.00037697	0.00521896	0.01930162	0.00000000	0.00873077	0.00163021	0.00018399	0.00977697	0.00069646	0.00165919	0.00046498	0.00506233	0.00118950	0.04229488	0.00011798	0.00002260	0.00078781	0.00839109	0.00846113	0.00000000	0.00254935	0.01858316	0.00220843
T[T>G]C	0.00005511	0.00007040	0.00017399	0.00655869	0.01740146	0.00113995	0.00095216	0.00113015	0.00000000	0.00550829	0.00210138	0.00201902	0.00037898	0.00075235	0.00027988	0.03569568	0.00009638	0.00022398	0.00074382	0.00508066	0.01140152	0.00000000	0.00346911	0.00018475	0.00030058
T[T>G]G	0.00058310	0.00009540	0.00231981	0.00693861	0.00764064	0.00308988	0.00110836	0.00087511	0.00003670	0.00523837	0.00145095	0.00206899	0.00013099	0.00557256	0.00234902	0.01399831	0.00081286	0.00081792	0.00090178	0.00728095	0.00866115	0.00091723	0.00275929	0.00029253	0.00174284
T[T>G]T	0.00000000	0.00000000	0.00056795	0.01349730	0.02170182	0.00099596	0.02511471	0.00221029	0.00001890	0.01579510	0.00516339	0.00422794	0.00000000	0.00059527	0.00013994	0.47894205	0.00888842	0.00063494	0.00180955	0.01090142	0.02500333	0.00900228	0.00290926	0.00833022	0.00179435
