MutationType	SBS288A	SBS288B	SBS288C	SBS288D	SBS288E	SBS288F	SBS288G	SBS288H	SBS288I	SBS288J	SBS288K
T:A[C>A]A	0.00715491	0.00456728	0.00184590	0.01167448	0.00273583	0.00184278	0.00104337	0.01406790	0.00113006	0.00079094	0.00145977
T:A[C>A]C	0.00326007	0.00098230	0.00272112	0.00879367	0.00100955	0.00229954	0.00048321	0.00343266	0.00071440	0.00108360	0.00180948
T:A[C>A]G	0.00131720	0.00027637	0.00046945	0.00171821	0.00069580	0.00041344	0.00016216	0.00067959	0.00009377	0.00011450	0.00037542
T:A[C>A]T	0.00288030	0.00076102	0.00407048	0.00900510	0.00049471	0.00138173	0.00063061	0.00509052	0.00034244	0.00087388	0.00186883
T:A[C>G]A	0.00204936	0.00208571	0.00228600	0.00529966	0.00193193	0.00539507	0.00021304	0.00010205	0.00094090	0.00068189	0.00130731
T:A[C>G]C	0.00138468	0.00336463	0.00147689	0.00216481	0.00091297	0.00304043	0.00029499	0.00039639	0.00039851	0.00030054	0.00082474
T:A[C>G]G	0.00023603	0.00044191	0.00086691	0.00129978	0.00058633	0.00055678	0.00003720	0.00014807	0.00011104	0.00007481	0.00041395
T:A[C>G]T	0.00147401	0.00600041	0.00231802	0.00392976	0.00156866	0.00487447	0.00005752	0.00061482	0.00054870	0.00080201	0.00060663
T:A[C>T]A	0.00733580	0.00444604	0.00761133	0.00705798	0.00274323	0.00159914	0.00022150	0.00091309	0.00091001	0.00479275	0.00344320
T:A[C>T]C	0.00496794	0.00113692	0.00684813	0.00255272	0.00179537	0.00131747	0.00025085	0.00043642	0.00048747	0.00244675	0.00203945
T:A[C>T]G	0.00094630	0.00278534	0.00114630	0.00113829	0.00026467	0.00075185	0.00005860	0.00039920	0.00087562	0.01238829	0.04339129
T:A[C>T]T	0.00509009	0.00229421	0.00823701	0.00716980	0.00174199	0.00136679	0.00022222	0.00007536	0.00033689	0.00374802	0.00307615
T:A[T>A]A	0.00209744	0.00213366	0.00253235	0.00060182	0.00038682	0.00039844	0.01387850	0.00061768	0.01307719	0.00323957	0.00072810
T:A[T>A]C	0.00122767	0.00115418	0.00201363	0.00209780	0.00014586	0.00082411	0.00199216	0.00065628	0.00131890	0.00267601	0.00019101
T:A[T>A]G	0.00130961	0.00213222	0.00223206	0.00206212	0.00106272	0.00136958	0.01266772	0.00038427	0.00414240	0.00015485	0.00099463
T:A[T>A]T	0.00083058	0.00177544	0.00595314	0.00272819	0.00076961	0.00177667	0.00354997	0.00170527	0.00245246	0.00362817	0.00263706
T:A[T>C]A	0.00320925	0.00431325	0.00568543	0.00038955	0.01732753	0.00139662	0.00202170	0.00129348	0.01352739	0.00616344	0.00195048
T:A[T>C]C	0.00013933	0.00035165	0.00399849	0.00138944	0.00672646	0.00062988	0.00004047	0.00092936	0.00003908	0.00163120	0.00079919
T:A[T>C]G	0.00199963	0.00315866	0.00689746	0.00057361	0.01320344	0.00039145	0.00081116	0.00079486	0.00219047	0.00387516	0.00238454
T:A[T>C]T	0.00421708	0.00558582	0.00523838	0.00063402	0.01060076	0.00414642	0.00018704	0.00104409	0.00087820	0.00269951	0.00242592
T:A[T>G]A	0.00068209	0.00380048	0.00135603	0.00043786	0.00110550	0.00113546	0.00048203	0.00055636	0.00207568	0.00036630	0.00066361
T:A[T>G]C	0.00054856	0.00496145	0.00118013	0.00012832	0.00051535	0.00068526	0.00012253	0.00052189	0.00036301	0.00045954	0.00007022
T:A[T>G]G	0.00031412	0.00434573	0.00184893	0.00128692	0.00098307	0.00051515	0.00056178	0.00076341	0.00023333	0.00027211	0.00113670
T:A[T>G]T	0.00071133	0.01086903	0.00421369	0.00053384	0.00109796	0.00161586	0.00020343	0.00140514	0.00063147	0.00058376	0.00054083
T:C[C>A]A	0.00192230	0.00257925	0.00336608	0.01079404	0.00322941	0.00130197	0.00097074	0.00830439	0.00076864	0.00080865	0.00196214
T:C[C>A]C	0.00251354	0.00108608	0.00359208	0.00875696	0.00242392	0.00162678	0.00099333	0.00318064	0.00086168	0.00274481	0.00107413
T:C[C>A]G	0.00051729	0.00024475	0.00073514	0.00163762	0.00053705	0.00009058	0.00002393	0.00110376	0.00036472	0.00048010	0.00064127
T:C[C>A]T	0.00000159	0.00200919	0.00543122	0.00831768	0.00118118	0.00114307	0.00064782	0.00524264	0.00063385	0.00582539	0.00285759
T:C[C>G]A	0.00117601	0.00175183	0.00136877	0.00169901	0.00167634	0.00217325	0.00009137	0.00074225	0.00064078	0.00000103	0.00143857
T:C[C>G]C	0.00054308	0.00379342	0.00216980	0.00162556	0.00168764	0.00239103	0.00015824	0.00006656	0.00058449	0.00002605	0.00192278
T:C[C>G]G	0.00029746	0.00008002	0.00069099	0.00036560	0.00046172	0.00084816	0.00006723	0.00057278	0.00008163	0.00004500	0.00007884
T:C[C>G]T	0.00048585	0.00643539	0.00253925	0.00140429	0.00185433	0.00317752	0.00024357	0.00096103	0.00044426	0.00018560	0.00122972
T:C[C>T]A	0.00655822	0.00296652	0.00604535	0.00189411	0.00338859	0.00331510	0.00046666	0.00096427	0.00059224	0.00168420	0.00280943
T:C[C>T]C	0.00837801	0.00205928	0.00587964	0.00153720	0.00206319	0.00229164	0.00048811	0.00071086	0.00080525	0.00263406	0.00267897
T:C[C>T]G	0.00202792	0.00004726	0.00233570	0.00036540	0.00026263	0.00136631	0.00016822	0.00073613	0.00050141	0.00732254	0.02048709
T:C[C>T]T	0.00674502	0.00221997	0.00920028	0.00553798	0.00260955	0.00111128	0.00059787	0.00109281	0.00057882	0.00351942	0.00352210
T:C[T>A]A	0.00000000	0.00117765	0.00078619	0.00041235	0.00049788	0.00010650	0.02716562	0.00000903	0.01722704	0.00009253	0.00025693
T:C[T>A]C	0.00061139	0.00181388	0.00375260	0.00192321	0.00128044	0.00059442	0.01252014	0.00168699	0.00139600	0.00050156	0.00034658
T:C[T>A]G	0.00114293	0.00136982	0.00177194	0.00003907	0.00114989	0.00093409	0.03714001	0.00094444	0.00325034	0.00029619	0.00022701
T:C[T>A]T	0.00070511	0.00167714	0.00276821	0.00242300	0.00075905	0.00185476	0.01207761	0.00123238	0.00262904	0.00069442	0.00010995
T:C[T>C]A	0.00104337	0.00261750	0.00610532	0.00011000	0.00412783	0.00092633	0.00089301	0.00093830	0.00139403	0.00461216	0.00098090
T:C[T>C]C	0.00016840	0.00001388	0.00513272	0.00068206	0.00421534	0.00181829	0.00016406	0.00117230	0.00004156	0.00191385	0.00041692
T:C[T>C]G	0.00151469	0.00076519	0.00706462	0.00045140	0.00481708	0.00088461	0.00036138	0.00020913	0.00054297	0.00437431	0.00098851
T:C[T>C]T	0.00022892	0.00141125	0.00687817	0.00050293	0.00517393	0.00110610	0.00022836	0.00084201	0.00038025	0.00291964	0.00148319
T:C[T>G]A	0.00013839	0.00121554	0.00097659	0.00010814	0.00102833	0.00094737	0.00064376	0.00043519	0.00137343	0.00013320	0.00017954
T:C[T>G]C	0.00038154	0.00278569	0.00111086	0.00009484	0.00111009	0.00113726	0.00036239	0.00016405	0.00024474	0.00036229	0.00058644
T:C[T>G]G	0.00055906	0.00224428	0.00139937	0.00071646	0.00103483	0.00147635	0.00123674	0.00024301	0.00059231	0.00044703	0.00040560
T:C[T>G]T	0.00042785	0.00420561	0.00280983	0.00010235	0.00188745	0.00258259	0.00022789	0.00082350	0.00027355	0.00037513	0.00100888
T:G[C>A]A	0.00114107	0.00173863	0.00082933	0.00247959	0.00208249	0.00121198	0.00032297	0.01558573	0.00046439	0.00027805	0.00106247
T:G[C>A]C	0.00275996	0.00139141	0.00201191	0.00451038	0.00127482	0.00097207	0.00048139	0.00363733	0.00058961	0.00061474	0.00020744
T:G[C>A]G	0.00134550	0.00030731	0.00038629	0.00063503	0.00019090	0.00023156	0.00008112	0.00151398	0.00013980	0.00007870	0.00036465
T:G[C>A]T	0.00055607	0.00138270	0.00237385	0.00369205	0.00032905	0.00151928	0.00025192	0.00731241	0.00024374	0.00089408	0.00130231
T:G[C>G]A	0.00104864	0.00022425	0.00132079	0.00157672	0.00065559	0.00240919	0.00018454	0.00031171	0.00018154	0.00025478	0.00060890
T:G[C>G]C	0.00098015	0.00116636	0.00160435	0.00207462	0.00101630	0.00152901	0.00014352	0.00005410	0.00021123	0.00028901	0.00055676
T:G[C>G]G	0.00015873	0.00033638	0.00031019	0.00070540	0.00032991	0.00031963	0.00007753	0.00001704	0.00001670	0.00008956	0.00002803
T:G[C>G]T	0.00083609	0.00203130	0.00126585	0.00135167	0.00099850	0.00216754	0.00006289	0.00080556	0.00045860	0.00023789	0.00021786
T:G[C>T]A	0.00705867	0.00184292	0.00458782	0.00165556	0.00185776	0.00269334	0.00016105	0.00048693	0.00062268	0.00572930	0.00208005
T:G[C>T]C	0.00728852	0.00087295	0.00589748	0.00180067	0.00121611	0.00017114	0.00032595	0.00080789	0.00019653	0.00774775	0.00259038
T:G[C>T]G	0.00183554	0.00015996	0.00164224	0.00019041	0.00005605	0.00029792	0.00005074	0.00089137	0.00066683	0.01004505	0.02465906
T:G[C>T]T	0.00541905	0.00132646	0.00670689	0.00385351	0.00035133	0.00003308	0.00014498	0.00046573	0.00097005	0.00703341	0.00168211
T:G[T>A]A	0.00013850	0.00134180	0.00122289	0.00094793	0.00008730	0.00036344	0.01001593	0.00019078	0.00618345	0.00051234	0.00024038
T:G[T>A]C	0.00006689	0.00120924	0.00089476	0.00110239	0.00060228	0.00066572	0.00194839	0.00078162	0.00079967	0.00079419	0.00027430
T:G[T>A]G	0.00064915	0.00162038	0.00132985	0.00102040	0.00019098	0.00083510	0.00595728	0.00059359	0.00000000	0.00051541	0.00021797
T:G[T>A]T	0.00020376	0.00150312	0.00136242	0.00173795	0.00054659	0.00104170	0.00183057	0.00093279	0.00023199	0.00044040	0.00038612
T:G[T>C]A	0.00068775	0.00255829	0.00129105	0.00062417	0.00533854	0.00119657	0.00016014	0.00028935	0.00110665	0.00808353	0.00013951
T:G[T>C]C	0.00008880	0.00040373	0.00121002	0.00059443	0.00386176	0.00061606	0.00006194	0.00045139	0.00008034	0.00220385	0.00066294
T:G[T>C]G	0.00043152	0.00077033	0.00222545	0.00014545	0.00447231	0.00061589	0.00018582	0.00119528	0.00022765	0.00431963	0.00089119
T:G[T>C]T	0.00148036	0.00134830	0.00123554	0.00044795	0.00469296	0.00173301	0.00001235	0.00095537	0.00046207	0.00419656	0.00072248
T:G[T>G]A	0.00009232	0.00093044	0.00045719	0.00006281	0.00026192	0.00091664	0.00028214	0.00001370	0.00043499	0.00007519	0.00046809
T:G[T>G]C	0.00015553	0.00082893	0.00019813	0.00014126	0.00039183	0.00043071	0.00002629	0.00003394	0.00006067	0.00008943	0.00023362
T:G[T>G]G	0.00015675	0.00078184	0.00046694	0.00093150	0.00064634	0.00072816	0.00017519	0.00007585	0.00016027	0.00007672	0.00031680
T:G[T>G]T	0.00004590	0.00188778	0.00045289	0.00024429	0.00069478	0.00138158	0.00002312	0.00013482	0.00019537	0.00033078	0.00046660
T:T[C>A]A	0.00392357	0.00516314	0.00445850	0.00661949	0.00030236	0.00458296	0.00099794	0.01207977	0.00060540	0.00082851	0.00058900
T:T[C>A]C	0.00701733	0.00232785	0.00280163	0.00680975	0.00156222	0.00402389	0.00117883	0.00770743	0.00039902	0.00142554	0.00054881
T:T[C>A]G	0.00124629	0.00058703	0.00051576	0.00046520	0.00034060	0.00039249	0.00004976	0.00152193	0.00017115	0.00033709	0.00029597
T:T[C>A]T	0.00263649	0.00344143	0.00386332	0.00612916	0.00005693	0.00613070	0.00094823	0.01432901	0.00055078	0.00231788	0.00160687
T:T[C>G]A	0.00140014	0.00084950	0.00174152	0.00161725	0.00051649	0.01063187	0.00019529	0.00255253	0.00083809	0.00054519	0.00070122
T:T[C>G]C	0.00098577	0.00451836	0.00238598	0.00192181	0.00141720	0.00631947	0.00028600	0.00085954	0.00096084	0.00016892	0.00148349
T:T[C>G]G	0.00024942	0.00044602	0.00046228	0.00026658	0.00013027	0.00057021	0.00005423	0.00038594	0.00006688	0.00003220	0.00031042
T:T[C>G]T	0.00152402	0.00563381	0.00201279	0.00206816	0.00213703	0.01583032	0.00016290	0.00379960	0.00099514	0.00056079	0.00119111
T:T[C>T]A	0.00829856	0.00513675	0.00558213	0.00140349	0.00155750	0.00997814	0.00022392	0.00380023	0.00121091	0.00234348	0.00145521
T:T[C>T]C	0.00971136	0.00205826	0.00547934	0.00173745	0.00199201	0.00544101	0.00028198	0.00215553	0.00114281	0.00225955	0.00181089
T:T[C>T]G	0.00110066	0.00018189	0.00179233	0.00022365	0.00026418	0.00186762	0.00006651	0.00057136	0.00022197	0.00478318	0.01302123
T:T[C>T]T	0.00601245	0.00104398	0.00819154	0.00465034	0.00129687	0.00576582	0.00042462	0.00175922	0.00017948	0.00290089	0.00234438
T:T[T>A]A	0.00051031	0.00360306	0.00222040	0.00110260	0.00005323	0.00237795	0.01533920	0.00152021	0.01957662	0.00154257	0.00012666
T:T[T>A]C	0.00027863	0.00372910	0.00330654	0.00228419	0.00056620	0.00237181	0.00513906	0.00158838	0.00088058	0.00080163	0.00006007
T:T[T>A]G	0.00016073	0.00218639	0.00149116	0.00056421	0.00063381	0.00013194	0.01305344	0.00086035	0.00597429	0.00028143	0.00007319
T:T[T>A]T	0.00044258	0.00909558	0.00554483	0.00510320	0.00000356	0.00183919	0.00620332	0.00275822	0.00498837	0.00142732	0.00053216
T:T[T>C]A	0.00041321	0.00333252	0.00349030	0.00036024	0.00812050	0.00057538	0.00072782	0.00128965	0.00446281	0.00785336	0.00049458
T:T[T>C]C	0.00003046	0.00053517	0.00184570	0.00107975	0.00378548	0.00293585	0.00018509	0.00072101	0.00001120	0.00328193	0.00036723
T:T[T>C]G	0.00042440	0.00057723	0.00252411	0.00050712	0.00384869	0.00068188	0.00018096	0.00055634	0.00076846	0.00323931	0.00012920
T:T[T>C]T	0.00096582	0.00110920	0.00315560	0.00040696	0.00676077	0.00176525	0.00023213	0.00160894	0.00013521	0.00649003	0.00043095
T:T[T>G]A	0.00085862	0.00405038	0.00147933	0.00033031	0.00049260	0.00267431	0.00048702	0.00008167	0.00255726	0.00016477	0.00040951
T:T[T>G]C	0.00016436	0.00746022	0.00111214	0.00047693	0.00071325	0.00171076	0.00034978	0.00086667	0.00021931	0.00024932	0.00108428
T:T[T>G]G	0.00048484	0.00349435	0.00071611	0.00112224	0.00121511	0.00123765	0.00054090	0.00075100	0.00099983	0.00016891	0.00046167
T:T[T>G]T	0.00093319	0.01248478	0.00311790	0.00068956	0.00215638	0.00371112	0.00043965	0.00123735	0.00045332	0.00113338	0.00092525
U:A[C>A]A	0.00478011	0.00324303	0.00238977	0.00516772	0.00280738	0.00102577	0.00065532	0.01041700	0.00028349	0.00081594	0.00032554
U:A[C>A]C	0.00257791	0.00132302	0.00238555	0.00410248	0.00098464	0.00145834	0.00039478	0.00225775	0.00022326	0.00046931	0.00162532
U:A[C>A]G	0.00087215	0.00020670	0.00053314	0.00069996	0.00035456	0.00026656	0.00012472	0.00086700	0.00009023	0.00009332	0.00006585
U:A[C>A]T	0.00197282	0.00159471	0.00401037	0.00456774	0.00046647	0.00122331	0.00025921	0.00527770	0.00066705	0.00090322	0.00059574
U:A[C>G]A	0.00133425	0.00254842	0.00132249	0.00235205	0.00190651	0.00340999	0.00005914	0.00057816	0.00049578	0.00020618	0.00083860
U:A[C>G]C	0.00122672	0.00294730	0.00131060	0.00092061	0.00083665	0.00212858	0.00011275	0.00017258	0.00046152	0.00027488	0.00042526
U:A[C>G]G	0.00031998	0.00035039	0.00045056	0.00034134	0.00040811	0.00064776	0.00004595	0.00036080	0.00011070	0.00003387	0.00013506
U:A[C>G]T	0.00144319	0.00627459	0.00141514	0.00157285	0.00178439	0.00385126	0.00014866	0.00126604	0.00051847	0.00061128	0.00089167
U:A[C>T]A	0.00502390	0.00422392	0.00392428	0.00266646	0.00198056	0.00298699	0.00010501	0.00035620	0.00072082	0.00446476	0.00310002
U:A[C>T]C	0.00373989	0.00155382	0.00359982	0.00142117	0.00124800	0.00146076	0.00028152	0.00091783	0.00037418	0.00196371	0.00134479
U:A[C>T]G	0.00079255	0.00187650	0.00023793	0.00034070	0.00080798	0.00049900	0.00011250	0.00027295	0.00060095	0.00963014	0.03895035
U:A[C>T]T	0.00441007	0.00318380	0.00392032	0.00324359	0.00116974	0.00154755	0.00012903	0.00076607	0.00061889	0.00352814	0.00154877
U:A[T>A]A	0.00093344	0.00293814	0.00373942	0.00104232	0.00045254	0.00080633	0.00596813	0.00048866	0.00652430	0.00333682	0.00069919
U:A[T>A]C	0.00050573	0.00153051	0.00252514	0.00105164	0.00013629	0.00082168	0.00123356	0.00053214	0.00034840	0.00174876	0.00075380
U:A[T>A]G	0.00090330	0.00275384	0.00345360	0.00128351	0.00132464	0.00088535	0.00619328	0.00132482	0.00286934	0.00014623	0.00103064
U:A[T>A]T	0.00039122	0.00197977	0.00972707	0.00188964	0.00077495	0.00219046	0.00165103	0.00230683	0.00246113	0.00349970	0.00241019
U:A[T>C]A	0.00273130	0.00282305	0.00774931	0.00001256	0.00818065	0.00224922	0.00119719	0.00013012	0.00573215	0.00581181	0.00108042
U:A[T>C]C	0.00010615	0.00061362	0.00482948	0.00062620	0.00382406	0.00035100	0.00002907	0.00067846	0.00008373	0.00128859	0.00092842
U:A[T>C]G	0.00110420	0.00220713	0.00865848	0.00000648	0.00891062	0.00029499	0.00059956	0.00069354	0.00108186	0.00352858	0.00185656
U:A[T>C]T	0.00305513	0.00417783	0.00807459	0.00046226	0.00561157	0.00277311	0.00043946	0.00097369	0.00036281	0.00296885	0.00168256
U:A[T>G]A	0.00050471	0.00300489	0.00081343	0.00012585	0.00107051	0.00171254	0.00031503	0.00089853	0.00111220	0.00027475	0.00015125
U:A[T>G]C	0.00022403	0.00380449	0.00127580	0.00010049	0.00078143	0.00055577	0.00007530	0.00092010	0.00013278	0.00018356	0.00044845
U:A[T>G]G	0.00040405	0.00334589	0.00195463	0.00065372	0.00111012	0.00086531	0.00038665	0.00053943	0.00038420	0.00032966	0.00083550
U:A[T>G]T	0.00069410	0.01137570	0.00365782	0.00044037	0.00152607	0.00265602	0.00043367	0.00109845	0.00025074	0.00066144	0.00127725
U:C[C>A]A	0.00168195	0.00257583	0.00381417	0.00477279	0.00453279	0.00154881	0.00061023	0.00677283	0.00048372	0.00138583	0.00183221
U:C[C>A]C	0.00183441	0.00178621	0.00404331	0.00490742	0.00289623	0.00063885	0.00064962	0.00215545	0.00050318	0.00307070	0.00178609
U:C[C>A]G	0.00051713	0.00020231	0.00107305	0.00064679	0.00058006	0.00031183	0.00006960	0.00102713	0.00022543	0.00049417	0.00024049
U:C[C>A]T	0.00057411	0.00282300	0.00803567	0.00526517	0.00167496	0.00167574	0.00041437	0.00454824	0.00051511	0.00604830	0.00159926
U:C[C>G]A	0.00116509	0.00226709	0.00138597	0.00035003	0.00203689	0.00249709	0.00015606	0.00077181	0.00027128	0.00032215	0.00011985
U:C[C>G]C	0.00134058	0.00347171	0.00104554	0.00048328	0.00267465	0.00229343	0.00011830	0.00039894	0.00035623	0.00002018	0.00067583
U:C[C>G]G	0.00036600	0.00017898	0.00075258	0.00009350	0.00062674	0.00088777	0.00000710	0.00029485	0.00007516	0.00000393	0.00063868
U:C[C>G]T	0.00152440	0.00707165	0.00197415	0.00045417	0.00318885	0.00469970	0.00028120	0.00085983	0.00051011	0.00002214	0.00193540
U:C[C>T]A	0.00608939	0.00435718	0.00332798	0.00117523	0.00330090	0.00298646	0.00052962	0.00165578	0.00064585	0.00123120	0.00185386
U:C[C>T]C	0.00691624	0.00316069	0.00402854	0.00061447	0.00201267	0.00218146	0.00064686	0.00093220	0.00094135	0.00221900	0.00189818
U:C[C>T]G	0.00095280	0.00147335	0.00056367	0.00027293	0.00039297	0.00148509	0.00061492	0.00093845	0.00002754	0.00619346	0.02237094
U:C[C>T]T	0.00645503	0.00230247	0.00789165	0.00353861	0.00219835	0.00302354	0.00045178	0.00009838	0.00095562	0.00367447	0.00314349
U:C[T>A]A	0.00012048	0.00150560	0.00427951	0.00024044	0.00133041	0.00016983	0.01180547	0.00056703	0.00921309	0.00021387	0.00080248
U:C[T>A]C	0.00075001	0.00240895	0.00605523	0.00114362	0.00226133	0.00064539	0.00601564	0.00081670	0.00117782	0.00035209	0.00184173
U:C[T>A]G	0.00213312	0.00112781	0.00726710	0.00085960	0.00353639	0.00005204	0.01873451	0.00046535	0.00307654	0.00062254	0.00106129
U:C[T>A]T	0.00156609	0.00332319	0.00680100	0.00203888	0.00138478	0.00132830	0.00652396	0.00093921	0.00196515	0.00039706	0.00109439
U:C[T>C]A	0.00098371	0.00208340	0.00777844	0.00050557	0.00313488	0.00120735	0.00078313	0.00025060	0.00073037	0.00330515	0.00156800
U:C[T>C]C	0.00091090	0.00025297	0.00720075	0.00053718	0.00297138	0.00105222	0.00006722	0.00046404	0.00040781	0.00169342	0.00139950
U:C[T>C]G	0.00088669	0.00059759	0.01083224	0.00053229	0.00433478	0.00014321	0.00038431	0.00060290	0.00021268	0.00379489	0.00217574
U:C[T>C]T	0.00081668	0.00153348	0.01131588	0.00059411	0.00348619	0.00117041	0.00011067	0.00125645	0.00053231	0.00336239	0.00197024
U:C[T>G]A	0.00011863	0.00122900	0.00067550	0.00000538	0.00061949	0.00115043	0.00005951	0.00038818	0.00098928	0.00012170	0.00038482
U:C[T>G]C	0.00019802	0.00336509	0.00088053	0.00002558	0.00131009	0.00096047	0.00013147	0.00047950	0.00037827	0.00030706	0.00073804
U:C[T>G]G	0.00012316	0.00201839	0.00161890	0.00048584	0.00119550	0.00168424	0.00043412	0.00060681	0.00065373	0.00045260	0.00090502
U:C[T>G]T	0.00059894	0.00639806	0.00287386	0.00001273	0.00310562	0.00271632	0.00024461	0.00065275	0.00015656	0.00086632	0.00179558
U:G[C>A]A	0.00074811	0.00131538	0.00213948	0.00068014	0.00222169	0.00149919	0.00008506	0.01253309	0.00044970	0.00016128	0.00162564
U:G[C>A]C	0.00246082	0.00096249	0.00217523	0.00176765	0.00101865	0.00084399	0.00044513	0.00346794	0.00009009	0.00077610	0.00042076
U:G[C>A]G	0.00089012	0.00049570	0.00013864	0.00036113	0.00020437	0.00009849	0.00008247	0.00098660	0.00003643	0.00012846	0.00037695
U:G[C>A]T	0.00017034	0.00178287	0.00312527	0.00139218	0.00099267	0.00174468	0.00021268	0.00781007	0.00024938	0.00085611	0.00100678
U:G[C>G]A	0.00047126	0.00109743	0.00024701	0.00072298	0.00141091	0.00148006	0.00006477	0.00057938	0.00024100	0.00010282	0.00031475
U:G[C>G]C	0.00095412	0.00108393	0.00087231	0.00076199	0.00123305	0.00156332	0.00005439	0.00009672	0.00033378	0.00015635	0.00016222
U:G[C>G]G	0.00021054	0.00029927	0.00044016	0.00018368	0.00012856	0.00037765	0.00000801	0.00002834	0.00006645	0.00002063	0.00004870
U:G[C>G]T	0.00069396	0.00263144	0.00059641	0.00056878	0.00183530	0.00226244	0.00004658	0.00054340	0.00043568	0.00004052	0.00083924
U:G[C>T]A	0.00682358	0.00380164	0.00341067	0.00058391	0.00093710	0.00300622	0.00028036	0.00128007	0.00061382	0.00587392	0.00155686
U:G[C>T]C	0.00613270	0.00193646	0.00292255	0.00056296	0.00101126	0.00161573	0.00045294	0.00121457	0.00006004	0.00787968	0.00141860
U:G[C>T]G	0.00035017	0.00075799	0.00021286	0.00000253	0.00000982	0.00156238	0.00013934	0.00145042	0.00054248	0.01144913	0.02486613
U:G[C>T]T	0.00519276	0.00208141	0.00451759	0.00196915	0.00062759	0.00036099	0.00010621	0.00049290	0.00063078	0.00640137	0.00263360
U:G[T>A]A	0.00010274	0.00204297	0.00171193	0.00066882	0.00023423	0.00019239	0.00507259	0.00080022	0.00369253	0.00056007	0.00050797
U:G[T>A]C	0.00049823	0.00156946	0.00193176	0.00032726	0.00074138	0.00035485	0.00105151	0.00058881	0.00047903	0.00063223	0.00043623
U:G[T>A]G	0.00117862	0.00169936	0.00257035	0.00021955	0.00066990	0.00057031	0.00389226	0.00077236	0.00001031	0.00060575	0.00041353
U:G[T>A]T	0.00052251	0.00163276	0.00333535	0.00125108	0.00018897	0.00128938	0.00108932	0.00097292	0.00040096	0.00085646	0.00058247
U:G[T>C]A	0.00053000	0.00213093	0.00259520	0.00019837	0.00349324	0.00117995	0.00028364	0.00069620	0.00050787	0.00956448	0.00074542
U:G[T>C]C	0.00013877	0.00080172	0.00217607	0.00013453	0.00264952	0.00079816	0.00011208	0.00082428	0.00008323	0.00229715	0.00067707
U:G[T>C]G	0.00074086	0.00086481	0.00255345	0.00034158	0.00362727	0.00118287	0.00016151	0.00012949	0.00015423	0.00522371	0.00029927
U:G[T>C]T	0.00112351	0.00187712	0.00209758	0.00022058	0.00317189	0.00238648	0.00004206	0.00055746	0.00020842	0.00580937	0.00122277
U:G[T>G]A	0.00001506	0.00101820	0.00014529	0.00005612	0.00054537	0.00083753	0.00016351	0.00009760	0.00030182	0.00003782	0.00062332
U:G[T>G]C	0.00011863	0.00105466	0.00003276	0.00006959	0.00055256	0.00057107	0.00003551	0.00031517	0.00002731	0.00014550	0.00033656
U:G[T>G]G	0.00016847	0.00112738	0.00045101	0.00017994	0.00103841	0.00086961	0.00003317	0.00069287	0.00018271	0.00007240	0.00031367
U:G[T>G]T	0.00027621	0.00278112	0.00036152	0.00015690	0.00089149	0.00140447	0.00007711	0.00037092	0.00015243	0.00052439	0.00034574
U:T[C>A]A	0.00174904	0.00762750	0.00800191	0.00285237	0.00112188	0.00399948	0.00048940	0.00968127	0.00058427	0.00088994	0.00191307
U:T[C>A]C	0.00453990	0.00396006	0.00376421	0.00366387	0.00141054	0.00283127	0.00037081	0.00582528	0.00085044	0.00139002	0.00122566
U:T[C>A]G	0.00096162	0.00025706	0.00077963	0.00001475	0.00042347	0.00053129	0.00004497	0.00138701	0.00013496	0.00031496	0.00007820
U:T[C>A]T	0.00208668	0.00440519	0.00734805	0.00238891	0.00081406	0.00602402	0.00052045	0.01588928	0.00099406	0.00193040	0.00170027
U:T[C>G]A	0.00123674	0.00293702	0.00121932	0.00075200	0.00212073	0.00837752	0.00021306	0.00208885	0.00043749	0.00016209	0.00121419
U:T[C>G]C	0.00156758	0.00550761	0.00181307	0.00073746	0.00198025	0.00517570	0.00007837	0.00105692	0.00099659	0.00042537	0.00113294
U:T[C>G]G	0.00014967	0.00059379	0.00048437	0.00033915	0.00076786	0.00058291	0.00001878	0.00015369	0.00003388	0.00005859	0.00006384
U:T[C>G]T	0.00227502	0.00793939	0.00342919	0.00073965	0.00314339	0.01598948	0.00046021	0.00461567	0.00067917	0.00057843	0.00271801
U:T[C>T]A	0.00925271	0.01224208	0.00647495	0.00111585	0.00142409	0.01049391	0.00041386	0.00407574	0.00189542	0.00264832	0.00167082
U:T[C>T]C	0.01074328	0.00484245	0.00429543	0.00070389	0.00178419	0.00673070	0.00074499	0.00141279	0.00076186	0.00249743	0.00178749
U:T[C>T]G	0.00071494	0.00101041	0.00089555	0.00015571	0.00075968	0.00144788	0.00020403	0.00102113	0.00005560	0.00386133	0.01623762
U:T[C>T]T	0.00829502	0.00378239	0.00494489	0.00241833	0.00053224	0.00732521	0.00040163	0.00179624	0.00092365	0.00238939	0.00190691
U:T[T>A]A	0.00133508	0.00363591	0.00498859	0.00081519	0.00056594	0.00253060	0.00736110	0.00143249	0.01130687	0.00196610	0.00096679
U:T[T>A]C	0.00114880	0.00463805	0.00470022	0.00136793	0.00063945	0.00092833	0.00264054	0.00131708	0.00106569	0.00080348	0.00054701
U:T[T>A]G	0.00085611	0.00324116	0.00389666	0.00078605	0.00099674	0.00057751	0.00779092	0.00057764	0.00420127	0.00032567	0.00093621
U:T[T>A]T	0.00076466	0.01307355	0.00930619	0.00420234	0.00018963	0.00133627	0.00374902	0.00337102	0.00442347	0.00218616	0.00139823
U:T[T>C]A	0.00031396	0.00429662	0.00633224	0.00031398	0.00410170	0.00043630	0.00046036	0.00174933	0.00273446	0.00920510	0.00061237
U:T[T>C]C	0.00015245	0.00095011	0.00376699	0.00076124	0.00274722	0.00193190	0.00006626	0.00090722	0.00019793	0.00305019	0.00106046
U:T[T>C]G	0.00041761	0.00121671	0.00410806	0.00030977	0.00327457	0.00094778	0.00005972	0.00067143	0.00062715	0.00438752	0.00007767
U:T[T>C]T	0.00134697	0.00301548	0.00534098	0.00043236	0.00329681	0.00206596	0.00012690	0.00052514	0.00081383	0.00874449	0.00065029
U:T[T>G]A	0.00031738	0.00495025	0.00144189	0.00012528	0.00093805	0.00196949	0.00042066	0.00091015	0.00119161	0.00041117	0.00027606
U:T[T>G]C	0.00046934	0.00735979	0.00164034	0.00018677	0.00138111	0.00104499	0.00016718	0.00078447	0.00035122	0.00011832	0.00095451
U:T[T>G]G	0.00061115	0.00478413	0.00146446	0.00061555	0.00111798	0.00141154	0.00045140	0.00077031	0.00073160	0.00032351	0.00088246
U:T[T>G]T	0.00168588	0.01565537	0.00414560	0.00038306	0.00484436	0.00481783	0.00043850	0.00142964	0.00079360	0.00143498	0.00113873
N:A[C>A]A	0.02989746	0.01128269	0.00014736	0.04033599	0.01636844	0.00035408	0.00390608	0.05073179	0.00426074	0.00296863	0.00460509
N:A[C>A]C	0.01385447	0.00151234	0.00252827	0.02770482	0.00468855	0.00466202	0.00219794	0.01397029	0.00248864	0.00309122	0.00198822
N:A[C>A]G	0.00356413	0.00079617	0.00040160	0.00520511	0.00147428	0.00060932	0.00033538	0.00258831	0.00064683	0.00029693	0.00045328
N:A[C>A]T	0.01164347	0.00024309	0.00387868	0.03414084	0.00440276	0.00285244	0.00207591	0.02050769	0.00192458	0.00395476	0.00301694
N:A[C>G]A	0.00985434	0.00360891	0.00252771	0.01563211	0.01058111	0.01251010	0.00077605	0.00094009	0.00269629	0.00169433	0.00319890
N:A[C>G]C	0.00461383	0.00594920	0.00148183	0.00631550	0.00424832	0.00902008	0.00016470	0.00163420	0.00178532	0.00100971	0.00092325
N:A[C>G]G	0.00132160	0.00083592	0.00151608	0.00289698	0.00108296	0.00140106	0.00006944	0.00066328	0.00060434	0.00001099	0.00058890
N:A[C>G]T	0.00429546	0.01373438	0.00398450	0.01222264	0.00637231	0.01244656	0.00024781	0.00348351	0.00232661	0.00165181	0.00208028
N:A[C>T]A	0.02120342	0.00647633	0.01430488	0.01894756	0.00923346	0.00723099	0.00060795	0.00293713	0.00216010	0.01465360	0.01286655
N:A[C>T]C	0.01624980	0.00095792	0.01108013	0.00701847	0.00520979	0.00431457	0.00041959	0.00148761	0.00156396	0.00709439	0.00488349
N:A[C>T]G	0.01024154	0.00715708	0.00165963	0.00151140	0.00321766	0.00080509	0.00146567	0.00114945	0.00089192	0.02574723	0.14033014
N:A[C>T]T	0.01498948	0.00525985	0.01432829	0.02161503	0.00638150	0.00391943	0.00056817	0.00283878	0.00151348	0.00862902	0.00865739
N:A[T>A]A	0.00543768	0.00303622	0.00404586	0.00490750	0.00190506	0.00180279	0.04038497	0.00114142	0.07243501	0.01294048	0.00320130
N:A[T>A]C	0.00179668	0.00305174	0.00230259	0.00668827	0.00185949	0.00294448	0.00722752	0.00229013	0.00535041	0.00839040	0.00226851
N:A[T>A]G	0.00696480	0.00396410	0.00323350	0.00594968	0.00424019	0.00227542	0.04551534	0.00159718	0.02508249	0.00124113	0.00233985
N:A[T>A]T	0.00464138	0.00318364	0.01217301	0.01055916	0.00034543	0.00989600	0.01073798	0.00697957	0.01510774	0.01247530	0.00566354
N:A[T>C]A	0.00908648	0.00778142	0.00559495	0.00074725	0.03697259	0.00525883	0.00799474	0.00308775	0.04794485	0.02266784	0.00594863
N:A[T>C]C	0.00038438	0.00138227	0.00289464	0.00330527	0.01383118	0.00356398	0.00025874	0.00355795	0.00043786	0.00619951	0.00145354
N:A[T>C]G	0.00698532	0.00720857	0.00730403	0.00292352	0.03131592	0.00344565	0.00268360	0.00158300	0.00955418	0.01242582	0.00357643
N:A[T>C]T	0.01028534	0.00927439	0.00674351	0.00276706	0.02362579	0.01108016	0.00047201	0.00568036	0.00429263	0.01261619	0.00703211
N:A[T>G]A	0.00305125	0.00798514	0.00223515	0.00136570	0.00381236	0.00501527	0.00123766	0.00214840	0.00929505	0.00066447	0.00159294
N:A[T>G]C	0.00124007	0.01031221	0.00219985	0.00111539	0.00182417	0.00231891	0.00061079	0.00141716	0.00015210	0.00105583	0.00061773
N:A[T>G]G	0.00307510	0.00873910	0.00388845	0.00393549	0.00276802	0.00245807	0.00121529	0.00172264	0.00330938	0.00069046	0.00236966
N:A[T>G]T	0.00286423	0.02814725	0.00645009	0.00299620	0.00313541	0.00378216	0.00029406	0.00339143	0.00227329	0.00203498	0.00349629
N:C[C>A]A	0.01303363	0.00337320	0.00049708	0.03583163	0.01939515	0.00270914	0.00399068	0.03324488	0.00324521	0.00289412	0.00761491
N:C[C>A]C	0.01029065	0.00104336	0.00336029	0.03395805	0.00997556	0.00201968	0.00307885	0.01220036	0.00281212	0.00765379	0.00345227
N:C[C>A]G	0.00164529	0.00032376	0.00059051	0.00389620	0.00245867	0.00011946	0.00043357	0.00339813	0.00032199	0.00129960	0.00019518
N:C[C>A]T	0.00438713	0.00144173	0.00423299	0.03292999	0.00909775	0.00581348	0.00253014	0.02059665	0.00178161	0.01589540	0.00722899
N:C[C>G]A	0.00369553	0.00424260	0.00167118	0.00602396	0.00698209	0.00697617	0.00044136	0.00244138	0.00241209	0.00003210	0.00292671
N:C[C>G]C	0.00370411	0.00750321	0.00392248	0.00356682	0.00547508	0.00617232	0.00076606	0.00154837	0.00157418	0.00020754	0.00332203
N:C[C>G]G	0.00058562	0.00072434	0.00063441	0.00120774	0.00156220	0.00113104	0.00004850	0.00034938	0.00029311	0.00008939	0.00089391
N:C[C>G]T	0.00329670	0.01305142	0.00432220	0.00453308	0.00750389	0.01217099	0.00089777	0.00314512	0.00155558	0.00016637	0.00425334
N:C[C>T]A	0.02307083	0.00577236	0.00874859	0.00690743	0.01330700	0.00890797	0.00189618	0.00443722	0.00235797	0.00451844	0.00733212
N:C[C>T]C	0.02489835	0.00407371	0.01203420	0.00448532	0.00972197	0.00479363	0.00242844	0.00242723	0.00266544	0.00571730	0.00668379
N:C[C>T]G	0.00531262	0.00260813	0.00136784	0.00118210	0.00451875	0.00280379	0.00119503	0.00183794	0.00062841	0.01259393	0.06784277
N:C[C>T]T	0.02638975	0.00240028	0.01753991	0.01964533	0.01223666	0.00418857	0.00235460	0.00137210	0.00212172	0.00837824	0.00981922
N:C[T>A]A	0.00001844	0.00000000	0.00000000	0.00000196	0.00235072	0.00002276	0.08122913	0.00030048	0.09282475	0.00007633	0.00006003
N:C[T>A]C	0.00284666	0.00260748	0.00556713	0.00636256	0.00349484	0.00484267	0.03699852	0.00321348	0.01471633	0.00221372	0.00156518
N:C[T>A]G	0.00351985	0.00070970	0.00128997	0.00199047	0.00463364	0.00194066	0.11882079	0.00150935	0.03890362	0.00017945	0.00128361
N:C[T>A]T	0.00479067	0.00298812	0.00430240	0.00965900	0.00406130	0.00639436	0.04286424	0.00407172	0.01942926	0.00139526	0.00372749
N:C[T>C]A	0.00251784	0.00527781	0.01125821	0.00164017	0.01177738	0.00519935	0.00311622	0.00219295	0.00675038	0.01403521	0.00150469
N:C[T>C]C	0.00179414	0.00178947	0.00425823	0.00349112	0.00985247	0.00704869	0.00079780	0.00255440	0.00004475	0.00656328	0.00197816
N:C[T>C]G	0.00364849	0.00199411	0.00796186	0.00268022	0.01188570	0.00480736	0.00105033	0.00187189	0.00188255	0.01250875	0.00244319
N:C[T>C]T	0.00271734	0.00344837	0.00746842	0.00167014	0.01174937	0.00885635	0.00110323	0.00345265	0.00081612	0.01135508	0.00213849
N:C[T>G]A	0.00036884	0.00287542	0.00079743	0.00097348	0.00203083	0.00347799	0.00170608	0.00078974	0.00555473	0.00061818	0.00125699
N:C[T>G]C	0.00041261	0.00681087	0.00187854	0.00070338	0.00297529	0.00266458	0.00069539	0.00150620	0.00133861	0.00174821	0.00065364
N:C[T>G]G	0.00081729	0.00415215	0.00153855	0.00352945	0.00380826	0.00497173	0.00261258	0.00112985	0.00511983	0.00117531	0.00155744
N:C[T>G]T	0.00025042	0.01177401	0.00262030	0.00075140	0.00528691	0.00916872	0.00053912	0.00311043	0.00171665	0.00195635	0.00262922
N:G[C>A]A	0.00691639	0.00015151	0.00030626	0.00841380	0.01110892	0.00333147	0.00136604	0.05649086	0.00139391	0.00109748	0.00433987
N:G[C>A]C	0.00843716	0.00186032	0.00227755	0.01537150	0.00549559	0.00239688	0.00184864	0.01325407	0.00101079	0.00221676	0.00113481
N:G[C>A]G	0.00327207	0.00016079	0.00029626	0.00204980	0.00090950	0.00015774	0.00027851	0.00424022	0.00034563	0.00052352	0.00043840
N:G[C>A]T	0.00313532	0.00096573	0.00239067	0.01178400	0.00479094	0.00459036	0.00138990	0.03413772	0.00103035	0.00249177	0.00306205
N:G[C>G]A	0.00326422	0.00081421	0.00154852	0.00604719	0.00339463	0.00541605	0.00051199	0.00066839	0.00116820	0.00044881	0.00211625
N:G[C>G]C	0.00327617	0.00179575	0.00247379	0.00521214	0.00336013	0.00441353	0.00013602	0.00051160	0.00176071	0.00088669	0.00086431
N:G[C>G]G	0.00081537	0.00027580	0.00067883	0.00129919	0.00059804	0.00049117	0.00004606	0.00026886	0.00032330	0.00019932	0.00010206
N:G[C>G]T	0.00269925	0.00381846	0.00155414	0.00560622	0.00407751	0.00694884	0.00060763	0.00242335	0.00038123	0.00080180	0.00062712
N:G[C>T]A	0.02468455	0.00327549	0.00666075	0.00245816	0.00704668	0.00702404	0.00031718	0.00589833	0.00191292	0.01832794	0.00756887
N:G[C>T]C	0.02242601	0.00025156	0.00917936	0.00351214	0.00415204	0.00358066	0.00057122	0.00377828	0.00190464	0.02044476	0.00582812
N:G[C>T]G	0.00728563	0.00028272	0.00127418	0.00042820	0.00129983	0.00326108	0.00051050	0.00217033	0.00144679	0.02452920	0.07943851
N:G[C>T]T	0.01988875	0.00153217	0.01205340	0.01028118	0.00590328	0.00113070	0.00033056	0.00228240	0.00267174	0.01724059	0.00578358
N:G[T>A]A	0.00133511	0.00201190	0.00164393	0.00277748	0.00001283	0.00056218	0.03413541	0.00069443	0.03202838	0.00165849	0.00071379
N:G[T>A]C	0.00165469	0.00207091	0.00177139	0.00282134	0.00193174	0.00204568	0.00648240	0.00141328	0.00295651	0.00276601	0.00078721
N:G[T>A]G	0.00286332	0.00354277	0.00171221	0.00420198	0.00299477	0.00091560	0.02371329	0.00273871	0.00089066	0.00130181	0.00145789
N:G[T>A]T	0.00247371	0.00256317	0.00306326	0.00736993	0.00122521	0.00361142	0.00694533	0.00366002	0.00291246	0.00247977	0.00154593
N:G[T>C]A	0.00121957	0.00444900	0.00009204	0.00096884	0.01562135	0.00317268	0.00052290	0.00327747	0.00453644	0.03274371	0.00056199
N:G[T>C]C	0.00161848	0.00040474	0.00048987	0.00134276	0.00914244	0.00435302	0.00017816	0.00163303	0.00071846	0.00803886	0.00084950
N:G[T>C]G	0.00197691	0.00230271	0.00068049	0.00118444	0.01092706	0.00448760	0.00079230	0.00137410	0.00048681	0.01527125	0.00163030
N:G[T>C]T	0.00601550	0.00124305	0.00064862	0.00085077	0.01229228	0.00693616	0.00031314	0.00342983	0.00107437	0.02021566	0.00162763
N:G[T>G]A	0.00063596	0.00225344	0.00033330	0.00056527	0.00116426	0.00252610	0.00072280	0.00069356	0.00227091	0.00001903	0.00060178
N:G[T>G]C	0.00030497	0.00205571	0.00012345	0.00051077	0.00109806	0.00225424	0.00015913	0.00017353	0.00016197	0.00029670	0.00034427
N:G[T>G]G	0.00140929	0.00193373	0.00124723	0.00219570	0.00224959	0.00241098	0.00078458	0.00123975	0.00042239	0.00016641	0.00137842
N:G[T>G]T	0.00042845	0.00517670	0.00050497	0.00097093	0.00208170	0.00443690	0.00009536	0.00089345	0.00044754	0.00098813	0.00234397
N:T[C>A]A	0.01596943	0.01127141	0.00533040	0.02118665	0.00735637	0.01478240	0.00322155	0.04731808	0.00330268	0.00252880	0.00401551
N:T[C>A]C	0.02192088	0.00771679	0.00323989	0.02352964	0.00545615	0.01199709	0.00330645	0.02861170	0.00313971	0.00290902	0.00226865
N:T[C>A]G	0.00444971	0.00066354	0.00043824	0.00112069	0.00089807	0.00154643	0.00027726	0.00506876	0.00062880	0.00005462	0.00059160
N:T[C>A]T	0.00931050	0.00475388	0.00839327	0.02083963	0.00162180	0.02391401	0.00272559	0.07178193	0.00311634	0.00607492	0.00758415
N:T[C>G]A	0.00689488	0.00207179	0.00096844	0.00662653	0.00458914	0.03093228	0.00073565	0.00785500	0.00351598	0.00171395	0.00159104
N:T[C>G]C	0.00641073	0.00932548	0.00467301	0.00642291	0.00682882	0.01625370	0.00100282	0.00494671	0.00319217	0.00060934	0.00250101
N:T[C>G]G	0.00070222	0.00066565	0.00096615	0.00154967	0.00087033	0.00138814	0.00014469	0.00010511	0.00031112	0.00024964	0.00015166
N:T[C>G]T	0.00900341	0.01156004	0.00299610	0.00779180	0.00820149	0.05378470	0.00118697	0.01456292	0.00305977	0.00210751	0.00404005
N:T[C>T]A	0.02756676	0.01124478	0.01040491	0.00737800	0.00598882	0.03230704	0.00109298	0.01351923	0.00370984	0.00803789	0.00601421
N:T[C>T]C	0.03547226	0.00440782	0.00947284	0.00350931	0.00770681	0.01780959	0.00165650	0.01222432	0.00312607	0.00605535	0.00755964
N:T[C>T]G	0.00563887	0.00199014	0.00164930	0.00038648	0.00162968	0.00261246	0.00027309	0.00282633	0.00098351	0.00919357	0.05128821
N:T[C>T]T	0.02423223	0.00180973	0.01544825	0.01342779	0.00519286	0.01980241	0.00098527	0.01175015	0.00318424	0.00857620	0.00735780
N:T[T>A]A	0.00115167	0.00681188	0.00429994	0.00385970	0.00021228	0.00606931	0.04407619	0.00355264	0.10305963	0.00451612	0.00290531
N:T[T>A]C	0.00145781	0.00951165	0.00772938	0.00696181	0.00378585	0.00588859	0.01674573	0.00612350	0.00928798	0.00351612	0.00083060
N:T[T>A]G	0.00265372	0.00522765	0.00339701	0.00176396	0.00317520	0.00100238	0.04796662	0.00139943	0.03969619	0.00066460	0.00104578
N:T[T>A]T	0.00308073	0.02315431	0.01462836	0.01929230	0.00050304	0.00717608	0.02063152	0.00814754	0.03029761	0.00575723	0.00333678
N:T[T>C]A	0.00009103	0.00759858	0.00638436	0.00185094	0.02243094	0.00338049	0.00157993	0.00344845	0.01955741	0.03327960	0.00190871
N:T[T>C]C	0.00010669	0.00082537	0.00123674	0.00422142	0.01196385	0.01148942	0.00012597	0.00370069	0.00096268	0.01120301	0.00038555
N:T[T>C]G	0.00213433	0.00238429	0.00180861	0.00086955	0.01391306	0.00334399	0.00038447	0.00273592	0.00429486	0.01324838	0.00121063
N:T[T>C]T	0.00263449	0.00394161	0.00262904	0.00306834	0.01703715	0.00845904	0.00021590	0.00377726	0.00281812	0.02827046	0.00152297
N:T[T>G]A	0.00208082	0.00959003	0.00186157	0.00076326	0.00311727	0.00731554	0.00088139	0.00321380	0.01027179	0.00097198	0.00107852
N:T[T>G]C	0.00213110	0.01693302	0.00291077	0.00087676	0.00432757	0.00403808	0.00091288	0.00231624	0.00105674	0.00108920	0.00089539
N:T[T>G]G	0.00138222	0.00897005	0.00350562	0.00382416	0.00321246	0.00707710	0.00170688	0.00227544	0.00570817	0.00083023	0.00183850
N:T[T>G]T	0.00388434	0.03204407	0.00750545	0.00138201	0.00807450	0.01271037	0.00101438	0.00606568	0.00314996	0.00277034	0.00399355
