Type	Signature_1A	Signature_1B	Signature_2	Signature_3	Signature_4	Signature_5	Signature_6	Signature_7	Signature_8	Signature_9	Signature_10	Signature_11	Signature_12	Signature_13	Signature_14	Signature_15	Signature_16	Signature_17	Signature_18	Signature_19	Signature_20	Signature_21
A[C>A]A	0.00614715979589119	0.00722517416918834	0.00882503358458871	0.020494957869673	0.0262286108721406	0.0124197862769288	0.000935482644432596	0.000274504262216006	0.0309657691805211	0.0119644051754812	0.000471476125758347	0.00014336154864342	0.00719691045754492	0.000590699873890674	6.37696372412205e-05	0.000774467678273958	0.015021899677586	0.00154110333135826	0.0353881870364948	0.00770186371048747	0.0009010020463968	8.37252584538305e-05
A[C>A]C	0.00703895367933746	0.00900661771785803	0.00714694932184394	0.0234512401568495	0.0309531394824325	0.0103414553335704	0.00214787322617262	0.000478324806999375	0.0336650876951454	0.00931211795559692	0.000938913245853731	0.000999232354826387	0.00612374406997402	0.000117633938521915	0.00373359354216986	0.00332187844368207	0.0126163728546131	0.000358050519914075	0.00749834989035569	0.00742518999990699	0.00231876889863974	0.000816993002216378
A[C>A]G	0.00186642442959854	0.00251998313972576	0.00247704040732234	0.0036783416123378	0.0298123482913598	0.0041573176201129	0.000623762825878041	0	0.00324299027299783	0.00113016679012867	0.0004580844947228	0	0.00360219290634367	0.000191307285410475	0.000722847397809039	0	0.00465354944953238	0	0.0027277207167901	0.000815914642323995	0	0
A[C>A]T	0.00339446062425011	0.00456944579270097	0.00305282941397647	0.0144190942551587	0.0171420376548436	0.00752817016174792	0.00102639413060637	0.00026947770358854	0.024781583519283	0.00665568139609017	0.00608307595399571	0.000140736397312934	0.00422072397688264	0.00016568095127566	0.0185301699800898	0.00333356207472418	0.00806037781522599	0.0026895707815618	0.0125759450236489	0.00522898645597045	0.0019731230435645	0.00049315278819404
A[C>G]A	0.000987936395768224	0.00354311425604427	0.00403430106724054	0.0184454620827057	0.00697034316328118	0.00975244962685016	0.000715369081036692	0	0.00715241951180514	0.00478576207019249	0.000336768661255962	0.000501765420251969	0.00289745745693367	0.00151894253286173	6.37696372412205e-05	0.000655318804693351	0.00447857878586415	0.00136986962787401	0.000990869237021853	0.00417484201129227	0.000346539248614153	0.000418626292269152
A[C>G]C	0.00198926951807363	0.00416435012761177	0.00363205621274037	0.0129755592746021	0.00540928651149306	0.00848231729607458	0.000920517096931121	0	0.00434009841365986	0.00319669720863775	0.000281673973756118	0.000299769706447917	0.00195438640531086	0.00164687513930681	0	8.30469610920517e-05	0.00312157678877025	0.00190960277287506	0.0016772624754743	0.00190646770267882	0.00212553815708642	0.00093370628824729
A[C>G]G	0.000746569771839414	0.00188998735479432	0.000381083139588052	0.0073566832246756	0.00505017921875495	0.00434628660284529	0	0	0.00152611306964604	0	0	0	0	0.00133915099787332	0	0.00081035229565913	0	0	0.00433226231490194	0	0	0
A[C>G]T	0.00161640982107148	0.00368283690755003	0.00511555199098759	0.0174370442155408	0.00380934170107636	0.00957386857526639	0.000972373386890241	6.73694258971351e-05	0.0066910275502064	0.00371935136840333	0.000132240781608602	0.000633313787908201	0.00229387172656665	0.00115976665892962	6.26019256084112e-05	0.000584835451705993	0.00668644977853974	0.00100858904308567	0.00298765544760721	0.00508766249770098	0.00040823235384093	0.00147945836458212
A[C>T]A	0.0163009505301757	0.0184102995657202	0.0062195474786625	0.0157981966912062	0.00862310494426539	0.018254585198976	0.0171688579448806	0	0.0192694596259221	0.00927241401099793	0	0.0161281742223847	0.0113094307189992	0.00109701405151125	0.0186845037116776	0.00697020910446565	0.0125960028352429	0.00813360091550192	0.00247717309255464	0.0159075876637171	0.0205151235179579	0.00426998818114535
A[C>T]C	0.0110174927154847	0.0159794830478127	0.00421787173092429	0.011308973679699	0.00751289793262924	0.0148731042999664	0.0125036905666477	0.0188459973957754	0.00750719725606029	0.00778326276885712	0.00300452238673193	0.10981563579542	0.00703579105911909	0.00188214301635064	0.0285353220722982	0.0140349364245568	0.0098849931644391	0.00513205745210174	0.00138127497980236	0.0203691022970422	0.0215452276831942	0.00723622373391649
A[C>T]G	0.212772384974233	0.105996790814715	0.00914599535011325	0.00387193853930294	0.00456145219758511	0.0313688511335792	0.113275329179452	0.000155579285232369	0.0558938911757861	0.0282541697532168	0.0192395487783575	0.0117003231229556	0.00402598030708999	0.007652291416419	0.0717064618626566	0.0417331432264452	0.00740337412425606	0.018245248333754	0.0144408743830065	0.060051317675046	0.0535796010034036	0.0485913688161011
A[C>T]T	0.00684280157586927	0.0129581298598983	0.00379540954170047	0.0123232956715601	0.00416205852525009	0.0135016095292218	0.00804909081370255	0.00289688531357681	0.0171818979067028	0.00743870273680665	0.00310765836780216	0.0449652789414823	0.00614757622719863	0.000994085707653959	0.01734073339353	0.00385991398125957	0.00925111544702078	0.00487484704158075	0.0033350572438406	0.0187960864498397	0.0123830480665082	0.0024657639409702
A[T>A]A	0.0010894676073338	0.00158588124702836	0.000875879200189734	0.00411060146889388	0.00171167581161955	0.00359869431073462	0.000163846026768778	0.000340554757290528	0.00471856940769868	0.00598677707466816	0	7.11427312769895e-05	0.00269017924877549	8.37522888134714e-05	0	0.000620836283792813	0.00375043679432107	0.00025492260932903	0.00101855423342834	0.000392918599450522	3.43938090434658e-05	0.00344851754483829
A[T>A]C	0.00124734064669613	0.00861196272106433	0.00208374333305459	0.00776290683671665	0.00289502918595679	0.0062857431100717	0.0018758869709629	0.000567133108564867	0.0081708609721293	0.00432578639322965	0.000139154602688851	7.40471933609153e-05	0.00627588019823755	0.000523029280395047	0.000526999068192368	0.00553870670889074	0.00703603117747396	0.00168042358752332	0.000584903486990359	0.00394088566432298	0.00136032268303394	0.025254877259513
A[T>A]G	0.00149508663321036	0.00540700555235559	0.00237124764670815	0.0065631862181064	0.00699091904067017	0.00924452396474245	0	0.000600874062401093	0.0085955802606048	0.00659584780362536	0	0.000488149192625399	0.0041827802918848	0.00049257451200237	0	0.000521620080656949	0.00726174200861624	0.000916228478544128	0.00302965260760033	0.00315120322717457	0.000134854135096885	0.00219923737868145
A[T>A]T	0.00245004383310142	0.00336276696635957	0.00113007263425382	0.00454684620433624	0.00115942580475525	0.00488645196342349	0.00156856299354454	0.00129180341089399	0.0119475061353586	0.00992021023711684	0.000434692546909797	0.00011565468353767	0.00301610117840008	0.000589999267188368	0.000308670935166431	0.00253119916383973	0.00421519382237075	0.000920934052161702	0	0.00127751283820088	0.00197559344476817	0.00193626249890714
A[T>C]A	0.00381313662566828	0.0111011687291985	0.00212713520046078	0.00584807219285933	0.00299543267033421	0.0145602344526275	0.00204807533460972	0.000170277378645264	0.00684818922887242	0.012468329114185	0.00103614661044842	0.000213428193830969	0.0216141987918858	0.00125628433220207	0.000822782687750901	0.00339981774457968	0.0331983108830643	0.00114715174198064	0.000667328635694425	0.00517938153821146	0.00567497849217188	0.0110103271009897
A[T>C]C	0.00357193003372074	0.00825313094101999	0.00156280749979095	0.00785112168713388	0.00148463035177272	0.0118826376601355	0.00318332334466431	7.08916385706084e-05	0.00651930396712444	0.0108144659830741	0.00361801966991012	0.00111070790041373	0.0306069849667892	0	0.00303024464210612	0.00449250655276693	0.0164816620732609	0.00725235443036381	0.00102358110223313	0.00356910399787741	0.0148203576520013	0.0142707354377385
A[T>C]G	0.00544638702098059	0.0122333500622045	0.00204417900578289	0.0106340232394635	0.00566264442294284	0.0231113099118562	0.0116171178307748	0.000467346492978628	0.00695832687763247	0.0170716060799715	0.00170367543474324	0.000557884791571884	0.0442829130901717	0.000656766016003159	0.002171370024102	0.00423091843199525	0.0315885777374806	0.00374820741222597	0.0024099509378639	0.00945360968152371	0.0391076991780968	0.0182455249194313
A[T>C]T	0.00271571123669073	0.0114707717630265	0.00311900047054055	0.00803735440160445	0.0013913109657063	0.0121488851567685	0.000680697148141967	0.000405995357709539	0.00896062960151893	0.0132448212355019	0.00144897515636599	0.00011565468353767	0.0125670882433337	0.000589999267188368	0.000857419264351197	0.00201855123192283	0.0249398967823603	0.00142744778085063	0.00205551831729825	0.00619400163976187	0.0029820278411595	0.00851054912310349
A[T>G]A	0.000435787042933518	0.000344756792832252	4.17085333423683e-05	0.000339018677846919	0	0.00136502197993382	0	0	0.00225489157536043	0.0165749613224284	0	0	0.000556588810091479	4.18761444067357e-05	0	0	0.00240768781857649	0	0	0.000500078217482486	0	0
A[T>G]C	0.00102055143820593	0.000645897204079823	0.000434113194386373	0.000882148504172346	0.000148463035177272	0.00189433354002161	0.000966366015344525	0	0.00069539242315994	0.00525274062035029	0.00278309205377701	0	0.000965520030498082	0	0.00131749767048092	0.000369247113926049	0.00404812752676584	0.00574881753626399	0.000804242294611744	0	0.000286383722743986	0.00268116847618117
A[T>G]G	0.000747543316605179	0.00250074006796446	0.00139004172393237	0.00672934283122301	0.00104863785610053	0.00446007735141085	0.000374745736476607	0.000600874062401093	0.00499362281806566	0.00504388361453703	0.000982889673890332	6.97355989464857e-05	0.00163674011421579	0	0.000434274004820401	0.000695493440875929	0.00553707828156988	0.00291527243173131	0.00192796075029112	0.000700267383816572	0.000471989472839099	0.00130325177995937
A[T>G]T	0.000944595212761996	0.00134510678654383	0.000271217432220917	0.00293937532401535	7.72950536503496e-05	0.00165870387749238	0.000858270317222481	0	0.00190073961244341	0.0103491923014246	0.00496273991055349	0	0.00150805058920004	0	0.00192061915214668	0.000929174376599396	0.00381374679166877	0.014090290998074	0	0.000658112674224695	0.000149101392057975	0.000810528487914615
C[C>A]A	0.00487078461930911	0.00828180754273301	0.00679085638403552	0.0219434627269866	0.043878421333641	0.0107094515758806	0.00736166126510174	0.00109078206870493	0.0337710314468209	0.0129420652426768	0.00276561042199337	0.000664612295013425	0.0167130913061491	0.00391205115981765	0.00473009231388561	0.00836437419856896	0.0196500540232745	0.00113403614580662	0.0904655579661022	0.0106781918013158	0.0163406779402249	0.00221796217617586
C[C>A]C	0.00600546617682897	0.00482804561621591	0.0014913062545112	0.0203291953755148	0.0652393044472512	0.0061624922180605	0.0196093131191918	0.000608833970955053	0.0252573985325022	0.00840317188712457	0.000896319203223192	0.00180181473813893	0.0154786087326226	0.00137252432077361	0.00961773139151518	0.0073994213242306	0.0137961372642604	0.000506381430107486	0.0229187511960799	0.0169226238557022	0.0384301622718543	0.00173317756227287
C[C>A]G	0.00150084936077168	0.00274407797904287	0.00153220344038954	0.00467031752491851	0.0192133552440482	0.00709126965654592	0.0152148025482632	0	0	0	0.00143251052394578	0.00217791438358136	0.00795154498977861	0.00358950852275198	0.0017437915584461	0.00271512181628456	0.00623677069899937	0.000780402449543515	0.0412883619595691	0.00393661254093087	0.0277967788141157	0.0068684442269087
C[C>A]T	0.00541691728764937	0.00920479076672336	0.00124994993111702	0.0181262641525244	0.0419700064893756	0.0125090318085302	0.0424811031084687	0.00120616109788607	0.0336743040322992	0.0122665977033895	0.0145698309519067	0.0013567617387777	0.00897194467590584	0.00125497301444246	0.108373247655742	0.0183640157391731	0.010596224019377	0	0.0386582810216229	0.00934235032367615	0.0997004037539151	0.00633895090081509
C[C>G]A	0.000945077612701767	0.00193242175997104	0.00467567160868019	0.01730592678984	0.00999400052067748	0.00839091051306109	0	9.0898505725411e-05	0.00601859966378986	0.00237711402416512	0	0	0.00235221285049505	0.00581219029458624	0	0.000710182714972835	0.00494340981717597	0.00215466867703257	9.3746692192852e-05	0.000190681996452067	0	0.000110898108808793
C[C>G]C	0.000568084638348686	0.00318445561920624	0.00223695938176679	0.0156572684879741	0.0103065350673996	0.00949023801581315	0	0.000405889313970035	0.00485240661461865	0.00294848136390336	0	0.000211978204486934	0.00262583540999849	0.000499099753008585	0	0.00026426504729395	0.00689806863213022	0.0008861675026881	0.00408142144587726	0.00298008470414883	0.000614882596349669	0
C[C>G]G	0.000833805200428708	0.00253299505757805	0.000510734480129848	0.00752440045681316	0.0137550156860799	0.00658475039536409	0	0.00125106094352045	0.00281232076646175	0	0	0.00174233150686509	0	0.000256393465910856	0	0.000724032484342548	0.00793770816236285	0	0.0124725260086198	0.000437401393436763	0	0
C[C>G]T	0.00103886084968618	0.00347527814662003	0.00499979972446811	0.025168952772295	0.00913236252315116	0.0107059281244177	0.000148795457472745	0.000278344868742938	0.00784975330482652	0.00525711330145265	0	0.000193823105539672	0.00240094294143959	0.00467762669019464	0	0.00136924678756993	0.0100916419232162	0.00104177667048067	0.00554995123577756	0.00077852919363968	9.37033869867622e-05	0.000339586655400808
C[C>T]A	0.0153393366369287	0.0228209807844199	0.0151402699709645	0.01730592678984	0.0199880010413549	0.0252831382564604	0.00619545750033316	0.0685374733169599	0.00590714411446041	0.0129420652426768	0.00107055887302969	0.0294328302077375	0.0231507264759249	0.00603573607514724	0.00506795605059172	0.0040243687181794	0.0259529015401739	0.024495180749423	0.00618728168472823	0.0417593572230026	0.0100981717608132	0.00377053569949896
C[C>T]C	0.0150948203904079	0.0187985605907981	0.00758080679376524	0.0123742928372699	0.0153004231928407	0.0216919726075729	0.00805527800331943	0.102182634791956	0.00311051706065299	0.0101722607054666	0.00239018454192851	0.160891457205582	0.0129909751863083	0.00249549876504292	0.0157466778665004	0.00775177472062254	0.0135202145189752	0.00493721894354799	0.00366281411809497	0.0801429922222881	0.0190613604868397	0.0112656541547736
C[C>T]G	0.158422988081455	0.0943540658947823	0.0125129947631813	0.00570816586378929	0.0165933522562234	0.0326704923462295	0.150643264791046	0.0433701127087089	0.0332365181490934	0.0230229819648629	0.0223062353014414	0.0294018441783482	0.0130632524832077	0.0110249190341668	0.0567701029583007	0.0280562587682738	0.00453583323563593	0.0348579760796101	0.0402131442002053	0.0520507658189746	0.0974993075070879	0.0808950097835915
C[C>T]T	0.0127631475818588	0.0212273746253008	0.0117040766277322	0.0190498954469205	0.0195277113526956	0.0231022659526909	0.0064726024000644	0.0731119188564784	0.0184298555852449	0.0130753843651515	0.00391564206832493	0.079079827060186	0.0259049106839535	0.0037649190433274	0.0160361368846206	0.00773221715333608	0.0266167055724827	0.0113437904119007	0.0018180874737892	0.112789416928549	0.0131184741781467	0.00452782207201078
C[T>A]A	0.000498933565667962	0.000736797278136612	0.0001910087745538	0.00459302842070057	0.00408271143080442	0.00315720552558099	4.16861521301183e-05	0	0.00599193237124084	0.0041541057810982	0	0.000217203928159935	0.00120367514114439	6.39254558974011e-05	0	0.000722079347563682	0.00381678535258208	0	0.000160847590742136	0.00234469038750578	0	0
C[T>A]C	0.00139560968397078	0.00409092531548861	0.00179970342698121	0.0151999207074	0.0106747889531775	0.00691629385106954	0.00191475871320444	0.00128579291891435	0.014864896099882	0.00653822465914052	9.01395860636832e-05	0.00105523519204324	0.0107574099332825	0.0011293348530582	0.00290166156226041	0.00342832743471142	0.0159831672541746	0.011801857651702	0.00217856257585547	0.00510554154361202	0.00426672006292552	0.00414583595965276
C[T>A]G	0.00121921362514461	0.00288074675199206	0.00398298906705655	0.014543391551713	0.0363949058135098	0.0129613196529448	0.000651941861976417	0.000711408760709671	0.0150782691787912	0.00753029708519922	0.000299236791255275	0.000636921642967818	0.00429090733966541	0.000499874402119888	0.000188875666720388	0.00238207690043632	0.0179628151936648	0.00570563303689201	0.00681292698423118	0.00223853255402342	0.00123167390234684	0.00309976359752251
C[T>A]T	0.00133594116375679	0.0046118418133341	0.0023247445982252	0.0154003844811657	0.00914299404064857	0.00903778697462962	0.000669711365456393	0.00136668924475681	0.019085172315653	0.00761144524574601	0.000670675352862094	0.000317227515782558	0.00558415294618154	9.33634752437255e-05	0.00141108154842158	0.000461387852467251	0.0099101079467961	0.0298385681340268	0.0029756378692812	0.00175203550624386	0.00191703748318967	0.000926327735675602
C[T>C]A	0.00174626747983786	0.00421027016078064	0.00108238305580486	0.00498117166752034	0.00283067992535773	0.00902960780316163	0.00258454143206733	0.000519869210173136	0.00388838164516693	0.011631496187075	0.000255115394602411	5.43009820399836e-05	0.022090979061003	0.000511403647179209	0.000289847923042011	0.00144415869512736	0.0103194566940182	0.0048643578136136	0	0.00359882710640423	0.00777050306890512	0.0138901075204155
C[T>C]C	0.00389301648686585	0.00911160638449736	0.00213714781954019	0.0158856314160045	0.00250040101605958	0.0140556939553994	0.00294578263569914	0.000734738810808203	0.0121621877180853	0.0157451124444608	0.00171265213520998	0.00038372188801572	0.0481581723757414	0.00124226833836402	0.00452317831764123	0.00398642724966443	0.0242244878696083	0.0460616191843126	0.00322048380778633	0.00674316807646871	0.0181799376594218	0.0112049620531156
C[T>C]G	0.00577094449235116	0.0122431736959662	0.00136915249180069	0.0112553204182822	0.0106417853255877	0.0233303753753006	0.0220030378417041	0.00101629822958524	0.0100937173841495	0.0227385441396212	0.00149618395627637	0.000106153607161303	0.0574427918051983	0.000499874402119888	0.0015110053337631	0.0112928090094759	0.0262533452830485	0.0367696351266373	0.00262035653239661	0.00426387153147317	0.0810851985711673	0.0261620047630899
C[T>C]T	0.00412927268797556	0.0122213808053354	0.00334763222144429	0.0110542637073398	0.00429323198430454	0.017614462368921	0.00200913409636919	0.00341672311189203	0.0110787097832327	0.030335470182321	0.00149038967302687	0.000713761910510755	0.0335049176770892	0.000373453900974901	0.00190496009036914	0.00230693926233625	0.0271495665625768	0.0973779302913633	0.000704756337461338	0.00422081281049659	0.00843496492603454	0.0188970858077822
C[T>G]A	0.00012473339141699	0.000473655393087822	6.3669591517933e-05	0.000452833787956394	0	0.0012628822102324	4.16861521301183e-05	0	0.00178483091909302	0.0163143063403129	0.00112250773625061	0	0.000920457460875124	0	0	0	0.000141362420466003	0	0	0	0	0
C[T>G]C	0.00154251596649402	0.00213843823309632	0.00134977757023591	0.00651425173174285	0.00125020050802979	0.00390435943205539	0.00294578263569914	0.000734738810808203	0.00135135419089837	0.00853972200377537	0.0016225125491463	9.59304720039303e-05	0.00612922193873073	0.00022586697061164	0.00170685974250613	0.00151484235487249	0.0102392165222056	0.0223433227386591	0.00227328268784918	0.0010596406977308	0.0084406853418744	0.00056024810265578
C[T>G]G	0.00130049453348759	0.00329228200227664	0.00174255771683724	0.0121405703388212	0.00489522124977032	0.00888776204773355	0.00407463663735261	0.00091466840662672	0.00747682769196262	0.0186042633869628	0.00369058709214839	0.00116768967877433	0.00622873646080463	0.000124968600529972	0.00047218916680097	0.000617575492705714	0.00925775859981183	0.0169901072654118	0.00670811272293531	0.00138575824772878	0.0171407951409936	0.000495962175603601
C[T>G]T	0.00170028875387229	0.00545734614577868	0.00102288762321909	0.00982601218430202	0.000954051552067676	0.0106977886638473	0.00523592522084091	0.000987053343435478	0.00716857691856235	0.0561481975374597	0.0135625460245445	0.000713761910510755	0.00651484510387847	0.000560180851462352	0.00444490687752797	0.00296606476586089	0.0192008341469175	0.245434063604011	0.00164443145407645	0.00151312157357424	0.00130358548856898	0.00296424875416192
G[C>A]A	0.0061362044961838	0.015814917764453	0.0105287125359002	0.0123079243420031	0.0363944803251253	0.013361033948839	0.00177894821928004	0.000277316434366892	0.0302629016864081	0.0158473673549406	0.00127014982843543	0.000386213927843734	0.0078057082655115	0.00102300227525543	0.00154615028075794	0.00192591199938195	0.0120652261391821	0.00761146827832579	0.13404137752844	0.00310261067151309	0.00112028603730152	0.000112777314535064
G[C>A]C	0.00509827082375944	0.00745466637896125	0.00578807235439235	0.016001477236408	0.045919140374097	0.0124150716609637	0.00511155731625919	0.000109907550497155	0.0154978096351618	0.0146904845720421	0.00237313680616561	0.00114799795964394	0.00838265956926384	0.000540589066219744	0.0116427943352308	0.0094456873832734	0.0140464074790633	0.00178254718442303	0.0172294068206393	0.0035736512970584	0.00377398152844827	0.00509540280198791
G[C>A]G	0.0009631757577383	0.00304792343467898	0.00270406773175824	0.00249766162332073	0.0477096351564748	0.00682627371203175	0.00337990054182349	0	0	0	0.000393993878808962	0	0.00410057203857945	0.000493624431463657	0.00205165552641743	0.00226517161244564	0.00982424749388838	0.00325537046696495	0.0200797294377855	0	0.00831120691379844	0.000734641679754657
G[C>A]T	0.00364625328445828	0.00830764326919086	0.00335018408622669	0.0170195234709713	0.0273703260448196	0.0127979094419386	0.00706779436433224	0.000101313411672074	0.0252178426700629	0.0125114208014374	0.00875028458407616	0.000634938669953077	0.00372560645810369	0.00124579526983364	0.0692898466635419	0.0271766714556854	0.00867795452798974	0.00391830995372345	0.0802467345970418	0.00765107373580975	0.0137108715717308	0.00284290385435843
G[C>G]A	0.000443581047916901	0.00215232608628651	0.00283029906879037	0.0127680336631995	0.00677556814563502	0.00628754538768897	0	0	0.00374035863539875	0.0014772969568165	0	0	0.00151078224493771	0.00113666919472825	0.000171794475639771	0.00176541933276679	0.00389606260744423	0.00149922860027629	0.000858017352600261	0.00193913166969568	0.00130700037685177	0.000451109258140257
G[C>G]C	0.00210962930638321	0.00322664664163994	0.00309594567793079	0.0123088286433907	0.0104727864011098	0.00720875128701116	0.00264390895668579	0.00043963020198862	0.00336908905112212	0.00463069622379589	0.000215739709651419	0.000229599591928787	0.00164659384396254	0.0014866199321043	0.000102129774870446	0.000477054918347142	0.00478175573755347	0.000274238028372773	0.000340054081986304	0	0.00210898967766227	0.00563176099167084
G[C>G]G	0	0.000406389791290529	0.000245824339250749	0.00274742778565281	0.0130308254612398	0.00268175038686962	0	0	0	0	0	0	0	0	0	0.00104546382112875	0	0	0.00103503759988585	0	0	0
G[C>G]T	0.000729250656891655	0.00369228589741816	0.00483915479121633	0.0206755692536244	0.00636519210344642	0.00750646611498322	0.00138106326659366	0	0.00546593634227965	0.00647650017956758	0.000397740208367098	0	0.0012418688193679	0.00161953385078374	0.000282431440204654	0.00158310707508847	0.00399461398907463	0.00227514771506522	0.00156731903509848	0	0.00122783924522963	0.000494418061627553
G[C>T]A	0.0184825436632042	0.021616840257921	0.00622665795133884	0.0208199467841362	0.00842106326671782	0.0226800744341637	0.048402216132911	0	0.00408039123861682	0.00832658284751113	0	0.0252004587918037	0.015611416531023	0.00431934293996736	0.0478447614656762	0.0381972546544088	0.0157099298687267	0.00242183081583093	0.00305072836480092	0.0362617622233092	0.0508796575274442	0.0183827022692154
G[C>T]C	0.0239091321390098	0.0282609740336739	0.00390358368086926	0.0134029467450254	0.00920684518778887	0.0242961617451117	0.0681247207839371	0.0230805856044025	0.00336908905112212	0.0110178634290316	0.014454560546645	0.111929801065284	0.0137715121495049	0.00310838713076353	0.0631162008699358	0.128327773035381	0.0137475477454662	0.000411357042559159	0.00578091939376716	0.070781351496576	0.0587187126043863	0.0525631025889278
G[C>T]G	0.164703054573249	0.0995654988661797	0.004916486785015	0.00224789546098866	0.00483401589691154	0.0324248001321507	0.21550889645246	0.000401436547780032	0.043561731381673	0.0256619911507629	0.05318917363921	0.0188687447825034	0.00628754379248846	0.00789799090341852	0.182410827712386	0.31869222147408	0.0024560618734721	0.0190313965761028	0.0277390076769407	0.0585267839434853	0	0.00465273063844616
G[C>T]T	0.0143419295855358	0.0236921678417665	0.00508731657538127	0.0147502536748417	0.00869909587471012	0.0241191370251919	0.0425692442173574	0.0163114592792039	0.00658396877592776	0.0148665117758256	0.0151141279179497	0.0552396642859178	0.0158683238030342	0.00298990864760074	0.0522498164378611	0.0703603144483766	0.0159784559562986	0.00113757385753261	0.0016718069707717	0.0974449252185768	0.0503414090544148	0.0205183495575434
G[T>A]A	0.000364119824723507	0.00111931856638229	0.000318622810373307	0.00364198461485046	0.00469917178001273	0.00529288504329642	0	0	0.00502417094774131	0.00283479021861717	0	0.000203804489998223	0.0013287290744405	0.000159951618400818	0	0	0.00265283379099609	0	0.0014086315432352	0.00177367973632176	0	0
G[T>A]C	0.000418078139745498	0.00317517167412808	0.001536523791745	0.00806600437460012	0.00569267964559145	0.00507947492654859	0.00234733903082192	0	0.00705062665599487	0.00440492825642098	0.000102610697954248	0.000327608316742746	0.00555329771326345	0	0.00242876183951001	0.00344885167798098	0.00568577864582594	0.00339127944550515	0.00161737432349307	0	0.00422350868827578	0.018112392328188
G[T>A]G	0.000845690074226565	0.00178409708716312	0.00151087526265277	0.00942991431687314	0.0122717803593551	0.00727797021536422	0.000423947004350485	0.000528705536598846	0.00669883452938772	0.00358460581115804	0	0.000368159648433277	0.00228025009393897	0.000433413402206881	0	0.00198887184781653	0.00611002045986956	0.0039576306620642	0.00127230095307031	0.00147878671857706	0.000711944139250059	0.00333266528675167
G[T>A]T	0.00106028845050785	0.00140600193389298	0.00146902411340149	0.00691300253669749	0.00297470014885022	0.00391062602398484	0.00106305164513447	0.000631302278357028	0.0107596243651431	0.00330187495909598	0.000247839151393971	6.59403038457485e-05	0.00266541798548165	7.76277670677997e-05	0.000527964487834937	0.00235654998881195	0.00283244298771756	0.00307165274919204	0.00253922492564834	0.00344321111097575	0.00114763341818737	0.00315782900511763
G[T>C]A	0.00587793431339378	0.00763770315884383	0.00103552413371325	0.00655557230673083	0.00415434026928662	0.012955718613442	0.00636262677637873	0.000130079512702119	0.00542291467375252	0.00859886366313874	0.00408537046636188	0.000679348299994077	0.050757450643627	0.000639806473603272	0.00471409525742165	0.0110099250241307	0.0142368746783457	0	0.000268310770140037	0.00266051960448264	0.000131371822726501	0.113152936021515
G[T>C]C	0.00585309395643697	0.0104780665246227	0.00102434919449667	0.00832619806410334	0.00175159373710506	0.0121907398237167	0.00494617867208904	0.000104549046489186	0.00730701307984923	0.0147337255473391	0.010363680493379	0.00174724435596131	0.0390154762419022	0.00128558209058659	0.0123381101447108	0.0452888680871712	0.0140723021484193	0.0127825148330578	0.00269562387248846	0.00328976050034421	0.00137264032368963	0.0848221190017253
G[T>C]G	0.0035237086426107	0.00900969029017376	0.00107919661618055	0.00756586148679357	0.00387529906084898	0.0151981142732606	0.00812565091671761	0.000264352768299423	0.00572642306544434	0.012034033794602	0.00467012960423937	0.00174875833005807	0.0492053967639463	0.00010835335055172	0.00671430872108843	0.0117802409447594	0.0177310397658959	0.00516690669769492	0.00599799020733144	0.00554545019466399	0.0255409959955958	0.095034713338338
G[T>C]T	0.00540242210496858	0.00926683092793105	0.00131438999620133	0.00675588884268164	0.00158650674605346	0.0120385938385415	0.00212610329026894	0.00511354845469194	0.00549592323687165	0.0115565623568359	0.0076830136932131	0.00151662698845222	0.0348223962619377	0.000543394369474599	0.00504499399486718	0.00515152788251916	0.0121880880077543	0.00645834680599352	0.00312519990849026	0.00655534423051153	0.000446301884850643	0.0772512802959269
G[T>G]A	5.20171178176438e-05	0.000329211343053614	0	0.00291358769188037	0	0.00126397254765288	0	0	0.000159497490404486	0.00680349652468121	0	0	0	0	0	0	0	0	0.00107324308056015	0	0	0
G[T>G]C	0.000167231255898199	0.000952551502238422	0.000640218246560418	0.00598445485857428	0	0.000380960619491145	0.0013413365890411	0	0	0.000911364466845718	0.00205221395908496	0	0.000569568996232148	0	0.0018458589980276	0.00199670360304162	0.00454862291666074	0.011869478059268	0	0	0.00327321923341373	0.000765312351895266
G[T>G]G	0.000845690074226565	0.00419262815483334	0.00183463424750694	0.0194080794661227	0.00166084245464956	0.00642173842532137	0.000706578340584139	0.0014979990203634	0.00626665165652399	0.00640108180563936	0.000778354934039895	0.000920399121083189	0.00132014479122782	0.000325060051655161	0.000982581764061723	0.00283031762958506	0.000958434581940321	0.00527684088275227	0.0107236794615926	0.00397423930617586	0.00266979052218772	0.000430021327322796
G[T>G]T	0.000403919409717278	0.00140600193389298	0.000386585293000391	0.00542042244354689	0.000132208895504454	0.00253040507434313	0.00177175274189079	0.000568172050521326	0.00580555271500527	0.0169679685397988	0.00185879363545478	0	0.00275139921081977	0.000853905437745798	0.00222918339308085	0.0104126627412621	0.00377659065029008	0.0498552869291939	0.00208346660566018	0.00165538995719988	0.00229526683637473	0.000616161757096124
T[C>A]A	0.00708998140357719	0.0096981011727668	0.0216267346554987	0.0122767045810449	0.0247037734650562	0.0128515792957397	0.000974546722931578	0.00071491767048126	0.0250707321766566	0.0230584319882562	0.0262421974667699	0.000672066314809204	0.00642637760461208	0.0311199600603168	0.000332162714967636	0.00353754303399493	0.0118583903637396	0.00160545704424594	0.0476307871134779	0.00382427538744129	0.000505414149112843	8.72214751800872e-05
T[C>A]C	0.00863731298491405	0.0115134552217563	0.0161528770611539	0.0208121798589439	0.0538404194575322	0.0140461388716354	0.00222243232251415	0.00191144950628856	0.0194529681233076	0.00597065607037039	0.00966145697961033	0.00249566581556023	0.0128864799473595	0.0197433958633324	0.0147423177663831	0.00514393377064556	0.018841293593844	0.00155005225764251	0.0386383088999354	0.00631533415188348	0.00405392256625578	0.000583002255205511
T[C>A]G	0.00331001655517881	0.00619355142856068	0.00617065049727736	0.00358262721489888	0.0195957375666327	0.00852389930910391	0.00158717695170254	0.000359885994890006	0.00397148026171597	0	0.00547481199088079	0.000187952686584918	0.00465644872342944	0.00862937406106524	0	0.00390522268783926	0.00978599123278027	0.00493887215911433	0.0291362605301459	0.00339727267834627	0.00199903758687117	0
T[C>A]T	0.0091843817078559	0.0143255101007123	0.0136106878357897	0.0166869171507577	0.0287042296663721	0.0164679936332282	0.00344569278479836	0.000963150600502466	0.0423332602908057	0.0346599142827231	0.224180037528802	0.000309545450966652	0.004944395481087	0.0166717686287764	0.0355242890202247	0.00932587723535972	0.0158146789666358	0.00452915392742516	0.0859612216183862	0.00676072157420489	0.00905377176069956	0.000361558216001875
T[C>G]A	0.00108636811829005	0.00144747778698012	0.112161324265967	0.0155682847948032	0.00239551742691454	0.00234454487152009	0	0.000142983534096252	0.00464597484392588	0.00342760475501106	0	7.46740349788004e-05	0.0023368645834953	0.199290817674402	0	0.000558559426420252	0.00485999605071293	0.000356768232054652	0.00162210110912773	0.000374928959553068	0	0.000174442950360174
T[C>G]C	0.00160516436002828	0.00348306208389265	0.0396798936502258	0.0212878868271483	0.0105078885558381	0.00928670338620518	0.000153271194656148	0.000955724753144285	0.00574214119302456	0.00347131166881999	0	0.0010980929588465	0.00351449453109806	0.0700420472294411	0	0.00215713351672233	0.00831615717245528	0.000715408734296543	0.00827963762141472	0.0011026773915987	9.65219658632333e-05	0.000349801353123307
T[C>G]G	0.000431741289805933	0.00145730621848486	0.012120920619652	0.0044782840186236	0.00584103715928475	0.0028412997697013	0	0.000539828992335009	0	0	0	0.000563858059754753	0	0.0234541961659722	0	0	0	0	0.00259813788166906	0	0	0
T[C>G]T	0.00189613041710574	0.00517518427722068	0.134927285412128	0.0278422595554078	0.00387894995491514	0.00602926542855896	5.94084962896267e-05	0.000518619554116712	0.00944776624515832	0.00527433478215353	7.27149002688296e-05	0.000619090901933304	0.00151359045339398	0.239508632377339	6.88455213570247e-05	0.000964745920899284	0.0170234442379709	0.00258808795852867	0.00252152916747265	0.00815949155507487	0.000374122800028906	0.000271168662001406
T[C>T]A	0.00829070406063463	0.0165736206609224	0.185271945469778	0.00942993250428079	0.00262009718568778	0.00963868447180485	0.00424214455864334	0.0859331039918474	0.00561023377379729	0.00519334053789554	0.00259615322532216	0.0225515585635978	0.013436971355098	0.133182879919153	0.0061117939554045	0.00695096175100758	0.0167183864144525	0.0146274975142407	0.0120920264498612	0.0163469026365138	0.00772561627929633	0.00558217441152558
T[C>T]C	0.0136056788611921	0.0226399035453023	0.0599295148935564	0.0168875973712573	0.00700525903722538	0.0241454288041335	0.00513458502098096	0.275917736232754	0.0077343126273392	0.0116636072072352	0.0197919167252211	0.158624519237008	0.0123658140909005	0.0359611853224982	0.0251329875173881	0.012942801100334	0.0170221342123695	0.020269914138402	0.00473122149795126	0.033080321747961	0.00752871333733217	0.0100276387895348
T[C>T]G	0.109086632557632	0.0695863719326523	0.0586211797241348	0.0022391420093118	0.00207262608877846	0.0161735525352228	0.0564169261923361	0.178503453465443	0.02073995247785	0.0122872182857327	0.378115241047605	0.0150362149267934	0.00245076248601549	0.0477934563382074	0.0157176513090466	0.0162457263814113	0.00880739210950225	0.0370415411933575	0.0246823098758561	0.0169863633917314	0.0443422882905967	0.0276613194221262
T[C>T]T	0.00817706242376849	0.0200257130727235	0.094639649418191	0.00838955503159641	0.00597358293056932	0.0106187062771636	0.00279219932561246	0.0625307005249293	0.0131723663994996	0.0103333905936069	0.0285042409053812	0.0738265900555465	0.00908154272036388	0.0683269206097391	0.0157656243907586	0.00488804599922304	0.0194409747806414	0.0185787742737236	0.00114614962157848	0.0207484213829047	0.00733280688056659	0.00578493145603001
T[T>A]A	0.00158671394750597	0.00160674563025684	0.000883560989891521	0.00296250569168098	0.0016997083539763	0.00385558245971329	5.78490562963352e-05	0.00036071862800103	0.00849209320125027	0.0112675059366433	0	0.000113032520625995	0.00280033313669677	4.43555846247779e-05	0	0.000250512500513644	0.00416866865348272	0.000270016295221396	0.000334819149399816	0.00147555746721856	3.64302284560495e-05	0.00118822785933687
T[T>A]C	0.00115809564857523	0.00403121187632337	0.00212812073627602	0.00864898164110246	0.00348737147735261	0.00597991100551713	0.000464445494563782	0.00108602122687687	0.00878875184613338	0.0028400866090677	0.000568472692068617	0	0.0130162912993636	0.000445140179387545	0.00107644509496692	0.0011941846933454	0.00856399071695688	0.00234849995465735	0.00179208046351799	0.00364511507118981	0.000511844945662032	0.00397490693248596
T[T>A]G	0.000549414940689325	0.00145409947426057	0.00038242684639194	0.00520669203695812	0.00536225642158568	0.00538564226896629	0	0.000624511443667053	0.00513050548618356	0.012702499946405	0	0	0.00314708445888215	0.000460756412978546	0	0.000325283845651518	0.00534922457047781	0	0.0012237514254495	0.00340617294675721	0	0
T[T>A]T	0.00119904644565816	0.00214038840531985	0.00136533739289594	0.0069361537175587	0.0018113812092059	0.00471589521503096	0.000215774327725801	0.00192209134891594	0.0113596778411886	0.00776317873316512	0.0010564151393204	0.000321223710192595	0.00492150744750636	0.000330888594077296	0.000428657188753121	0.000100114300868155	0.00418122835701746	0.00182245901221529	0.000832573384330752	0.0034272508763724	0.00038823737682992	0.000375198767198973
T[T>C]A	0.00233679690450879	0.00310394042208708	0.00106027318786982	0.00408466693852984	0.00105759630914081	0.00744828429717337	0.00170654716074189	0.000829652844402368	0.00291915703792979	0.00817549267961097	0.00106209261855237	7.53550137506635e-05	0.024564325760498	0.00022177792312389	0.000603345282328852	0.00212935625436597	0.0120646175147853	0.000765046169793956	7.44042554221813e-05	0.00196740995629142	0.00145720913824198	0.0171192828622978
T[T>C]C	0.00277942955658054	0.00762265518432057	0.00133007546017251	0.00945982366995578	0.00121299877473135	0.0124874612174034	0.00203194903871654	0.00130322547225225	0.0065693700668068	0.0144108098311953	0.00689273139133198	0.000680617562821726	0.033724027457442	0.000534168215265053	0.00376755783238422	0.00622233077058919	0.0180139115080817	0.0101166151892931	0.00515223133261424	0.00151879794632908	0.00826263983711568	0.027647685997069
T[T>C]G	0.00419553227435484	0.0047416287204149	0.000611882954227104	0.00512898021551099	0.00235416135581811	0.00955761867450354	0.00530815967758057	0.0011865717429674	0.00222066655372124	0.00889174996248349	0.0039840641520454	0.000456616949338561	0.0272180277524943	0.000153585470992849	0.00197307758852389	0.00211434499673487	0.0140098738750609	0.00467478675212365	0.000708487667365497	0.0037336895762531	0.0152633228717165	0.0189717391197755
T[T>C]T	0.00187543162013199	0.00548717754818362	0.00112993439412078	0.00516623863100922	0.000885564146722882	0.00807772150693419	0.000893922214864035	0.000922603847479647	0.00556199993883921	0.0172577138744463	0.00373518209973999	0.000200764818870372	0.0194242474789878	0.000567237589846792	0.000928757242298429	0.00156845738026776	0.00909417167651297	0.00345308023367107	0.000555048922887166	0.00153218274473119	0.00159177324500267	0.0128505577765648
T[T>G]A	0.000403890823001518	0.000328652515279808	0.000176712197978304	0.00143636639596654	0	0.00223448528915202	0.000260320753333508	0	0.00128265991060551	0.0263083161869532	0.00177015436425396	0	0.000933444378898926	4.43555846247779e-05	0	0	0.00333493492278617	0	0	0.00121071381925626	0	0
T[T>G]C	0.000752762171573896	0.00256531664856942	0.00124140376282768	0.00504523929064311	0.000227437270262127	0.00448493325413784	0.00110305804958898	0.000724014151251252	0.00275203340636501	0.00852025982720309	0.00653743595878909	0	0.00266242322032437	0.000356112143510035	0.00100916727653149	0.000251407303862189	0.00679213056862097	0.00867138444796558	0.00268812069527699	0.00136691815169618	0.00029248282609259	0.00158996277299438
T[T>G]G	0.000998936255798768	0.00183342977189377	0.00183564886268131	0.00769347032326648	0.00196180112984842	0.00455124698785883	0.000550846758994207	0.000624511443667053	0.00513050548618356	0.00798442853774027	0.00134845248223075	0.000195692978287954	0.000935619703991993	7.67927354964243e-05	0.000116063387560229	0.000487925768477277	0.00416050799926052	0.00350609006409274	0.000515263758083999	0.000720536584890948	0.000252286328458125	0.000228575170117777
T[T>G]T	0.00122979122631606	0.00330787299003977	0.000941611995100651	0.0054054163454078	0.000442782073361442	0.00616334820182263	0.00221939308517967	0.00053818557769646	0.00527918638262705	0.030438362658813	0.0238825279710647	0.000120458891322223	0.00167540679064046	0.000141809397461698	0.000893035809902335	0.0011012573095497	0.00851925277742309	0.027432804078609	0.000594695274521967	0.000524167781092249	0	0.000140699537699615
