Type	DBS1	DBS2	DBS3	DBS4	DBS5	DBS6	DBS7	DBS8	DBS9	DBS10	DBS11	DBS12	DBS13	DBS14	DBS15	DBS16	DBS17	DBS18	DBS19	DBS20	DBS21	DBS22
AC>CA	5.222315697370593e-05	0.0003941843740056	0.0068432875973752	0.0043396336609363	0.0021779913673658	0.0027651923645138	0.0500928883890221	0.2187285017026105	0.0257386691517662	0.0107586050847352	0.0014292259641416	0.0057210074314235	0.002217548673299	0.0222301977588255	0.0162616237176166	0.0591521016663288	0.0219120760992257	0.0108566359403195	0.0052615197581478	0.0053296010490417	0.0290182022666544	0.0143288548433291
AC>CG	2.7740268493075184e-05	3.3403758714008346e-05	5.013339848593629e-05	5.196843579641765e-05	0.0004702023103094	0.0001517733622528	0.0068209274369196	0.0009898736090824	0.0021658153512595	1.9773526940714423e-05	0.0002023869190433	0.0027292957347771	5.299180726970776e-05	0.0005251835323659	1.2906430317389968e-05	0.0044713430640422	0.0018879480788355	0.0028483564805845	0.0006445316836407	0.0020224378035215	7.944382444187912e-05	0.0018719946820475
AC>CT	0.0045089400177355	0.0001328004889416	0.003254603088414	8.717286004560383e-18	0.0020558610293422	0.0002494915405325	0.0148423370982619	0.3235147140704507	0.0298191900241149	0.0150821571306726	0.0007886816471051	0.0005270542727063	0.0029360527549469	0.0016452640312495	0.0158833813650549	0.0144991646858427	0.0153259597559755	0.0212000833382576	0.0170370232756017	0.0025129466086329	5.6449898940226754e-08	0.0018636676875118
AC>GA	0.0001334811283034	0.0002497905679228	0.0063044462834851	0.0046121714354133	0.0005679065807283	0.0089193038662271	0.0106188188991978	0.0011801170391615	0.0264710701192882	0.0059770031972357	0.0004611079433652	0.0082429491814799	0.0028423148782389	0.000879511277692	0.0170579536161094	0.0088678792828121	0.0203016743235042	0.0077192641030447	0.0035319536199461	0.0016800223185435	0.0062904474468217	0.008490964729613
AC>GG	5.9998838293734576e-05	4.394122203073022e-18	0.0004849570746872	7.344732559130802e-18	1.1297997766992149e-17	0.0001081124465919	0.0027720252510122	0.0008240469270237	0.0074600293751171	0.0006591466105492	0.0023472686450584	0.0085320288047932	0.001506730976123	0.0002962837677853	0.0018271066776558	0.0036822840002218	0.0085308911054841	0.0052448054973838	0.000817079040378	0.0027913048470554	0.0017148726632721	0.0010433361257098
AC>GT	0.0031110637561241	0.0002951111439017	0.010884599068757	1.1734808083062051e-08	0.0008365933243801	0.0001372197236991	0.0049110673178537	0.0001536183080484	0.0126600776051492	0.0320635492353682	0.0059568454547269	0.002272231876048	0.00456803681308	0.003586630069995	0.0974301283073707	0.0037423884988553	0.0323087896895401	0.0128524957165452	0.0124797905090817	0.0003351697173834	0.0228404288181174	0.0024380047264052
AC>TA	0.0012612417793022	0.0015598743934766	0.0010884596912481	0.0013312406344728	0.0015062745082363	0.0104994145311799	0.0059151080287288	0.0126150392635813	0.0431070395881013	0.0001173061692886	0.000275412804275	0.0081016535014376	0.0026546456790022	0.0017796874736748	0.0026771210304493	0.0059501601992493	0.0091636126424865	0.0241229177632005	0.0065342946096666	0.0098846570846217	0.0054289373141454	0.01247783947967
AC>TG	0.0001807782860841	6.701826669435112e-06	1.1967327380513825e-17	5.563556332237455e-05	0.0011398834941656	0.0004667557566152	0.0010891656215038	0.0026145684188448	0.0187285444093298	8.557356856828955e-06	0.0002493323545426	0.0018178248785085	0.0044085952691604	8.619675069459335e-05	0.0003881540713241	0.0011420827643605	0.0093141546932644	0.0145947154769138	0.0010660654307016	0.0001383475508542	0.0003908496919456	0.002054835473725
AC>TT	0.0278524242899746	0.0030775905037157	1.919084931289604e-06	0.0001687633042459	0.0076026150687223	0.0033057556367962	0.0012877907769114	0.0002726479192407	0.046455159492928	0.0007932100060588	0.0029419097847476	0.0038055440357411	0.0161956740886117	0.0008506994841028	0.0072856862099863	0.004375638675262	0.0184782581693529	0.0177136949976085	0.0700459305736753	0.0026596945888767	0.0047796599848514	0.0095137334730598
AT>CA	0.0004557167070225	3.583094336362517e-05	0.0068248653252472	0.0008637312427122	9.887726280741383e-05	0.0001066048921272	0.010897245165533	2.5450512453094884e-05	0.0119532243152515	0.0035476010028316	0.0088964946372753	0.0019843534570861	0.0038951076860041	0.0023471453962221	0.0010921984084665	0.0074010168894773	0.0096587301259642	0.0043143720484239	0.0040759510172353	0.0021327411696684	0.0060506370197056	0.0057931494219157
AT>CC	0.000280804890983	3.9527786726538895e-18	0.0088025252078973	6.5976059857266254e-18	1.9502418699687145e-05	5.974227010917395e-05	0.0061456534294204	0.0001308678167142	0.0016753338253883	0.0011657836199549	0.0017830522276644	0.0035544406745612	0.0009330499536289	0.0003713856380909	0.0094518028197068	0.0019672773217919	0.006709455642317	0.0017207037671675	0.0019312714555701	0.0011763476450153	0.0004228744893749	0.0011117163491889
AT>CG	3.762011963647562e-06	3.9527786726538895e-18	0.0141538402415298	8.916193232139125e-18	9.613868373085212e-18	1.7015795242362534e-06	0.0010897250076327	0.0002434323206417	8.68073981351112e-18	0.0026029137911717	1.6330121935375714e-05	0.0013816766699467	2.156690325333253e-06	4.38352214363018e-08	2.831735276873456e-07	0.0034346440836966	0.0013479097005939	0.0007027566798972	0.0002809220361794	0.0014803592688746	3.862259391490515e-07	0.0001653146816635
AT>GA	0.0020043952480857	0.0001592827618796	0.0017546884633257	0.0003055115703204	0.0010162389922127	0.0015149181202951	0.014136967205584	0.0001482556434416	0.0059954358052495	8.099837056020876e-05	0.0105106258312097	0.0065344947977349	0.001974972967106	0.0042167075595373	0.0074001747429651	0.0044719560722343	0.0135240707214771	0.0024981050057577	0.0096106316170991	0.0080605819003476	0.0115331142259264	0.0031313269273693
AT>GC	0.0001645114598495	5.5452650443705624e-06	0.005089566102667	1.6588266478398373e-05	9.613868373085212e-18	1.608086143783712e-05	0.009120307463275	0.000206826610554	0.0017035697675799	0.0041003435309831	0.0039227158393746	0.0041121501049988	0.0002779622094451	0.000473815610671	0.0138671426302308	0.0014212840200569	0.0103991701769973	0.0004679166238567	0.0022062242320709	0.0003511623468274	0.0032397275485721	2.105997872759258e-05
AT>TA	0.0022123985909682	0.0004342340651335	0.0022781863252566	0.004271508778672	0.000726015533766	0.0020572956587116	0.0333789501555424	0.0002882755742924	0.0086590285488582	0.0029446093366559	0.0036036430884997	0.0027459016041339	0.0097349983770323	0.00931390422264	0.0116478777129217	0.0061575328839958	0.0119307563305666	0.0075687154880037	0.0115817386866671	0.002793442104648	0.0889475441165722	0.0086243017507349
CC>AA	1.0583821846917964e-05	0.7250976123028728	0.0093086109152604	6.969248190597891e-18	1.0155416208352313e-17	8.197067487630429e-18	9.37885384716423e-18	0.0368317046595065	8.970815221592184e-18	0.0145438769885943	7.286635978043182e-18	0.0176251017640192	5.015899077181945e-07	0.0028048864255447	0.0169787230622733	0.0339843660455106	0.0003542143134	0.0106036551197818	0.0205101395131226	0.0003814622731328	0.004685709666076	6.672376753939554e-08
CC>AG	1.2281227237461412e-05	0.0727100643069957	1.1371744519734901e-17	0.0054085706805055	0.0235005799777908	0.0608491231891832	8.611115811002556e-05	0.014984027068574	0.026247312427094	7.568857447252139e-05	0.000963555000365	0.0212314326027526	0.0114198079156859	0.0001164276204694	8.91391463387587e-06	0.0106273068528777	0.0012198961749022	0.0476034522964279	0.0062647814187588	0.0040010556730817	0.0020687386894161	0.0276025439301393
CC>AT	0.0186762060402288	0.1001516034390108	0.0060316521783419	0.0156380411395202	0.0023500580944973	0.0004326609739669	0.0008835533938843	0.0278412878381289	0.0193872196324097	0.0111467667638549	0.0342002453162815	0.0160338143860369	0.0423187337668125	0.0005090703109374	0.0291280317528279	0.0182818109044733	0.0007347484047206	0.0991698854566577	0.0841145111004053	0.0055764095011857	0.0021418107258339	0.0439398584121603
CC>GA	0.000133829431833	0.0177268336034375	0.000650271184009	0.0035359904412843	6.538153673186822e-05	0.0350672709961528	0.0003131842070784	0.000782069192387	0.0109363805094715	0.0035988133756282	0.0009447197898961	0.0135461328126298	1.0168684289023828e-05	0.0	8.903943812137753e-06	0.0029605200818751	0.0007528095783257	0.0159695612704124	0.0038438471660429	0.0008573338416982	0.0011322112013539	0.0143799838818807
CC>GG	9.805012314786266e-05	0.0004506819726593	7.42749078991694e-05	7.26793025590923e-05	1.1509471702799284e-05	0.0178793695341325	0.0021259216087748	5.415509448812062e-05	0.0030423018057845	7.866091680804818e-18	0.0034200247299039	0.0232506941842033	0.0007523222850585	0.0019072168519071	5.892755647226667e-07	0.0001743150098423	0.0033167272633163	0.0052100894118297	0.0010652920366969	0.0027031719621115	0.0029252389632877	0.0010445383395733
CC>GT	0.0069111947286133	0.0011016678230703	1.1679088966214225e-17	7.954899006125308e-05	2.3986125901632128e-05	0.0033980676618378	0.0001690362033699	0.0002213773227701	0.0177964733041558	0.0011465247937352	0.0688961464479914	0.0079533939937657	0.0229328567997536	0.0004445799691557	0.0005181257749638	0.0026988959715541	0.0095096873765717	0.0190091514431327	0.0120207900871264	0.0041849318432135	0.0046253318958388	0.0180319202474748
CC>TA	0.0103867670597084	0.01602425614972	0.0213002323022105	0.0001693288364663	0.001228219248618	0.0021929387502004	9.37885384716423e-18	0.0006921649661499	0.0006830271298628	0.0253721647020535	0.0582891133857555	0.0116294340349462	0.0404372006021361	0.0	0.0514732455055792	0.0070258139136486	0.0002922838277042	0.0226561635632399	0.0361367872002097	0.0100101534741042	0.0006707692919635	0.0102087697954112
CC>TG	0.002546755096811	0.0002373591388904	2.970996315966776e-05	8.263537140280358e-06	0.0046517609329229	0.0067862573635539	0.0002447403611546	0.0040698549574739	0.0154103538117751	7.866091680804818e-18	0.0320193601249484	0.0310725565728023	0.0093324332037728	0.0005000096844061	2.831713373624997e-05	0.000416673064415	0.0318035756215088	0.0180571118186504	0.0055817316207924	0.0020069348646401	0.0073080143680219	0.0059203665318867
CC>TT	0.8569082774335823	4.175438131926132e-18	1.1371744519734901e-17	6.969248190597891e-18	1.0155416208352313e-17	8.197067487630429e-18	9.37885384716423e-18	0.0042341963281401	8.970815221592184e-18	0.021868895147699	0.3291154039444366	0.0015198061992636	9.74824830399688e-05	0.0057093560346546	0.0864550130918439	0.0161158881328392	0.0008270013171178	0.0320211598064594	0.0775547574559537	0.0058986231216993	0.0091530672863951	1.2232690715555846e-07
CG>AT	5.061267307217981e-07	0.0009681906942532	0.0002444804965614	0.000242820772287	0.0013332806218775	0.0062610944608127	5.415994877938506e-05	0.0002616728629339	0.0001830332564974	6.612479078127902e-18	0.0015166551336133	0.0271616153158738	0.0003392851465935	5.736308472008578e-09	0.0001553965253311	0.000108601289643	0.0021217519786269	0.0006944451555632	0.0002127015866112	0.0012355096126589	0.0007103498007853	0.0004166166314994
CG>GC	4.549265141811186e-06	0.0003106629512664	9.559438889081072e-18	4.268382927184504e-06	8.0653906476542e-05	0.0004899268155555	0.0001630197015441	9.186181912708124e-18	1.003256372201162e-05	1.6955074559302315e-05	0.0001383325396748	0.0775825894243055	0.0009622319056977	0.001077705391254	2.3133712872525457e-06	0.0001573904363547	0.0019733573814477	2.705125324560855e-05	3.801696802929102e-05	0.0001277310978911	0.0001816400091485	0.0002726474508502
CG>GT	1.4268912806418851e-06	0.0010776387844327	9.559438889081072e-18	5.858564802017948e-18	0.0052680830797621	0.0026738361158162	1.8053316259795016e-05	0.0009833035447924	8.31030694973296e-05	9.102197921309664e-06	0.0009833261855494	0.0870425097568584	0.0019426975862587	0.0001423806988082	0.0001912445603255	0.0012132749796881	0.0040232674709251	0.0013549124248682	7.687131420900696e-05	0.0002050213163832	0.0001711242128487	0.0004605072077861
CG>TA	0.0002988842017735	3.5100019691804674e-18	0.0842769872754525	5.858564802017948e-18	8.53695582665011e-18	6.8907075411067275e-18	7.88415357432594e-18	0.0004111995163792	7.541143731045403e-18	0.3194831456403731	6.1503722704549384e-18	0.0275745221412048	0.0005388374724321	5.5848841800456185e-08	7.292148622861285e-05	0.0014709303088785	0.0049415721111872	0.0002139938953954	0.0015868676023156	0.0004325679843786	2.2312113920194957e-07	0.0009504635764356
CG>TC	1.0575782432992796e-05	0.001810096231327	0.0006215323250895	5.858564802017948e-18	2.4228693679445075e-05	0.0073987203884433	4.247326095903466e-05	0.0007354457239314	0.0001111574618519	0.0023648893376697	0.0005708287178543	0.1080788751545524	0.0018199746812446	0.0001766168404899	0.0005173662102999	0.00100814663832	0.0047632192409	0.0010141909689263	0.0002486217597519	0.0010803030013625	0.0023034056319299	2.226890529570333e-05
CG>TT	0.0001041059878356	0.0046809933383599	0.0061722782171521	0.0003022701401466	0.0018048059617462	0.015528178726272	2.7298009610221454e-05	0.0002673609792917	6.930829437956362e-05	0.0069340338518897	0.0005824952573413	0.0996031283151636	0.0013505437473437	9.480229554236289e-05	0.0022405478678502	0.0029848804698059	0.010411896673361	0.0021384519751273	0.001362178947481	0.0003309246622276	0.0038671452855672	0.0028962926091948
CT>AA	2.882640319119564e-05	0.0033507105847803	0.0001099345053995	7.263734521818366e-18	0.4697126426168264	0.0046123856723765	9.775158324343065e-18	0.0207557336200336	9.349877982798977e-18	0.0043483667293973	0.0045460774589087	0.0090318347435903	0.0628664991447583	0.0002356243751426	0.0038942746368123	0.0634237093909673	0.0109084009707485	0.0276407126819336	0.0105365432475501	0.0100789658763523	0.0026993292429842	0.0576794278354227
CT>AC	0.000436149724269	4.351871718890053e-18	0.0310590396043871	7.263734521818366e-18	0.2106651123699048	0.0020076239562743	1.0921360517241698e-17	0.0141058385391169	9.349877982798977e-18	0.0143839110299642	0.0024280188776603	0.0088990485991925	0.0263908260895757	0.0099123133504783	0.0794285581952936	0.08604770550861	0.0152948737808524	0.0272352580622085	0.0069347663497901	0.0059783924654386	0.0233937663993696	0.0316722185522683
CT>AG	2.965893469130238e-18	0.0006127310146478	0.1216745884491208	0.000376845660021	0.026912720051196	0.0406672437569129	0.0013618774366576	0.0205542215257127	0.0006030837150399	0.0293210508966284	0.0005124667256824	0.004741854639939	0.0135417945575299	0.0	3.055289125349462e-06	0.0343527776288761	0.0085148682597051	0.0075692913903185	0.0027475743155577	0.0005983124073843	0.0013565571245096	0.0121594088475426
CT>GA	9.282726226190077e-05	1.8889419211489197e-05	1.836566229466764e-05	0.0006986695687156	0.0162282696508989	0.0075569002592698	0.0020211988897607	0.0056121081479354	0.0029428844608043	8.198474230080249e-18	0.0119851132068257	0.0022128876130391	0.0011149549354629	0.0002234519878518	0.0002929824820552	0.0011556117751609	0.0057833154630689	0.0037990869341581	0.0032978591243214	0.0032827185700844	0.001957119068128	0.0058522872650023
CT>GC	0.0002623140250536	0.0001398735402252	2.872304161200927e-05	7.492023321075516e-05	0.0048886406027302	0.0018428951980729	0.0168613349547285	0.0002387919678392	0.0032226666022916	8.198474230080249e-18	0.0063128480486469	0.0009971035965125	0.0039544011281242	0.0048573369237442	0.0003455656706448	0.0091872615638586	0.0116233585587678	0.0012754756017136	0.0034929691250695	0.000664911631675	0.0020782057199141	0.0052976659462089
CT>GG	1.12391752514409e-05	9.371656603269226e-05	6.39594867122437e-05	0.00096131894529	0.0005745416325207	0.0070112392713834	0.0043234195241496	0.0003083131313812	0.0107767616178677	8.198474230080249e-18	0.0041534617723002	0.0127823594387139	0.0027005301859976	0.0001045840207259	0.0002517485494308	0.0042604035678005	0.0081185480041937	0.0020678652241996	0.00104833873044	0.0005278733412394	0.0023442626094114	0.0049348913500854
CT>TA	0.0081296544885766	0.0035281625894789	0.0001963865895674	7.263734521818366e-18	0.0033666097556212	9.099273424564313e-05	9.775158324343065e-18	0.0109824025890203	9.349877982798977e-18	0.0044590129393	0.043084416105252	0.0118722976759191	0.0316787071530815	0.0015342641496286	0.0035564064241782	0.0184332343179016	0.0009556417013074	0.0099180923293163	0.074125028841372	0.0189757220819459	0.0106589628014986	0.0160747765496678
CT>TC	0.0109297534721181	4.007478992934725e-05	0.0067668143914464	7.263734521818366e-18	0.0002388879014142	8.543435455190473e-18	0.0683100217773629	0.0179345663153775	3.1097155153433406e-05	0.0030427503037994	0.0030892661323125	0.0101797178369168	0.0086733202764595	0.030469281097686	0.0691265275188566	0.0963295841509394	0.0196257850036312	0.0065837592451075	0.0475160985159601	0.0006923675500696	0.0533768629902324	0.0046706549714487
CT>TG	0.0023316803383283	0.0004070962052085	0.0557141532199335	3.196043189600082e-05	0.0008809628956843	0.0115309657249358	9.775158324343065e-18	0.0009733033450156	9.805969591716e-18	0.0505649815778835	0.0015291350513356	0.0035611495918562	0.0039881293997324	0.0004105303821806	7.503124994905824e-06	0.0067134852974657	0.02560559114864	0.0027040223997053	0.0140453494154682	0.0063000264318975	0.0006168640057313	0.0054439565471453
GC>AA	0.0015050326815741	0.0048524750148772	2.110569077656243e-05	0.3116005741926053	0.0001226777643448	7.818081889804465e-18	8.945229195719841e-18	0.0118940086798346	8.556055946415816e-18	0.0041310600088424	0.0009454790411386	0.027231951258316	2.9748413669790465e-08	0.0002107715374309	0.0416636932798138	0.0148444197285961	0.1207300519331412	0.0332034887494801	0.0125322721125891	0.009776527473334	0.0154443215135297	4.4019348763780244e-07
GC>AG	0.0001019228859561	0.0003104439908112	0.0005098392283979	0.0107350198340358	0.0024535543644317	0.0034482309531286	7.223470478844562e-05	0.007855578336258	0.1175829353716491	7.50240851451367e-18	0.0031106257805938	0.0105704702901406	0.0158246210914852	0.0004821897022491	0.0037317382412388	0.0071607839373857	0.0181235069430911	0.0403155551918793	0.003766201050404	0.0093264593401791	0.0036459053397175	0.0324494749175326
GC>AT	4.6377498631778994e-05	0.0009103169878679	0.0038970465938239	0.0087780164703733	0.0014481499916106	0.0017712222457631	0.0003461813593908	0.0050803093675933	0.1194794344975501	0.0078469887714901	0.0257170257585792	0.0071422075490353	0.0162006559611058	2.496203460193823e-07	0.1379099080706155	0.0038540636733185	0.0443410660295718	0.0483162970468332	0.0037292849250072	0.0161588467127983	0.0053341534712995	0.0138642804045075
GC>CA	5.485305792998912e-05	0.0010125240170974	0.0002314786178225	0.011305020693894	0.0042245405294517	0.0081871942584488	0.0006626890978612	0.0044533385561748	0.0259820356534316	0.0001063144947458	0.0019949602851199	0.0054014968573401	0.0096978038063383	0.0001579773395522	0.001132987578834	0.0035660840535897	0.0108807934794085	0.0223238789961588	0.0009909456269078	0.0095703634533812	0.0030654693083139	0.0066163013748736
GC>CG	4.90439667255979e-06	6.389013712556625e-05	1.0845979982400137e-17	9.334329196420052e-07	0.0002979314498473	8.515115696847273e-18	0.0026210837600409	0.0002231279615296	0.0023706241445175	7.50240851451367e-18	0.0038197350614478	0.0010382117886522	0.0008065354477171	0.0005784794874652	0.00033441785201	0.0011897015764416	0.000354464399386	0.0018446690298959	0.0001750114686816	0.000943223912838	9.196922870231449e-06	0.0002028647792418
GC>TA	7.875603977100869e-07	0.0007030359908192	0.0041314555804724	0.0168150305884825	0.0002047707365631	0.000781033916292	6.174582984656174e-06	0.0078924582669018	0.0132754929327422	0.0028451664263997	0.000229750956918	0.0007898103014052	3.1613517975106475e-05	6.407259084060259e-06	0.0016171024843154	0.0006322010739227	0.0083936504428852	0.0181337930412685	0.000869807227366	0.0003016039250636	0.0019945066930512	0.0002535621853059
TA>AT	0.0004859633206337	0.0026537254362846	0.0014307194092447	0.029175725899786	0.0017425257146308	0.0081568000452602	0.0557561662487144	0.0090351209243281	0.0148483433826113	0.0106379601882302	0.0021300038437483	0.0084917713592542	0.0058842551495243	0.0106828532823365	0.0243231242727719	0.0080554737020036	0.0084866740119881	0.0100625877684521	0.0094536334843212	0.1561035524282287	0.1134879993342155	0.0086711782572995
TA>CG	7.263551160864533e-06	1.823447210291489e-05	0.0032955875710035	0.0003733345794973	7.35276733697417e-06	0.0002465127952735	0.003047604259943	1.9474349933131707e-05	0.0012932427952874	0.0042040397989029	0.0005578124807589	0.0005656538867825	0.000230544018176	0.0001498047669429	0.0147287856318278	0.0011980092576528	0.0070572495928506	0.001854344339268	0.000561709800605	0.0062491242410629	0.0014101158818244	7.571327987370201e-05
TA>CT	0.0006755371956335	0.0002701972498767	0.0003394258011243	0.0083688264099489	0.0021152588316735	0.0248415976519329	0.0290771403824225	0.0038189684748151	0.0136029981137136	0.0016570666177982	0.0032284366876062	0.0032712746725759	0.0154361483008226	0.0033448036326915	0.0024634082087604	0.0104017308099842	0.0163886668261991	0.0107288920345933	0.0089498227875149	0.1133887193143188	0.013440236838094	0.0146765876991707
TA>GC	1.933740110375856e-05	7.930548184442349e-05	0.0019635386019989	6.734267997870901e-05	4.864568504309906e-05	0.00025127165239	0.0015088134206699	0.0007349181724837	0.0005546570545403	7.579217958412237e-18	0.0009742613937605	0.0018637880645436	0.0001194318498494	8.351414118401966e-05	7.65692980614109e-05	0.0008621338859922	0.0006792374959839	0.0002526758352459	0.0002436649672005	0.0027801678325032	0.0005426449733657	0.0006295985758246
TA>GG	6.763280087533466e-05	7.612168512804151e-05	0.0053873973504672	0.0021305957672648	0.001518886030787	0.0002074894056536	0.0043066138560968	0.0002021260483514	0.0031133622139679	0.0087865454428936	0.000358184083088	0.0026727076219456	0.0005590890046158	0.0003658113365361	0.0022323562688046	0.0008946287468263	0.0056969208406805	0.0036051407433094	0.0011029527805516	0.0095097380358503	0.0018134241297407	0.0023088426475514
TA>GT	0.0011066496413156	0.0012544882652707	0.0003571860460352	0.0077354061504159	0.0017797993059079	5.9473819191980666e-05	0.0262793399469956	0.0001425131064532	0.0074529099196566	0.0036925990806841	0.002550273651885	0.0015976989811769	0.0057914329027338	0.0036407275180483	0.0007904968217351	0.0055974624708528	0.0119940890410858	0.0067703951057938	0.0074074994654841	0.0544889792330631	0.0080931902110588	0.0062561072721217
TC>AA	1.137644019248401e-05	0.0015179909263581	0.0058767417089806	0.3946073275402922	0.0408410496992293	0.0472914165996213	0.0212467552599621	0.0392077393762807	0.003834869049498	0.0083892795786129	0.0002248602460652	0.0249415783924986	0.0696111495526724	0.0007012141919827	0.0005074512624253	0.0753100689351605	0.061107954395733	0.0038390631226723	0.0135769204293662	0.1895940451780852	0.0164027887297337	0.135956024248448
TC>AG	3.2250642380528065e-06	0.0002093776978877	6.5753022481863854e-06	0.001947007121958	0.0150626649523476	0.0085496273363553	4.337950214768919e-06	0.0117219010357375	0.0485334341325642	0.0003007270897716	0.0491169846541267	0.0087421405886021	0.0686991864284709	6.346571535626543e-09	0.0001198781405231	0.0101865050137508	0.0002443746917139	0.0123796643266936	0.0029356559525878	0.0084129894000851	0.0052967756289184	0.0349773390470059
TC>AT	0.0025681791879477	4.364608433189402e-18	0.0011988982044474	0.0087563258802806	0.0007561662006074	0.0006133423346785	0.0024824017707894	0.0186944118055888	0.0538336594959932	0.0034289515033444	0.0876644921225776	0.0214426163391881	0.161395296414277	0.002207349763736	0.0085094250157894	0.0263611193465738	0.0013785514094427	0.0768493159641469	0.0935994454604988	0.0252084752225509	0.0317838852633674	0.1190562326219375
TC>CA	4.613198683557736e-06	0.0007139787661989	0.0701141281084419	0.0880838517194578	0.0014456113783372	0.0121842510641627	0.0029376891666054	0.0177849539230372	0.0507158802373664	0.0279642637825164	0.0002922152086352	0.0266712634274064	0.0383352592115588	0.0052603331114198	0.0213701061432364	0.0145535767122245	0.0056201513870935	0.019646963400353	0.0047151187324328	0.0159096848120973	0.0240438294958155	0.060493252307226
TC>CG	3.4442433610272694e-05	4.071541200265412e-06	0.0001241714773582	0.0004164716274666	1.0716612508576041e-17	0.000890069902268	0.0017669490643054	0.0110145450171828	0.008095833966981	0.0009343609720711	0.0033573634266742	0.0076790577301259	0.0073863010525894	0.000840658226297	3.5436686238571726e-06	0.0002688489424986	0.0017249011570745	0.0022901549816047	0.0006613828790708	0.0004978099614128	0.0027853422270957	0.0054073105271994
TC>CT	0.001983553319847	0.0035070821962982	0.0207666271649886	8.617106533385621e-06	0.0010614632819543	0.0096957728018345	0.009962126526943	0.0088520563865456	0.0534179555255359	0.0290739575295224	0.0208280889802226	0.0069968833362605	0.0332185089657881	0.0330578534589472	0.0500538033955211	0.007842757718447	0.0217566795282905	0.026652108379145	0.0189459718192778	0.0191783047451602	0.0686173051852854	0.0274359640267719
TC>GA	6.700618902362142e-05	0.0009264975168224	0.0832805979310047	0.0378989618094243	2.487062902933685e-05	0.0075790171978674	9.803767485377756e-18	0.009710989055815	0.0179791949029677	0.048604553717231	0.000243512501147	0.0140455050980087	0.0118398351223858	0.0	2.449300372371869e-06	0.0041683198097182	0.0065398728348335	0.0019856707569181	0.0033362456730658	0.0074097725380245	0.0056998387964226	0.029556652518414
TC>GG	0.0004290734008156	1.0330619960570598e-05	0.000189468298088	1.0823418834204162e-05	3.518284106589115e-05	0.0015591711002546	0.0007653163597152	0.0019300718408447	0.0038764387188198	8.222468876683882e-18	0.0075955166188213	0.0019160065322074	0.0157236977065199	0.0001048901089744	1.198593799245808e-09	0.0023263620122995	0.0002978492880213	0.0019208159544807	0.001249824392279	0.0010077623991096	0.000532998435846	0.005635908075662
TC>GT	0.0053242752499631	8.969950664852078e-05	0.0464573000678597	7.284993446098954e-18	3.9024645550097655e-05	8.56843970705189e-18	9.803767485377756e-18	0.0002789005520982	9.5123911942825e-18	0.0509349090324407	0.0157505946723334	0.0015368862594362	0.0340464488726465	0.0005802472093888	0.0001539359227648	0.0044315513450134	0.0004082753328395	0.0084849152658622	0.026965940126741	0.0057192431167398	0.0054401861872192	0.0207837665412017
TG>AA	0.0013979806381434	0.0030288877406204	6.992205898443418e-05	0.0077649891043955	0.017786006367051	0.0257363782523462	0.0239461329974133	0.0085437112729473	0.0160498738440426	0.0015402163617382	0.0079305901775499	0.0030866242633242	0.0192216189512603	0.0004463143857975	0.0036245231156053	0.0072822645061955	0.0084672213866327	0.0102596552796551	0.0093594418380269	0.0234662726554933	0.0016149122998614	0.0176929313783521
TG>AC	0.0002418402406383	0.0002251205186539	8.415768775970822e-05	0.0001200877062284	0.0014426431569961	0.0101936245925236	0.0027760561468864	0.0038026923863462	0.0073849735624877	0.0002245244565568	0.0008771253606488	0.0010114456769189	0.0044191180468091	3.0096760318664603e-05	0.0001620188286371	0.0008113970814449	0.0023841151071582	0.0046105394505256	0.0019578559990394	0.0039741643930391	0.001258877968152	0.0045190096808185
TG>AT	0.0024592222559941	0.0043898414177711	0.0010023515568152	7.120648722174726e-18	0.0201574734873804	0.2230486088295261	0.0013668371692761	0.0081189950779695	0.0007577979586845	0.0027116472715364	0.0106348911358331	0.0214847892564805	0.0185011688417659	0.0011014613139845	0.0018985292134472	0.009089542948356	0.0093490535138443	0.0275381145602156	0.0158840512961487	0.050236825709936	0.0151076807374548	0.0095400748643066
TG>CA	0.0002846983792929	0.0001473508309666	0.0166361085372923	0.0008182245895453	0.0004703406494674	0.0115056752326973	0.0253235650887619	0.0049978245332714	0.0231605776130487	0.0316720450773772	0.056820704560582	0.017135036405858	0.0286091356660805	0.0064162644579167	0.0802899363349866	0.0055375885751775	0.1494781147164644	0.0160685589234909	0.0071381969570053	0.0025075448498636	0.0644396986911626	0.0050167798664308
TG>CC	0.0001051034870159	6.076955744928746e-05	0.0005064073719825	0.0001221231945274	0.0004999844825683	0.0079631377978912	0.0011125420791823	0.0012346408599611	0.0119866142571384	0.0002060849670374	0.0031702108470773	0.0250265920334491	0.005201302298736	0.0004693503162313	0.0001980171267088	0.002461482148733	0.0177600269450794	0.0038622776069059	0.0019062356864105	0.0001348530557083	0.0032799260304077	0.0042166805624264
TG>CT	0.00188778414787	0.0031414485114756	0.0063510174773439	8.351503715579217e-05	0.0003241008358428	0.2775491746590892	9.582600853901308e-18	0.0192603899061107	0.0009833086777694	0.0046965740981749	0.0056516855129661	0.020061984392431	0.0164882657692361	0.0004620567236318	0.0037472357880703	0.0100005817929567	0.0038363389678748	0.0107975664396356	0.0171118664716923	0.0124655050488007	0.002673267097107	0.0323930789489769
TG>GA	0.0004153121044655	0.00150421125897	0.0005472133831718	0.0079888816276958	0.0032311244455455	0.0075089670045925	0.0087413979620615	0.0002676703945456	0.0062777359093441	2.190916347815263e-05	0.0074039104025717	0.002522697753785	0.0060990097964514	0.0038334254444055	0.0055665679307656	0.0012074676307924	0.010235035838028	0.000787497870228	0.0033420638573882	0.0196963419400209	0.0072614384753061	0.0019685624216265
TG>GC	9.069264065110238e-05	0.0002783307114568	0.0005210554152973	0.0006146859319996	0.0002885288290379	0.0056519106052178	0.0041111064299008	0.0034965013424127	0.0039718363224103	8.036975315500543e-18	0.0061986225919496	0.0021424000061672	0.0021921594577571	0.0032978914861396	0.0006620208857028	0.0014276992368663	0.007678439530655	0.0008484757568938	0.0013892305568015	0.000533971613737	0.0019243294965149	0.0017509193307952
TG>GT	0.0019388056443479	0.006548947986966	0.0107768503886161	3.285670767517767e-05	0.0817168170384683	0.0276539909593047	0.0092287972380819	0.0077634186367728	0.0033928212977963	0.0023537101093543	0.0053073174223718	0.0061023677146882	0.019142647081019	0.0353145577066674	0.0058902877402644	0.0294369861641411	0.0033251571219792	0.0031673753708044	0.0097271349156587	0.0054029979289943	0.1244307054900977	0.0161723478393864
TT>AA	0.0050649461489882	0.003987407020607	0.003046017106001	1.655449014496394e-05	0.0043953436897672	0.0001761105569512	0.225121300008761	0.0031969458066049	0.0003131779858316	0.0142194572772978	0.0043680131385115	0.0042600687675965	0.0119092179557624	0.1897686284641541	0.0076103663673706	0.0307761544207447	0.0001967060918147	0.0251405578581723	0.0486746787160368	0.0582663598234119	0.0505843260949799	0.0137014018959282
TT>AC	0.0006642551570523	0.0003191775899906	0.0022987024177785	6.069979719820112e-07	0.0008629884835588	0.0001167985364497	0.0383185191912094	1.0094507799738725e-17	0.006116606665552	7.266318288061545e-18	0.0009523549372062	0.0004080605403451	0.0013299618768686	0.0121582654086444	0.003429649486011	0.0079480096353438	0.0111207607570343	0.0161259175608566	0.0088571369565336	0.0098066239171431	0.000995068041728	0.002656033591687
TT>AG	0.0003856367988338	0.0001989082426534	0.0216626660752061	6.4378572785970875e-18	0.0007977729570464	0.0019344828872624	0.0516342042411792	0.0130378241846191	0.0008431001232307	0.0068253400422444	0.0011629716214976	0.0030330732852859	0.0052315193750007	0.0066564062067404	0.0002429047567769	0.0281339455144257	0.0059446803133597	0.0074271555307851	0.0086620647930477	0.0144693832714838	0.002853843283816	0.0034221794346592
TT>CA	0.0006688677902864	3.857069519380449e-18	0.0006565013232448	6.4378572785970875e-18	9.381086505474976e-18	7.572057866957071e-18	0.0935929825926293	0.0056169798802131	8.295996069253546e-18	0.0012650414987076	0.0018497662322863	0.0032742409621208	0.0034398421780907	0.0073094481226817	0.0024588630941589	0.0821620481362168	0.0129043955937766	0.015665077620534	0.0203013003074703	0.0005957001174119	0.0004254080240578	0.0063530157592504
TT>CC	0.0050003655943424	2.7563710234421436e-06	0.007719098168428	6.4378572785970875e-18	0.0006905694742091	7.572057866957071e-18	0.0339118893787988	0.0002625420681242	0.0047389926675629	0.0028242786719842	0.0036629036750846	1.8672993989060466e-07	9.483663527169004e-07	0.3663647475824656	0.0126375969865829	1.7630850924534653e-06	3.528460324088353e-06	1.9571201388721245e-07	0.0312771042220629	0.0025620293620542	0.0103954152534339	0.0037907953113435
TT>CG	7.729227454826011e-05	1.4059342132993484e-05	0.0300817804619919	6.6677807528326984e-18	9.381086505474976e-18	1.0217716639749298e-05	0.0025577608776044	0.00010358840973	1.8190556165140665e-05	0.008413996488795	9.121252676455916e-18	0.0016613611063157	0.000773831718781	3.2887890224295564e-05	0.0024844914967969	0.0102412727805678	0.0059178779430295	0.0035314146542025	0.0034107529595588	0.0009165268087061	0.0017125003292004	0.0009442719344845
TT>GA	0.0017159927196375	4.430542685331499e-05	0.0116354056057531	6.4378572785970875e-18	2.671376062035255e-05	7.572057866957071e-18	0.0417671861675965	0.0032415956905736	8.424616163350499e-18	0.0085218684649459	0.0006474184560367	0.0004393745553182	0.0025532162813477	0.0155533224475549	0.0007342000840274	0.0074717544381979	0.008043649935097	0.0012529298495083	0.0151238695461169	0.0012533376486926	0.060841855600756	0.0047664520066563
TT>GC	0.0009779308191289	1.4244333476848662e-06	0.0629068674443039	6.4378572785970875e-18	5.056852344856034e-05	3.731291165765593e-07	0.003515723713628	0.0002553981938875	3.2706252498939775e-05	0.025300828012933	5.29325707529269e-06	0.0064939567817936	0.0006820172109533	0.0062515621509169	0.0096546213150029	0.0121832742789658	0.0168756572606098	0.0024935556908984	0.0088942937343743	0.0025203069215755	0.0001524824985067	0.001474194730788
TT>GG	0.001485348145143	3.857069519380449e-18	0.1617605170965247	6.4378572785970875e-18	9.381086505474976e-18	7.572057866957071e-18	8.663735435096415e-18	0.000480435145599	8.286808919675189e-18	0.083061246107051	6.721887012568918e-18	2.920138421693499e-07	2.095438036479247e-06	0.1722440146858112	1.3171110789726426e-05	0.0002516234639916	4.410575405110441e-06	3.655752712232836e-07	0.0097460590359734	0.0001756210682686	2.578230448835552e-07	0.0014515141756968
