Type	Signature_1	Signature_2	Signature_3	Signature_4	Signature_5	Signature_6	Signature_7	Signature_8	Signature_9	Signature_10	Signature_11	Signature_12	Signature_13	Signature_14	Signature_15	Signature_16	Signature_17	Signature_18	Signature_19	Signature_20	Signature_21	Signature_22	Signature_23	Signature_24	Signature_25	Signature_26	Signature_27	Signature_28	Signature_29	Signature_30
A[C>A]A	0.00607998594479497	0.000572018429401629	0.018810280450212	0.0262286108721406	0.0124716798251256	0.000935482644432596	0.000274504262216006	0.031385747438331	0.0119644051754812	0.000471476125758347	0.00014336154864342	0.00719691045754492	0.000294611130397862	6.37696372412205e-05	0.000774467678273958	0.015021899677586	0.00157184726855123	0.0364274453288569	0.00770186371048747	0.000821883480939315	8.37252584538305e-05	0.00137165314102777	0.000311014903284332	0.0190662795162207	0.00841892859966967	0.00176572358228734	0.0054981928536492	0.00149590270737748	0.0482168239355041	0
A[C>A]C	0.00698712789332387	0.000723110323589675	0.0211355453574581	0.0309531394824325	0.0104266709933874	0.00214787322617262	0.000478324806999375	0.0396143911544886	0.00931211795559692	0.000938913245853731	0.000999232354826387	0.00612374406997402	0.000795886489143114	0.00373359354216986	0.00332187844368207	0.0126163728546131	0.000409326009840693	0.0109925492456511	0.00742518999990699	0.00214730696855813	0.000816993002216378	0.00311591217336857	0.000350776948816004	0.0187556387289283	0.0082996314947427	0.00179458097864535	0.00697632382486877	0.00136865044530542	0.0529712483058579	0
A[C>A]G	0.00185060857345358	0.000188579620539625	0.00411266888230019	0.0298123482913598	0.00417792671782159	0.000623762825878041	0	0.00489362852616222	0.00113016679012867	0.0004580844947228	0	0.00360219290634367	7.6105301103664e-05	0.000722847397809039	0	0.00465354944953238	3.06592278546389e-06	0.00373901100633469	0.000815914642323995	2.55323563481625e-07	0	0	0	0.0309010633051926	0.00279336390097584	0.000557235444921417	0.00187414759767703	0	0.0278766020443748	0.00331425788683338
A[C>A]T	0.00335256834206394	0.00026640845113285	0.0135461566174887	0.0171420376548436	0.00754426245329129	0.00102639413060637	0.00026947770358854	0.0281934152523205	0.00665568139609017	0.00608307595399571	0.000140736397312934	0.00422072397688264	0.000731477949209651	0.0185301699800898	0.00333356207472418	0.00806037781522599	0.00267815316819592	0.0137448090712704	0.00522898645597045	0.00205681579383048	0.00049315278819404	0.000825836191380715	0	0.0160736127615106	0.00414756600614673	0.00050806378181583	0.00281844047620641	0.000539521284260319	0.0181299782965085	0
A[C>G]A	0.000986677648984746	0.000220761969763082	0.0203630559539803	0.00697034316328118	0.00974177829830816	0.000715369081036692	0	0.00714324836544462	0.00478576207019249	0.000336768661255962	0.000501765420251969	0.00289745745693367	0.00332242520571355	6.37696372412205e-05	0.000655318804693351	0.00447857878586415	0.00142571935925727	0.00109339642368597	0.00417484201129227	0.00048551287000468	0.000418626292269152	0.000481190652272895	0	0.00798236018956955	0.00683310081400893	0.00110186605212116	0.00139858369097387	0.000273176094689935	0.00640895636248068	0
A[C>G]C	0.00197097675499132	0.00031520052735914	0.0143811167480913	0.00540928651149306	0.00848486823950764	0.000920517096931121	0	0.00513132584578356	0.00319669720863775	0.000281673973756118	0.000299769706447917	0.00195438640531086	0.00112969202024482	0	8.30469610920517e-05	0.00312157678877025	0.00194582850898812	0.00251082741242234	0.00190646770267882	0.0019995299266223	0.00093370628824729	0	0	0.0078170333637397	0.00194000425070793	0.00184409560443691	0.0026076537326754	0.000401257780566386	0.00334146301167641	0
A[C>G]G	0.000735921201879802	0.00041643314365431	0.010146214976102	0.00505017921875495	0.0043595753916765	0	0	0.0011324985746179	0	0	0	0	3.96850902239022e-05	0	0.00081035229565913	0	5.01873932468348e-05	0.00427245072956609	0	2.01095599467431e-05	0	0	0	0	0	0.000602962414974448	0	0	0.000241221813857626	0.00812012556017737
A[C>G]T	0.00159402462764681	0.000502540420279589	0.0193864098388813	0.00380934170107636	0.00958406161842813	0.000972373386890241	6.73694258971351e-05	0.00724577458676351	0.00371935136840333	0.000132240781608602	0.000633313787908201	0.00229387172656665	0.00333542705635327	6.26019256084112e-05	0.000584835451705993	0.00668644977853974	0.00111896914994266	0.00281844473620276	0.00508766249770098	0.00058024653846665	0.00147945836458212	0.000268090284342767	0	0.00253607648316284	0.00286308976570309	0.00212300421695396	0.00137147702541862	0.000323347106861452	0.00268979216712864	0
A[C>T]A	0.0161689196706557	0.00623503200110598	0.0151621816861223	0.00862310494426539	0.0182291259431299	0.0171688579448806	0	0.0154430094721202	0.00927241401099793	0	0.0161281742223847	0.0113094307189992	0.00130266875517511	0.0186845037116776	0.00697020910446565	0.0125960028352429	0.00802259052771286	0.00275756988118285	0.0159075876637171	0.0228867501792658	0.00426998818114535	0.00283928918843992	0.013560681011269	0.00420350015519313	0.0178536324027695	0.0051135785097301	0.0144945600523576	0.00581665875056326	0.00358082865847975	0.0483905722599338
A[C>T]C	0.0109379318432533	0.00318430242794778	0.0105207001146486	0.00751289793262924	0.014842644100621	0.0125036905666477	0.0188459973957754	0.00673235202205525	0.00778326276885712	0.00300452238673193	0.10981563579542	0.00703579105911909	4.96971428840919e-05	0.0285353220722982	0.0140349364245568	0.0098849931644391	0.00505240031999114	0.0024770953546141	0.0203691022970422	0.0215517138876351	0.00723622373391649	0.00193851872195577	0.0783036589269509	0.00356686106704932	0.015583500795218	0.012823105636917	0.00798647086215363	0.00270900853868936	0.00862147775417333	0.0563497228236626
A[C>T]G	0.213178698257398	0.00631027188210977	0.00687139046565168	0.00456145219758511	0.0317154327737412	0.113275329179452	0.000155579285232369	0.0373325345297742	0.0282541697532168	0.0192395487783575	0.0117003231229556	0.00402598030708999	0.000631663107078041	0.0717064618626566	0.0417331432264452	0.00740337412425606	0.017951786951884	0.0138312161127528	0.060051317675046	0.0545920922667875	0.0485913688161011	0.00749589750615781	0.0143840577552454	0.00469372795627662	0.0379146704900018	0.0391127102865263	0.0160583515760622	0.0131824494540648	0.0494194261863341	0.0344690906662765
A[C>T]T	0.00678902916809421	0.00273614978495855	0.0123239457918666	0.00416205852525009	0.0135022584622337	0.00804909081370255	0.00289688531357681	0.0174588275333095	0.00743870273680665	0.00310765836780216	0.0449652789414823	0.00614757622719863	0	0.01734073339353	0.00385991398125957	0.00925111544702078	0.00483125854127579	0.0039667145070484	0.0187960864498397	0.0128684304932925	0.0024657639409702	0	0.0223653356011948	0.00223488456194936	0.00478387214198763	0.00963203785489376	0.00464059110183498	0.00171207269377932	0.00322607230451183	0.0160022937589994
A[T>A]A	0.00109328454987598	5.50408674899838e-08	0.00354842645941262	0.00171167581161955	0.00368772836533624	0.000163846026768778	0.000340554757290528	0.0056692148772456	0.00598677707466816	0	7.11427312769895e-05	0.00269017924877549	0.000543130524761394	0	0.000620836283792813	0.00375043679432107	0.000260999930333451	0.00108641821983769	0.000392918599450522	0.000198543506457071	0.00344851754483829	0.0224555663972958	0	0.000385368907311717	0.00862463767469991	0.00191561982368395	0.0749916228064769	0.000512105380643051	0	0.00279314440033239
A[T>A]C	0.00134186543022918	9.78647990150948e-05	0.00646160243808563	0.00289502918595679	0.00637999287657666	0.0018758869709629	0.000567133108564867	0.0109767166494712	0.00432578639322965	0.000139154602688851	7.40471933609153e-05	0.00627588019823755	0.000963677655447626	0.000526999068192368	0.00553870670889074	0.00703603117747396	0.00166501314340205	0.00060400503146426	0.00394088566432298	0.00141852409238791	0.025254877259513	0.0109908579699447	0	1.04323244257175e-05	0.00781440987776438	0.0114659702811927	0.00159742048760079	0.00372175431557355	0.00217050362869637	0.00286944725577283
A[T>A]G	0.00149811058555355	0.00043440660972898	0.00607232077428024	0.00699091904067017	0.0093450796948819	0	0.000600874062401093	0.0116726362077916	0.00659584780362536	0	0.000488149192625399	0.0041827802918848	8.7806206890139e-05	0	0.000521620080656949	0.00726174200861624	0.000907614469081717	0.00315789746718683	0.00315120322717457	0.000129147684825512	0.00219923737868145	0.0602554871439589	0.000158454212251526	0.00410039863222793	0.00516577473179511	0.000987297212245615	0.00126005279042309	0.00185970445547675	0.00262083048876314	0.00476463719386819
A[T>A]T	0.00246341673583259	6.71929533222427e-05	0.00399417592090624	0.00115942580475525	0.00502503779073793	0.00156856299354454	0.00129180341089399	0.011083792922003	0.00992021023711684	0.000434692546909797	0.00011565468353767	0.00301610117840008	0.000459981986169818	0.000308670935166431	0.00253119916383973	0.00421519382237075	0.000943882095688037	0.00106087121926064	0.00127751283820088	0.00278003427940468	0.00193626249890714	0.00716087068384359	0	1.77809273994717e-06	0.00679445830251992	0.00185906446543116	0.00144011802861966	0.00325458523746	0.00189187407095046	0.00373471684587707
A[T>C]A	0.00378312140521504	0.000541984611026126	0.00548803552390786	0.00299543267033421	0.0146494792640075	0.00204807533460972	0.000170277378645264	0.00687449449226017	0.012468329114185	0.00103614661044842	0.000213428193830969	0.0216141987918858	0.00023996536435135	0.000822782687750901	0.00339981774457968	0.0331983108830643	0.00114844365240701	0.00104916093226268	0.00517938153821146	0.00566700138173595	0.0110103271009897	0.00762104107109287	0.000363738206140947	0.00156096975806711	0.00872289422571588	0.0236389196062404	0.00264547701740827	0.00217411881976187	0.00345983629738406	0
A[T>C]C	0.00355109269043217	0.000368348255918044	0.00805064066220427	0.00148463035177272	0.0118741896215337	0.00318332334466431	7.08916385706084e-05	0.00687660809852455	0.0108144659830741	0.00361801966991012	0.00111070790041373	0.0306069849667892	0.000132284216504466	0.00303024464210612	0.00449250655276693	0.0164816620732609	0.00715975499928926	0.00112681034824245	0.00356910399787741	0.0138522235180392	0.0142707354377385	0.00104405806159661	0.000157021965628415	0.000431750256275154	0.00835038006380021	0.0246757851838379	0.00201377939263063	0.00871450767436859	0.00451929054802335	0.00672047883630669
A[T>C]G	0.00540298346667809	0.000469085155474719	0.00967051730943933	0.00566264442294284	0.023101969605529	0.0116171178307748	0.000467346492978628	0.00819323454096598	0.0170716060799715	0.00170367543474324	0.000557884791571884	0.0442829130901717	0.000239029947966369	0.002171370024102	0.00423091843199525	0.0315885777374806	0.00370013220270826	0.00233494770223584	0.00945360968152371	0.0371240408834262	0.0182455249194313	0.00435942531125928	0.000332902423272775	0.0017636911968699	0.0164785539212803	0.0436161583513541	0.00584548435841086	0.00574945981563836	0.00982622267974954	0.00654250199937309
A[T>C]T	0.00272723501283508	0.00067060222204584	0.00774698075635125	0.0013913109657063	0.0122568425391321	0.000680697148141967	0.000405995357709539	0.0100354248710209	0.0132448212355019	0.00144897515636599	0.00011565468353767	0.0125670882433337	0.000126595913800393	0.000857419264351197	0.00201855123192283	0.0249398967823603	0.00144910702248237	0.00212882573442124	0.00619400163976187	0.00275012765201816	0.00851054912310349	0.00129020192146651	0.000115572522780984	0.00254956331025984	0.00662861589488851	0.0181906634301127	0.00147281304351442	0.00186099927325144	0.00292456606268505	0
A[T>G]A	0.000431612481937006	1.40197359951035e-05	0.000989926294244733	0	0.00143407988900078	0	0	0.00178992496200351	0.0165749613224284	0	0	0.000556588810091479	0.000168666613258084	0	0	0.00240768781857649	2.26252607750131e-05	0.000138122639378072	0.000500078217482486	6.10177988223192e-07	0	0.000747624757633061	0	0	0.00222963280841313	3.46466754914123e-05	0.000595596420010287	0.00338099601184128	0	0.00195881129948452
A[T>G]C	0.00100964355567117	2.15038765521618e-05	0.00128321651763549	0.000148463035177272	0.00193713378823433	0.000966366015344525	0	0.00070080956268589	0.00525274062035029	0.00278309205377701	0	0.000965520030498082	0.000102170755002369	0.00131749767048092	0.000369247113926049	0.00404812752676584	0.00573324702573699	0.000934475010373733	0	0.000274419657566458	0.00268116847618117	0	0	0.00100654789080858	0	0.000145911776657395	0.00104631091201325	0.0183683338004994	0	0.00188778616677276
A[T>G]G	0.000738596201947826	0.000222900548129142	0.00747250240057909	0.00104863785610053	0.00445831460483602	0.000374745736476607	0.000600874062401093	0.0057094783792527	0.00504388361453703	0.000982889673890332	6.97355989464857e-05	0.00163674011421579	3.08235023958515e-05	0.000434274004820401	0.000695493440875929	0.00553707828156988	0.00290606076563895	0.00166142511478339	0.000700267383816572	0.000446395888555644	0.00130325177995937	0.000964287852531985	0	0.000548847002336681	0.00590603186202699	0.00105697321853567	6.95239896836035e-05	0.00686586198341624	0.00196071965220027	0.00455129630898509
A[T>G]T	0.000930616309889666	9.80984997406359e-05	0.00320803660410494	7.72950536503496e-05	0.00171542388914381	0.000858270317222481	0	0.00135153887388185	0.0103491923014246	0.00496273991055349	0	0.00150805058920004	9.11119128701076e-05	0.00192061915214668	0.000929174376599396	0.00381374679166877	0.0142708102722681	0.000131266584248449	0.000658112674224695	0.000199340482519115	0.000810528487914615	0	0	0.000384976061117365	0	0.000861473504277131	0.000145436444351911	0.0497379474548431	0	0.00381341019579234
C[C>A]A	0.00478613372881834	0.000751824652182472	0.0211051054107955	0.043878421333641	0.0106965491087605	0.00736166126510174	0.00109078206870493	0.0359174640377385	0.0129420652426768	0.00276561042199337	0.000664612295013425	0.0167130913061491	0.00199345180222919	0.00473009231388561	0.00836437419856896	0.0196500540232745	0.00117329894724508	0.0847517870244188	0.0106781918013158	0.016031995733765	0.00221796217617586	0.00549573616955933	0.000149693320439393	0.0560336249736973	0.016713159211304	0.00424909447270701	0.00708598625270421	0.00165681000876467	0.0469169059973758	0
C[C>A]C	0.00594757261880941	0.000264727674261438	0.0197702311454311	0.0652393044472512	0.00611216253183335	0.0196093131191918	0.000608833970955053	0.0322362265611124	0.00840317188712457	0.000896319203223192	0.00180181473813893	0.0154786087326226	0.00150854175726052	0.00961773139151518	0.0073994213242306	0.0137961372642604	0.000535214565643361	0.0219999518524375	0.0169226238557022	0.0375943927091887	0.00173317756227287	0.00507620269935671	0.000747462789785743	0.0332219033969217	0.00983896706387379	0.00509520218283225	0.00348914030793794	0.000529120759949981	0.0263100776155227	0
C[C>A]G	0.00148613076599885	1.72357893038807e-05	0.00506091504984029	0.0192133552440482	0.00710268903429515	0.0152148025482632	0	0.00301168008449946	0	0.00143251052394578	0.00217791438358136	0.00795154498977861	0.000652895224830958	0.0017437915584461	0.00271512181628456	0.00623677069899937	0.000775445110440741	0.037622282699498	0.00393661254093087	0.026417098440166	0.0068684442269087	0.00249422471167697	0.000341740601858782	0.0453575755155656	0.00330053646764076	0.00213499574501093	0.000854625887810465	0.000174499646936892	0.0303461860738845	0.00510811354677993
C[C>A]T	0.00532280209308872	0.000471615952501874	0.0168868821088662	0.0419700064893756	0.0124287152894844	0.0424811031084687	0.00120616109788607	0.0332725155110921	0.0122665977033895	0.0145698309519067	0.0013567617387777	0.00897194467590584	0.00149536531558019	0.108373247655742	0.0183640157391731	0.010596224019377	3.65157344978339e-05	0.0367174878146738	0.00934235032367615	0.0973735339895528	0.00633895090081509	0.00547415308397246	0.000670328053680024	0.0180750516964966	0.0144494824893048	0.0222815256279698	0.00442752820271108	0.00027016081290129	0.0375909535127612	0
C[C>G]A	0.000932417180787424	3.08212954568495e-05	0.0189148331862196	0.00999400052067748	0.00833346605186651	0	9.0898505725411e-05	0.00749408309177468	0.00237711402416512	0	0	0.00235221285049505	0.0062174386584399	0	0.000710182714972835	0.00494340981717597	0.00218763021717119	0.000437720581383258	0.000190681996452067	1.22854845000691e-05	0.000110898108808793	0.000703039866918871	0.000180869512954579	0.0118811151229381	0.00811355622521941	0.00146661154824538	0.00661813068150054	0.000146560277303752	0.00238997181794474	0
C[C>G]C	0.000568753557907876	0.000346448512993276	0.0169741088362777	0.0103065350673996	0.00942097933698191	0	0.000405889313970035	0.00768159498326505	0.00294848136390336	0	0.000211978204486934	0.00262583540999849	0.0011871814263155	0	0.00026426504729395	0.00689806863213022	0.000899933276645686	0.00389473989631722	0.00298008470414883	0.000564541834424932	0	0.00111287485538731	0.000287853539695704	0.0158503873978485	0.00578409761932896	0.00155513318215624	0.00197034634365912	0.000228416710847947	0.00113236155346771	0
C[C>G]G	0.000842717878167254	4.87802729306868e-05	0.0107654100286257	0.0137550156860799	0.0066287746598238	0	0.00125106094352045	0.00170379563434513	0	0	0.00174233150686509	0	0.00076333252950411	0	0.000724032484342548	0.00793770816236285	9.17060754995208e-06	0.0118391431969205	0.000437401393436763	0	0	0.00105878537258996	0	0.00161270762234633	0.0021289992676826	0.000546628987354947	0.00115802965917553	0	0.00318205327255839	0.00732914046331432
C[C>G]T	0.00102325122828586	0.000354314485714538	0.0275808184807744	0.00913236252315116	0.0106272112906511	0.000148795457472745	0.000278344868742938	0.00901987844513494	0.00525711330145265	0	0.000193823105539672	0.00240094294143959	0.00759492671359341	0	0.00136924678756993	0.0100916419232162	0.00110636833287736	0.00537904407577259	0.00077852919363968	0.000113692664243016	0.000339586655400808	0.00217080609147883	0.000181580075658475	0.00934834483633453	0.00022583437233362	0.00268831225961042	0.000382734042110555	0.000421148887770567	0.000130178468161639	0
C[C>T]A	0.0151630016933146	0.0166685646427002	0.0161757899598414	0.0199880010413549	0.0251735787482879	0.00619545750033316	0.0685374733169599	0.00550904354432053	0.0129420652426768	0.00107055887302969	0.0294328302077375	0.0231507264759249	0.00425163334552255	0.00506795605059172	0.0040243687181794	0.0259529015401739	0.0241667119605427	0.0093255794598001	0.0417593572230026	0.0102824667982799	0.00377053569949896	0.00933897248243849	0.0550403775575041	0.00532082766894111	0.0161509591635823	0.00756113136901134	0.0243962637590221	0.00622664760222038	0.00832880869019481	0.068355807627659
C[C>T]C	0.0149870226422792	0.00435708131284225	0.0107187431321179	0.0153004231928407	0.0216103126122457	0.00805527800331943	0.102182634791956	0.00503050315417069	0.0101722607054666	0.00239018454192851	0.160891457205582	0.0129909751863083	0.00130680459373798	0.0157466778665004	0.00775177472062254	0.0135202145189752	0.00488076172509515	0.00602701419530112	0.0801429922222881	0.0186957656728542	0.0112656541547736	0.0095886224834445	0.189053623514369	0	0.00746728872413811	0.00833340654999005	0.0111583453755216	0.00419074693522725	0.00720017418635462	0.0701465764805284
C[C>T]G	0.159088060848471	0.0126759108110336	0.00906934339009766	0.0165933522562234	0.0326200039725202	0.150643264791046	0.0433701127087089	0.0216564222492466	0.0230229819648629	0.0223062353014414	0.0294018441783482	0.0130632524832077	0.000345483324150337	0.0567701029583007	0.0280562587682738	0.00453583323563593	0.0343483384588186	0.035442747953395	0.0520507658189746	0.093932559334755	0.0808950097835915	0.0152453461774205	0.0315763403596105	0.00591397935401213	0.0298769685089726	0.0313116571530364	0.0240797792224928	0.00743039491379968	0.0416065325239768	0.0390888996596455
C[C>T]T	0.0126751151345939	0.0101458546928187	0.0184383893151607	0.0195277113526956	0.0230547412978358	0.0064726024000644	0.0731119188564784	0.0217766357318798	0.0130753843651515	0.00391564206832493	0.079079827060186	0.0259049106839535	0.000727914314050359	0.0160361368846206	0.00773221715333608	0.0266167055724827	0.0111915858088606	0.00502208561297442	0.112789416928549	0.0130399284196587	0.00452782207201078	0.00514116880533431	0.144703045216915	0.00357352543236742	0.0156788748480694	0.00730126081096958	0.0102071858247033	0.00350810996736219	0.0015221338459062	0.0343918577264524
C[T>A]A	0.000490776026892591	9.81265449929644e-05	0.00486587563207403	0.00408271143080442	0.00318887438558941	4.16861521301183e-05	0	0.00778601495395005	0.0041541057810982	0	0.000217203928159935	0.00120367514114439	0.000190112777076183	0	0.000722079347563682	0.00381678535258208	1.95502447943737e-05	0.000225160086726953	0.00234469038750578	2.37666817508819e-05	0	0.0600334978651036	0.000308969056059952	0.00139495089019324	0.0169458539674677	0.00233544376110132	0.264518536976219	0.00208127915129162	0.000921450760163642	0.00299019661696427
C[T>A]C	0.0013953265259965	0.000520312869674059	0.0144481384835158	0.0106747889531775	0.00693575886645407	0.00191475871320444	0.00128579291891435	0.0204550881148966	0.00653822465914052	9.01395860636832e-05	0.00105523519204324	0.0107574099332825	0.000261810969769783	0.00290166156226041	0.00342832743471142	0.0159831672541746	0.0117393580033163	0.00240338628486781	0.00510554154361202	0.00409135683728529	0.00414583595965276	0.0655480375056241	0	0.00240009322327241	0.017987516410062	0.00452000334053002	0.00397706780078381	0.0280945382926091	0.000353485837288824	0.00675000312833562
C[T>A]G	0.00120717046096099	0.000285895893263033	0.0144589753295375	0.0363949058135098	0.0129886401425607	0.000651941861976417	0.000711408760709671	0.020705377310722	0.00753029708519922	0.000299236791255275	0.000636921642967818	0.00429090733966541	0.000373990271040029	0.000188875666720388	0.00238207690043632	0.0179628151936648	0.00567586260222288	0.00589569434091103	0.00223853255402342	0.00116337664059198	0.00309976359752251	0.287963814240117	0.000175880487763354	0.00681216868408418	0.0791906797716473	0.00306426370265361	0.0068773535007256	0.0140036206494335	0.0036291871396596	0.0090931078985311
C[T>A]T	0.00132092795515669	0.000532923014990256	0.0154461956288749	0.00914299404064857	0.0090361290053331	0.000669711365456393	0.00136668924475681	0.0248230146868762	0.00761144524574601	0.000670675352862094	0.000317227515782558	0.00558415294618154	7.79398292856612e-07	0.00141108154842158	0.000461387852467251	0.0099101079467961	0.0296597447689366	0.00264269687898655	0.00175203550624386	0.00183838934143622	0.000926327735675602	0.0623829710454787	0.000347483135484898	0.00214673596324433	0.0344681385121434	0.00156679377873389	0.00634638241939864	0.0129598394842563	0.00170200826988126	0
C[T>C]A	0.00173332801996435	0.000346948301782948	0.00507390364686305	0.00283067992535773	0.00900331740413121	0.00258454143206733	0.000519869210173136	0.00335020672691913	0.011631496187075	0.000255115394602411	5.43009820399836e-05	0.022090979061003	2.85019942623448e-05	0.000289847923042011	0.00144415869512736	0.0103194566940182	0.00482723819949534	0.000104933293195537	0.00359882710640423	0.00784496594693978	0.0138901075204155	0.00278227542369746	0	0.000932212640761828	0.00581782561356814	0.0248463938898741	0.00391982239643291	0.0168167657236037	0	0
C[T>C]C	0.00385099329470754	0.000439929560225357	0.0163847507330961	0.00250040101605958	0.013951738509564	0.00294578263569914	0.000734738810808203	0.012511267233312	0.0157451124444608	0.00171265213520998	0.00038372188801572	0.0481581723757414	5.10078089982961e-05	0.00452317831764123	0.00398642724966443	0.0242244878696083	0.0455359177817999	0.00294242503674792	0.00674316807646871	0.0171111079444844	0.0112049620531156	0.00165062837700407	0	0.00396712554983807	0.0122630600413652	0.0251865691099607	0.00809160126547511	0.06200829429555	0.00255871526688118	0
C[T>C]G	0.00568977314291979	0.000449205355218926	0.0105823427688094	0.0106417853255877	0.0231669479794105	0.0220030378417041	0.00101629822958524	0.00716194607510844	0.0227385441396212	0.00149618395627637	0.000106153607161303	0.0574427918051983	7.07345195957044e-05	0.0015110053337631	0.0112928090094759	0.0262533452830485	0.0363517770276544	0.00277165173792004	0.00426387153147317	0.0764872237253729	0.0261620047630899	0.00371354061860557	0.000325817938138838	0	0.0168189269147662	0.0605597125230983	0.00885541459044865	0.0587948227115084	0.00704280146598957	0
C[T>C]T	0.00406932625506684	0.000519958393488711	0.0112000890300995	0.00429323198430454	0.0175964714525351	0.00200913409636919	0.00341672311189203	0.0105167506344599	0.030335470182321	0.00149038967302687	0.000713761910510755	0.0335049176770892	7.43856112015115e-07	0.00190496009036914	0.00230693926233625	0.0271495665625768	0.0967015306023195	0.00104475209166701	0.00422081281049659	0.00847788229956825	0.0188970858077822	0.00238458610556363	0	0.00117630770942895	0.00843392116292469	0.0198641887423433	0.00455811522696524	0.00598416553545822	0.00231844926238468	0
C[T>G]A	0.000125617417901296	7.22209803296572e-05	0.00126875097099926	0	0.00129096786136718	4.16861521301183e-05	0	0.00156964008780371	0.0163143063403129	0.00112250773625061	0	0.000920457460875124	1.00631643792201e-05	0	0	0.000141362420466003	5.94515242967472e-05	3.33101988129992e-05	0	1.22753344085977e-05	0	0.000773993627304421	0	0	0	6.25571913825295e-05	0	0.0077765502546624	0.000582926830508378	0.00260261606596839
C[T>G]C	0.0015385388352212	2.47756178711447e-05	0.00661274368654058	0.00125020050802979	0.0038857560547314	0.00294578263569914	0.000734738810808203	0.00239796159224078	0.00853972200377537	0.0016225125491463	9.59304720039303e-05	0.00612922193873073	0.000173873170685236	0.00170685974250613	0.00151484235487249	0.0102392165222056	0.0227516457266446	0.00194447953885005	0.0010596406977308	0.00790155483004136	0.00056024810265578	0.00129930107585622	0.000174572023685549	0.00194667896041177	0.00328610942716239	0.00454067569302277	0.000538896002431326	0.0485840266072992	0	0.0059674272201413
C[T>G]G	0.00129770080010414	0.000283210942582429	0.0131474447792881	0.00489522124977032	0.00883512990676271	0.00407463663735261	0.00091466840662672	0.00835979428700154	0.0186042633869628	0.00369058709214839	0.00116768967877433	0.00622873646080463	5.99362022234586e-05	0.00047218916680097	0.000617575492705714	0.00925775859981183	0.0170895032998054	0.00567037408450154	0.00138575824772878	0.0158685556087229	0.000495962175603601	0.00565683871957929	0	0.000112278023366916	0.014826998421142	0.00704736770271954	0.000630755676462711	0.0293535798806061	0.00221382228135789	0.0081188463379742
C[T>G]T	0.00167198421517253	6.22126879880122e-05	0.00818893642850731	0.000954051552067676	0.0106080860145735	0.00523592522084091	0.000987053343435478	0.00460253814703385	0.0561481975374597	0.0135625460245445	0.000713761910510755	0.00651484510387847	0.000451521355218563	0.00444490687752797	0.00296606476586089	0.0192008341469175	0.248192203038012	0.00186745672018933	0.00151312157357424	0.00168414867207293	0.00296424875416192	0.00164404832676041	0.000160025128333639	0.00186581502412291	0.00804782892771934	0.00650184903308345	0.00168168591997521	0.140898248548794	0.000871803615817188	0.00752128610928609
G[C>A]A	0.00607501799176708	0.000397282353409062	0.0110806802474421	0.0363944803251253	0.0133707475993076	0.00177894821928004	0.000277316434366892	0.0272673588240621	0.0158473673549406	0.00127014982843543	0.000386213927843734	0.0078057082655115	0.000156609827678033	0.00154615028075794	0.00192591199938195	0.0120652261391821	0.00755297557549403	0.124982603076331	0.00310261067151309	0.0010471767611555	0.000112777314535064	0.00159492374273757	0.000323337326795767	0.0490193594532953	0.0154292410069893	0.00160364167270727	0.0153023384027862	0.00308081006337657	0.0724321915144494	0.00886153080691105
G[C>A]C	0.00505192383993088	0.00017956604181801	0.0147328219460074	0.045919140374097	0.0123625745627362	0.00511155731625919	0.000109907550497155	0.0216595973706592	0.0146904845720421	0.00237313680616561	0.00114799795964394	0.00838265956926384	0.00106308879123174	0.0116427943352308	0.0094456873832734	0.0140464074790633	0.00177781772695048	0.018577891345228	0.0035736512970584	0.00364937299413273	0.00509540280198791	0.00264303233968851	0.000624427893196237	0.117197918786745	0.00881235306255612	0.00271955867039466	0.0210468571155172	0.00073582943652573	0.0810600912691103	0.0111215705664947
G[C>A]G	0.000987551830512564	0.000437289402262856	0.00230549196597165	0.0477096351564748	0.00685816700296504	0.00337990054182349	0	0.0021273393321377	0	0.000393993878808962	0	0.00410057203857945	0.000249221558787031	0.00205165552641743	0.00226517161244564	0.00982424749388838	0.00322128606976596	0.0195464624704459	0	0.00764289981706626	0.000734641679754657	0.000890450535231944	0.000299804119104914	0.0905701429018659	0.00163740148023567	3.34955817300788e-05	0.00503423301622142	0	0.0350301736150769	0.00192416057668604
G[C>A]T	0.00360635292215579	0.000151937301984185	0.0152992206003534	0.0273703260448196	0.0126939817485954	0.00706779436433224	0.000101313411672074	0.0265775597662255	0.0125114208014374	0.00875028458407616	0.000634938669953077	0.00372560645810369	0.000716028625333751	0.0692898466635419	0.0271766714556854	0.00867795452798974	0.00393140001818908	0.0766368317158872	0.00765107373580975	0.0133033287740637	0.00284290385435843	0.000698948704858624	0	0.0495516105737934	0.0131527241375075	0.0024728562692562	0.0115579547402359	0.0020836794156302	0.0606253754942586	0.00895695656446673
G[C>G]A	0.00044431947746595	5.06047574998815e-05	0.0136179243977505	0.00677556814563502	0.00625063796621503	0	0	0.00428839288610345	0.0014772969568165	0	0	0.00151078224493771	0.00159967405646236	0.000171794475639771	0.00176541933276679	0.00389606260744423	0.00149816348639687	0.00089702579478955	0.00193913166969568	0.00125700689483314	0.000451109258140257	0	0	0.00443342086438251	0.00477780989890653	0.0015398552599966	0.00201761998021477	0.000117646831076002	0.000246641960552438	0.00738460900575921
G[C>G]C	0.00209985900035031	1.94842193450037e-05	0.0133473746522402	0.0104727864011098	0.0072037720017199	0.00264390895668579	0.00043963020198862	0.00417067976535207	0.00463069622379589	0.000215739709651419	0.000229599591928787	0.00164659384396254	0.00111180554010406	0.000102129774870446	0.000477054918347142	0.00478175573755347	0.000358311913483198	0.000748810133262851	0	0.00202039172459601	0.00563176099167084	0	0.000151071264624727	0.00998790360631619	0.00325993666143419	0.00255854834335391	0.00227804149456611	0.000180386180887007	0.00104276989978524	0.00784361769259595
G[C>G]G	3.98225176659396e-07	9.96558891757545e-05	0.00414641487537571	0.0130308254612398	0.00268690676905478	0	0	0.000803052724582829	0	0	0	0	0.000210534710635849	0	0.00104546382112875	0	1.09852376557214e-05	0.00114444225023503	0	1.29881192505417e-06	0	0.000572661003057388	0	0.0109516236691629	0.00104049251329977	0.000519184010692712	0	0	0	0.00342080236264111
G[C>G]T	0.000719867107411786	0.000332034262244027	0.0224369027606989	0.00636519210344642	0.00744447128561377	0.00138106326659366	0	0.00728841583222204	0.00647650017956758	0.000397740208367098	0	0.0012418688193679	0.00348218503999798	0.000282431440204654	0.00158310707508847	0.00399461398907463	0.00230580871189652	0.00146503923828247	0	0.00127330818022087	0.000494418061627553	0.00072492042209599	0	0.00300262151797541	0.00250420045946971	0.00156618729302085	0.00711139725377272	0.000252346417903161	0.00487906694003197	0
G[C>T]A	0.0184065843530573	0.00721266727959167	0.0184293742949659	0.00842106326671782	0.0225296578904203	0.048402216132911	0	0.00260357253696173	0.00832658284751113	0	0.0252004587918037	0.015611416531023	0.00347828341582614	0.0478447614656762	0.0381972546544088	0.0157099298687267	0.00239086241915699	0.0026245001003209	0.0362617622233092	0.053285579153771	0.0183827022692154	0.00235285016781292	0.0492360945624144	0.0212291023829503	0.0115021950053166	0.0112013925216971	0.0202240733497928	0.00487974419066913	0.0108015362195014	0.048640224908229
G[C>T]C	0.0238307205675286	0.0026781443624674	0.0111530494909999	0.00920684518778887	0.0240923023473977	0.0681247207839371	0.0230805856044025	0.00221313359000585	0.0110178634290316	0.014454560546645	0.111929801065284	0.0137715121495049	0.00354507323140294	0.0631162008699358	0.128327773035381	0.0137475477454662	0.000447247170043463	0.00484775165231139	0.070781351496576	0.0607180761616031	0.0525631025889278	0.00471629084804332	0.178997003469376	0.0169692168074001	0.00947389907968232	0.0270445220010137	0.034074025413351	0.0028928813483035	0.00417295559385584	0.0588856866941776
G[C>T]G	0.165951077567145	0.000742583665190275	0.00300964580549417	0.00483401589691154	0.0322105141509049	0.21550889645246	0.000401436547780032	0.0290175284949724	0.0256619911507629	0.05318917363921	0.0188687447825034	0.00628754379248846	0.00825051263508075	0.182410827712386	0.31869222147408	0.0024560618734721	0.018848715783123	0.0250826084980189	0.0585267839434853	0.00935636579063468	0.00465273063844616	0.00880372981561825	0.0261775502925025	0.0246220617184991	0.0260459393103596	0.0569736018428847	0.0289409873734807	0.00685449407009729	0.0396672469034274	0.0342073715896178
G[C>T]T	0.014306954257373	0.00403965919655527	0.0132906161816352	0.00869909587471012	0.0240329311285569	0.0425692442173574	0.0163114592792039	0.00793106717896451	0.0148665117758256	0.0151141279179497	0.0552396642859178	0.0158683238030342	0.00219280589745396	0.0522498164378611	0.0703603144483766	0.0159784559562986	0.00117253848106962	0.00203612074426696	0.0974449252185768	0.0509840471175894	0.0205183495575434	0.00149990032149387	0.108965422426979	0.017814449887846	0.0123373448711098	0.0221183323451369	0.0118343699710276	0.00164985670656309	0.00586021344134466	0.0207196472723131
G[T>A]A	0.00035787925171368	9.13146930791318e-05	0.00356571417559541	0.00469917178001273	0.0053321707770644	0	0	0.00659361821896788	0.00283479021861717	0	0.000203804489998223	0.0013287290744405	0.000115070369105926	0	0	0.00265283379099609	6.9489185146434e-06	0.0012811968504941	0.00177367973632176	0.00010768757157672	0	0.0464209682183469	0	0.00140361097440114	0.0291994934684273	0.00184008549523636	0.109962396776765	0.00055946764533173	0.00191330535730178	0.00263258339263522
G[T>A]C	0.000461038536008908	0.000375101999408944	0.00725769263325985	0.00569267964559145	0.00511397775576028	0.00234733903082192	0	0.0103006654528551	0.00440492825642098	0.000102610697954248	0.000327608316742746	0.00555329771326345	0.000339033855060845	0.00242876183951001	0.00344885167798098	0.00568577864582594	0.00336379795877777	0.00165852207822691	0	0.00403146754637371	0.018112392328188	0.0131839553295461	0.000191470921633981	0.00492103774165735	0.00757766933412043	0.00686725850029647	3.77420857353092e-05	0.00515984060363931	0	0.00378630165396764
G[T>A]G	0.000844272530364875	9.54501255884145e-05	0.0087910100804468	0.0122717803593551	0.007303439838676	0.000423947004350485	0.000528705536598846	0.00994085873059585	0.00358460581115804	0	0.000368159648433277	0.00228025009393897	0.000173480444767812	0	0.00198887184781653	0.00611002045986956	0.00389863546341938	0.00139328725541481	0.00147878671857706	0.000740834530600705	0.00333266528675167	0.0588931775671387	0	0.000167300215700968	0.0417703602404513	0.00150956951951019	0.0021237078255341	0.00295908345563139	0.000472093506764959	0.00478679328831643
G[T>A]T	0.00106190602939206	0.000166297204161562	0.00677342658672957	0.00297470014885022	0.00391683925139105	0.00106305164513447	0.000631302278357028	0.0140061951949243	0.00330187495909598	0.000247839151393971	6.59403038457485e-05	0.00266541798548165	9.93741117763737e-05	0.000527964487834937	0.00235654998881195	0.00283244298771756	0.00306160727537154	0.00239443487283653	0.00344321111097575	0.00121790904053437	0.00315782900511763	0.00889385340325542	0	0	0.015782418076176	0.00200124914897683	0	0.00197708255386104	0	0.00437086236309202
G[T>C]A	0.00583987884763303	3.71141608675155e-06	0.00550767482709139	0.00415434026928662	0.0128905983905242	0.00636262677637873	0.000130079512702119	0.00463445164236739	0.00859886366313874	0.00408537046636188	0.000679348299994077	0.050757450643627	0.000879190774216455	0.00471409525742165	0.0110099250241307	0.0142368746783457	9.27098422059959e-06	0.000361471070181892	0.00266051960448264	0.00163008046640831	0.113152936021515	0.0036451576508212	0.000163302391323676	0.000800958570475306	0.0141006352212606	0.0804434729473025	0.00478218699937783	0.00370811711770779	0.00463017707323242	0
G[T>C]C	0.00584193874352095	0.000237504975087899	0.00809173518117457	0.00175159373710506	0.0121752866398423	0.00494617867208904	0.000104549046489186	0.00674686931998284	0.0147337255473391	0.010363680493379	0.00174724435596131	0.0390154762419022	0.000710467029236831	0.0123381101447108	0.0452888680871712	0.0140723021484193	0.0126236694945456	0.00250279042530485	0.00328976050034421	0.00166135826040588	0.0848221190017253	0	0.000562505708829238	0.00680420801244886	0.00524298588885178	0.0530496657513236	0.00316177067185298	0.0115316942463056	0.00746438422200003	0.00746120486788432
G[T>C]G	0.00350136952997273	5.32589001038927e-07	0.00664354154799465	0.00387529906084898	0.0151162128297137	0.00812565091671761	0.000264352768299423	0.0055324616897679	0.012034033794602	0.00467012960423937	0.00174875833005807	0.0492053967639463	0.000712031613165706	0.00671430872108843	0.0117802409447594	0.0177310397658959	0.0051273417654056	0.00543392983868196	0.00554545019466399	0.0244535701575126	0.095034713338338	0.00172706098669191	0	0.000237316520126603	0.0146391054074172	0.0495964730366873	0.00166698462479327	0.0113151935197992	0.00499230117420361	0.00750875896567012
G[T>C]T	0.00537591232410625	0.000445964354054329	0.00586049958091762	0.00158650674605346	0.0120298439227832	0.00212610329026894	0.00511354845469194	0.00667449342820711	0.0115565623568359	0.0076830136932131	0.00151662698845222	0.0348223962619377	0.000547437928862318	0.00504499399486718	0.00515152788251916	0.0121880880077543	0.00643199068679347	0.00316397775267968	0.00655534423051153	0.000960017633409427	0.0772512802959269	0.00130960159182378	0.000628412045358501	0.00259513668199982	0.0110806580444088	0.0442182671270002	0.00364086820742591	0.000401657616180389	0.00712257493915592	0.00578297240288608
G[T>G]A	5.14241907014323e-05	7.58763188899413e-05	0.00333230761142442	0	0.00128760921430199	0	0	0.000789514513792004	0.00680349652468121	0	0	0	1.54220674381594e-05	0	0	0	3.18704165815675e-05	0.000916463652401959	0	2.36271839396224e-06	0	0	0	0	0.00447147571357533	3.06777643114786e-05	0	0	0	0.00228615006710358
G[T>G]C	0.000168893468416672	5.99964728011536e-05	0.0058186125750885	0	0.000416757172416138	0.0013413365890411	0	0.000683433169218318	0.000911364466845718	0.00205221395908496	0	0.000569568996232148	0.000125191232428569	0.0018458589980276	0.00199670360304162	0.00454862291666074	0.0118665251194311	1.010756321946e-06	0	0.00300364105864516	0.000765312351895266	0	0	0.0010886508755215	0	0.00324512495380971	8.17261329548775e-05	0	0	0.00211589110218732
G[T>G]G	0.0008359188774498	0.000118262660186311	0.017855636718171	0.00166084245464956	0.00637584966335421	0.000706578340584139	0.0014979990203634	0.00668165391995015	0.00640108180563936	0.000778354934039895	0.000920399121083189	0.00132014479122782	1.19548829719439e-05	0.000982581764061723	0.00283031762958506	0.000958434581940321	0.00526906832309426	0.00897316334052494	0.00397423930617586	0.00244450191382038	0.000430021327322796	0.00219862026401853	0.000164838962892458	0.00249951914400816	0.00948678350669894	0.000908329864658779	0.0064322972238159	0.00579736817397144	0.00322075776632982	0.00319122733126843
G[T>G]T	0.00040353000802518	6.66537609655561e-05	0.00551546688528692	0.000132208895504454	0.00253964543993365	0.00177175274189079	0.000568172050521326	0.00426772280041508	0.0169679685397988	0.00185879363545478	0	0.00275139921081977	4.35085803468889e-05	0.00222918339308085	0.0104126627412621	0.00377659065029008	0.0501172194647073	0.00191669727030999	0.00165538995719988	0.00228015700631876	0.000616161757096124	0	0	0.000505191471038428	0.00216654375883574	0.00623804348982842	0.00223323880314777	0.0311658337269351	0.00391760818953189	0.00383287010801243
T[C>A]A	0.0069911781317377	0.01320404197843	0.0102990567476063	0.0247037734650562	0.0128467972513625	0.000974546722931578	0.00071491767048126	0.0240715844132647	0.0230584319882562	0.0262421974667699	0.000672066314809204	0.00642637760461208	0.0441598088683601	0.000332162714967636	0.00353754303399493	0.0118583903637396	0.00163081612120627	0.050371908374756	0.00382427538744129	0.000499444097578853	8.72214751800872e-05	0.0038492253918062	0.00148028446811549	0.0218075614402522	0.00614856599031208	0.00241686692370976	0.00778938604943251	0.000865256299420017	0.0193037295595557	0
T[C>A]C	0.00851608065014684	0.00762250179143309	0.0196206516490282	0.0538404194575322	0.0139998877683497	0.00222243232251415	0.00191144950628856	0.0215342758070399	0.00597065607037039	0.00966145697961033	0.00249566581556023	0.0128864799473595	0.0212398007004797	0.0147423177663831	0.00514393377064556	0.018841293593844	0.00153723422505479	0.0420301244587555	0.00631533415188348	0.00393661251632708	0.000583002255205511	0.00347963854565685	0.000665343937179442	0.0579684706060564	0.0121391217336271	0.0024492449003451	0.00922093841978333	0.00123629465550764	0.030328781434445	0
T[C>A]G	0.00326863899492071	0.00363915439275969	0.00301916405712807	0.0195957375666327	0.00854088381366687	0.00158717695170254	0.000359885994890006	0.00379871741248559	0	0.00547481199088079	0.000187952686584918	0.00465644872342944	0.00529174536330505	0	0.00390522268783926	0.00978599123278027	0.00488848523968106	0.0286574444885837	0.00339727267834627	0.00182838082501247	0	0.00122706405335937	0.000178789397596525	0.0223432216159733	0	0.000601658575070734	0.00400573503256623	0	0.0225831467446921	0.00325827025885981
T[C>A]T	0.00902476346339299	0.0112116497658343	0.0149548186524354	0.0287042296663721	0.0164398099221949	0.00344569278479836	0.000963150600502466	0.0351974339779107	0.0346599142827231	0.224180037528802	0.000309545450966652	0.004944395481087	0.0177051916159912	0.0355242890202247	0.00932587723535972	0.0158146789666358	0.00464280618632138	0.0917314363976212	0.00676072157420489	0.0091959961770297	0.000361558216001875	0.00354994453464232	0.000153628241744543	0.021770740269743	0.0226159745097454	0.00281971320328959	0.0111818295260282	0.0023091055264044	0.030651161201541	0
T[C>G]A	0.00106998894393071	0.032506716142999	0.014177306814848	0.00239551742691454	0.00233132241221027	0	0.000142983534096252	0.00366685644715208	0.00342760475501106	0	7.46740349788004e-05	0.0023368645834953	0.25692624177888	0	0.000558559426420252	0.00485999605071293	0.000350987131668197	0.00135387776654573	0.000374928959553068	1.76314577259069e-05	0.000174442950360174	0.000214225688356702	0.000164808810202263	0.00708690061883402	0.00868360215267659	0.00378924952769511	0.00315835820875601	0.000581411761689878	0.000588882533968466	0
T[C>G]C	0.00157731082589775	2.2652725765449e-05	0.0238068239746459	0.0105078885558381	0.00921128490020008	0.000153271194656148	0.000955724753144285	0.00452314691690836	0.00347131166881999	0	0.0010980929588465	0.00351449453109806	0.0783003713154454	0	0.00215713351672233	0.00831615717245528	0.000783365806153227	0.00789326417307435	0.0011026773915987	0.0001474434748623	0.000349801353123307	0.000798472381581622	0.00015839139223244	0.00702459592944643	0.00386982016482975	0.00338489227055044	0.00457158861240988	0.0009948377250711	0.000426143331002049	0
T[C>G]G	0.000437969732414996	0.00357107095383483	0.00562330979949674	0.00584103715928475	0.00288698760888789	0	0.000539828992335009	5.74960128815939e-05	0	0	0.000563858059754753	0	0.0219881651905092	0	0	0	3.06894858707998e-05	0.00286004675542808	0	0	0	0.000946469353497948	0	0.00277962230281352	0.00458918726754705	1.40659232566635e-08	3.54777260483734e-05	0	0.000258878358803236	0.00383327058979484
T[C>G]T	0.00186395065211378	0.0604967779088204	0.0299256552369474	0.00387894995491514	0.00598769506596917	5.94084962896267e-05	0.000518619554116712	0.00576534313859498	0.00527433478215353	7.27149002688296e-05	0.000619090901933304	0.00151359045339398	0.313755660518223	6.88455213570247e-05	0.000964745920899284	0.0170234442379709	0.0026421016357827	0.00277588542252996	0.00815949155507487	0.000513644880897248	0.000271168662001406	0.000253398768222073	0.000325102188910501	0.00438374650489936	0.0150623699462664	0.00749451613800078	0.00242945048633075	0.00143970487998529	0.00101895059703212	0
T[C>T]A	0.00827072028412308	0.366547706922109	0.00784828043430383	0.00262009718568778	0.00956296685819488	0.00424214455864334	0.0859331039918474	0.00639418539811715	0.00519334053789554	0.00259615322532216	0.0225515585635978	0.013436971355098	0.104373210810811	0.0061117939554045	0.00695096175100758	0.0167183864144525	0.0143911102555092	0.0112062091216878	0.0163469026365138	0.00777162506856104	0.00558217441152558	0.0019159714999034	0.0104045739068652	0.0184243225838357	0.00981686777778775	0.0101932494213125	0.0206393120398033	0.00850004245184048	0.0086680884380901	0.0657936086737959
T[C>T]C	0.0134893222903198	0.0956503973186039	0.0159849841196675	0.00700525903722538	0.0239986740599556	0.00513458502098096	0.275917736232754	0.00483430068173982	0.0116636072072352	0.0197919167252211	0.158624519237008	0.0123658140909005	0.0184150457105796	0.0251329875173881	0.012942801100334	0.0170221342123695	0.0200500568372425	0.0100010816202816	0.033080321747961	0.00793050702957025	0.0100276387895348	0.00252845356042087	0.0415694830909456	0.0111747528240252	0.00763985716700324	0.01302899625857	0.0117514947122385	0.00762776616649993	0	0.0934521567247548
T[C>T]G	0.109173498819129	0.104838999018082	0.00379366306255812	0.00207262608877846	0.0164903188501155	0.0564169261923361	0.178503453465443	0.0124058470709025	0.0122872182857327	0.378115241047605	0.0150362149267934	0.00245076248601549	0.0140813490991692	0.0157176513090466	0.0162457263814113	0.00880739210950225	0.0366074659660333	0.0218293787374515	0.0169863633917314	0.0423057983710141	0.0276613194221262	0.00358319912475755	0.00495145342621223	0.00936019407965066	0.0314135703696216	0.0235249089776399	0.0127647357637224	0.00538358228497432	0.0285985815115032	0.0295167486044361
T[C>T]T	0.00813914997399105	0.206849827996756	0.0094377737287155	0.00597358293056932	0.0106221250791062	0.00279219932561246	0.0625307005249293	0.011266726749442	0.0103333905936069	0.0285042409053812	0.0738265900555465	0.00908154272036388	0.0267371606392188	0.0157656243907586	0.00488804599922304	0.0194409747806414	0.0183657314550437	0.00420068393993579	0.0207484213829047	0.00717391904852566	0.00578493145603001	0.00116396141141899	0.018018536652073	0.00397543984321049	0.01140505354183	0.00677469039476966	0.0135475014078583	0.00715722200106234	0.0100135504698088	0.0365380993897343
T[T>A]A	0.0016125925208904	3.55639716737092e-05	0.00318065587696175	0.0016997083539763	0.00403889626151941	5.78490562963352e-05	0.00036071862800103	0.00680234493300901	0.0112675059366433	0	0.000113032520625995	0.00280033313669677	0.000186545713177827	0	0.000250512500513644	0.00416866865348272	0.000315152203160304	0.00176683109476493	0.00147555746721856	0.000338494251077876	0.00118822785933687	0.0195626443957328	0	0	0.00976119948149494	0.000285811995069088	0.0293207136073199	0.000114354691389935	0.000431399059099944	0.00299691939609856
T[T>A]C	0.00115540185047238	4.24557192173363e-06	0.00814736631288143	0.00348737147735261	0.00601932389210231	0.000464445494563782	0.00108602122687687	0.010905996084026	0.0028400866090677	0.000568472692068617	0	0.0130162912993636	0.000716620847395913	0.00107644509496692	0.0011941846933454	0.00856399071695688	0.00233480174972906	0.00196061049443451	0.00364511507118981	0.00052042773595054	0.00397490693248596	0.0246020643203133	0	0.00561346728223068	0.00305651187575118	0.00463370356014659	5.24747087616472e-05	0.0114978709701891	0.00122311611995557	0.00508982534169661
T[T>A]G	0.00054343682334529	5.07847475531387e-05	0.00506906092875998	0.00536225642158568	0.00542668738857595	0	0.000624511443667053	0.00650493953322063	0.012702499946405	0	0	0.00314708445888215	0.000196372543578642	0	0.000325283845651518	0.00534922457047781	1.65008347581497e-05	0.00132289420175761	0.00340617294675721	6.14864491973027e-05	0	0.0579647707979776	0.000144539882871946	0.00678507287399191	0.00788957692303402	1.58641558029693e-05	0	0.00316637454201157	0.0015290862386442	0.00246126282307725
T[T>A]T	0.00122167214222366	0.00012968676760505	0.00699157505193372	0.0018113812092059	0.00478828849051251	0.000215774327725801	0.00192209134891594	0.013240830885393	0.00776317873316512	0.0010564151393204	0.000321223710192595	0.00492150744750636	7.90482431772631e-05	0.000428657188753121	0.000100114300868155	0.00418122835701746	0.00186628190568132	0.00113811162996302	0.0034272508763724	0.000902661143701274	0.000375198767198973	0.0120452989924414	0	0.000100881310446122	0.0069226187585533	0.000599117615080998	0.00114174096298798	0.00988963292201034	0	0
T[T>C]A	0.00232483785908687	4.4891735954266e-05	0.00406484624072216	0.00105759630914081	0.00748477455645409	0.00170654716074189	0.000829652844402368	0.00220203389379502	0.00817549267961097	0.00106209261855237	7.53550137506635e-05	0.024564325760498	0.000362698582533388	0.000603345282328852	0.00212935625436597	0.0120646175147853	0.000770542902273036	0.00011453731340383	0.00196740995629142	0.00209940836849885	0.0171192828622978	0.00230265437603469	0	0.000588549079443301	0.00649025028868595	0.0130995752248597	0.00095545695356116	0.00558701278255553	0.00416427360692088	0
T[T>C]C	0.00280740604627697	0.000415765196807399	0.00980407880454214	0.00121299877473135	0.0125009901690578	0.00203194903871654	0.00130322547225225	0.00548387034039675	0.0144108098311953	0.00689273139133198	0.000680617562821726	0.033724027457442	0.000123465843528543	0.00376755783238422	0.00622233077058919	0.0180139115080817	0.010024177946554	0.00476114515156363	0.00151879794632908	0.00825552311327947	0.027647685997069	0.000877614799361191	0.000166905807149787	0.00164632432552198	0.00664675991864299	0.0334617230598171	0.00388805420151644	0.0327630747026268	0.00260533959916233	0.00717202661784522
T[T>C]G	0.00415053736321813	0.00014666546555852	0.00471946150157973	0.00235416135581811	0.00956820821524245	0.00530815967758057	0.0011865717429674	0.00133208339094713	0.00889174996248349	0.0039840641520454	0.000456616949338561	0.0272180277524943	2.99550506098638e-05	0.00197307758852389	0.00211434499673487	0.0140098738750609	0.00463162058257692	0.00101100420685861	0.0037336895762531	0.0150653496717233	0.0189717391197755	0.00147866816290977	0.000149526835448152	0.000291504947118611	0.00378746250471904	0.015080576631089	0.00110807650469732	0.0152776667519861	0.00106231444321519	0.00405774300571292
T[T>C]T	0.00192014265365814	0.000274720324883975	0.00512023431854823	0.000885564146722882	0.00812404980385655	0.000893922214864035	0.000922603847479647	0.00478980445319379	0.0172577138744463	0.00373518209973999	0.000200764818870372	0.0194242474789878	8.85909002097136e-05	0.000928757242298429	0.00156845738026776	0.00909417167651297	0.00346436135904417	0.000548244199873657	0.00153218274473119	0.00210505643668015	0.0128505577765648	0	0	0.00013353021023224	0.00810783147215605	0.0111875554860867	0.000904009475248213	0.0103685905214495	0.00146648361941946	0
T[T>G]A	0.000402432531412214	3.15934652186224e-05	0.00242012850354101	0	0.00228271756328442	0.000260320753333508	0	0.000783222981965988	0.0263083161869532	0.00177015436425396	0	0.000933444378898926	0.000252844734699694	0	0	0.00333493492278617	6.01658801505154e-05	1.37603816259161e-05	0.00121071381925626	9.85397354687142e-08	0	0.000791747057096335	0	0	0.000930711614037957	3.88347564012326e-06	0.000660110219123096	0.00528323360963274	0	0.00338115285150379
T[T>G]C	0.000746581355054731	1.2624242404289e-05	0.00551366928378819	0.000227437270262127	0.00451898382955598	0.00110305804958898	0.000724014151251252	0.002299450222615	0.00852025982720309	0.00653743595878909	0	0.00266242322032437	0.00021851739684495	0.00100916727653149	0.000251407303862189	0.00679213056862097	0.00870187466913984	0.00245923746443835	0.00136691815169618	0.000277211769344098	0.00158996277299438	0	0	0	0.000519617816590723	0.00248273154200415	0.000312335093443428	0.0340127158526683	0	0.00339326916052051
T[T>G]G	0.00101256463232007	0.000157539109276295	0.00855144040401238	0.00196180112984842	0.00459952559080834	0.000550846758994207	0.000624511443667053	0.00469083856426681	0.00798442853774027	0.00134845248223075	0.000195692978287954	0.000935619703991993	3.83641871074334e-07	0.000116063387560229	0.000487925768477277	0.00416050799926052	0.00353107211726653	0.000494986523508543	0.000720536584890948	0.000326705385096565	0.000228575170117777	0.00213513511238567	0.000154513788648651	0.000824049832755748	0.00729943750588615	0.0010785661162229	0.00226167614614942	0.0123703742539747	0.000221765363709315	0.00558768063922483
T[T>G]T	0.00123674130951875	1.10756380567506e-05	0.00617839316702407	0.000442782073361442	0.00625134703574669	0.00221939308517967	0.00053818557769646	0.00345896369025604	0.030438362658813	0.0238825279710647	0.000120458891322223	0.00167540679064046	0.000330590332214638	0.000893035809902335	0.0011012573095497	0.00851925277742309	0.0278949575138416	0.000858603428843743	0.000524167781092249	0.000240212665118633	0.000140699537699615	0	0	2.59179344822862e-05	0.00375003191585541	0.0012452708197958	8.2570860155164e-05	0.140110094589567	0.00235614013213568	0
