Samples	SBS288A	SBS288B	SBS288C	SBS288D	SBS288E	SBS288F	SBS288G
PD37458	1.27E+01	1.11E+01	9.80E+00	8.39E+00	4.83E+00	5.66E+00	4.71E+00
PD37459	1.09E+01	8.66E+00	1.01E+01	5.77E+00	5.21E+00	5.47E+00	3.42E+00
PD37461	1.02E+01	9.49E+00	6.70E+00	7.88E+00	4.71E+00	5.27E+00	3.31E+00
PD37462	9.77E+00	8.45E+00	7.61E+00	6.95E+00	4.42E+00	4.42E+00	2.53E+00
PD37463	2.45E+01	1.78E+01	1.55E+01	1.38E+01	3.91E+01	4.17E+01	4.88E+00
PD37464	1.06E+01	9.62E+00	8.91E+00	7.68E+00	1.01E+01	1.16E+01	3.28E+00
PD37466	1.12E+01	1.17E+01	8.10E+00	1.03E+01	1.06E+01	1.15E+01	4.56E+00
PD37467	9.97E+00	8.44E+00	7.10E+00	7.75E+00	1.23E+00	2.91E+00	5.71E+00
PD37468	1.82E+01	1.54E+01	1.84E+01	1.34E+01	7.63E+00	8.15E+00	7.42E+00
PD37469	1.52E+01	1.14E+01	1.25E+01	8.09E+00	1.08E+01	1.33E+01	6.04E+00
PD37470	1.30E+01	1.22E+01	1.44E+01	9.32E+00	6.59E+00	7.20E+00	8.02E+00
PD37472	1.19E+01	1.27E+01	9.14E+00	1.13E+01	5.01E+00	5.91E+00	5.52E+00
PD37473	9.79E+00	9.09E+00	8.11E+00	7.28E+00	4.28E+00	4.99E+00	3.77E+00
PD37474	8.43E+00	6.67E+00	6.90E+00	5.86E+00	3.59E+00	3.98E+00	3.61E+00
PD37475	1.11E+01	1.05E+01	8.85E+00	8.44E+00	4.76E+00	5.02E+00	4.43E+00
PD37476	8.28E+00	7.04E+00	6.64E+00	5.97E+00	3.52E+00	3.64E+00	2.85E+00
PD37478	9.46E+00	9.10E+00	6.32E+00	7.26E+00	4.45E+00	4.23E+00	3.13E+00
PD37479	1.31E+01	1.17E+01	1.16E+01	1.01E+01	4.62E+00	5.31E+00	5.33E+00
PD37480	1.00E+01	1.01E+01	8.16E+00	7.48E+00	4.03E+00	4.69E+00	5.44E+00
PD37481	1.58E+01	1.29E+01	1.38E+01	1.03E+01	5.23E+00	6.76E+00	5.72E+00
PD37482	8.71E+00	8.62E+00	6.39E+00	6.24E+00	2.96E+00	4.08E+00	6.46E+00
PD37483	1.07E+01	1.05E+01	8.05E+00	9.36E+00	4.95E+00	5.22E+00	5.42E+00
PD37484	2.13E+01	1.37E+01	1.09E+01	9.12E+00	3.32E+01	3.30E+01	4.12E+00
PD37485	8.83E+00	7.17E+00	6.62E+00	5.88E+00	3.84E+00	4.13E+00	3.85E+00
PD37486	8.60E+00	7.30E+00	6.56E+00	6.51E+00	3.68E+00	3.97E+00	3.88E+00
PD42572	1.59E+01	1.33E+01	1.18E+01	1.07E+01	2.51E+01	2.53E+01	4.55E+00
PD42573	9.39E+00	8.85E+00	7.39E+00	7.55E+00	6.02E+00	6.72E+00	4.47E+00
PD42574	1.23E+01	1.03E+01	9.08E+00	1.05E+01	6.60E+00	7.27E+00	4.10E+00
PD42576	1.52E+01	1.37E+01	1.19E+01	1.06E+01	1.47E+01	1.80E+01	5.24E+00
PD42578	1.05E+01	1.14E+01	1.00E+01	8.12E+00	4.67E+00	5.07E+00	6.45E+00
PD42580	8.51E+00	8.60E+00	7.17E+00	6.64E+00	3.86E+00	2.91E+00	4.00E+00
PD42585	1.37E+01	1.47E+01	1.20E+01	1.06E+01	1.26E+01	1.16E+01	4.65E+00
PD42586	7.21E+00	6.96E+00	5.60E+00	4.78E+00	3.27E+00	3.74E+00	3.18E+00
PD42587	1.25E+01	1.24E+01	9.67E+00	9.35E+00	2.75E+01	2.83E+01	3.73E+00
PD42590	1.18E+01	1.18E+01	7.70E+00	9.81E+00	6.15E+00	7.22E+00	3.75E+00
PD42591	2.26E+01	3.41E+00	2.03E+01	1.77E+01	1.13E+02	1.16E+02	7.07E+00
PD42592	1.35E+01	9.88E+00	9.85E+00	8.76E+00	5.46E+00	7.09E+00	5.44E+00
PD42593	8.74E+00	1.02E+01	5.85E+00	8.44E+00	5.10E+00	6.19E+00	4.34E+00
PD42595	1.16E+01	8.87E+00	8.60E+00	8.48E+00	4.60E+00	4.90E+00	3.67E+00
PD42596	8.34E+00	6.16E+00	6.07E+00	4.81E+00	3.79E+00	4.18E+00	2.35E+00
PD42671	1.19E+01	1.08E+01	9.94E+00	8.07E+00	4.78E+00	5.72E+00	4.92E+00
PD42672	1.03E+01	9.37E+00	7.97E+00	7.43E+00	4.62E+00	5.72E+00	3.86E+00
PD42673	1.20E+01	9.16E+00	1.11E+01	8.72E+00	5.41E+00	6.69E+00	5.36E+00
PD42674	9.30E+00	7.59E+00	7.48E+00	7.14E+00	6.16E+00	7.07E+00	3.66E+00
PD42675	9.51E+00	9.04E+00	8.24E+00	6.98E+00	3.49E+00	4.62E+00	4.15E+00
PD42676	8.47E+00	8.15E+00	6.92E+00	6.49E+00	3.05E+00	4.00E+00	4.21E+00
PD42677	1.16E+01	8.50E+00	9.18E+00	6.48E+00	7.92E+00	8.91E+00	4.10E+00
PD42876	2.17E+01	1.31E+01	1.56E+01	1.00E+01	2.87E+01	2.79E+01	4.50E+00
PD42882	1.34E+01	1.40E+01	9.64E+00	1.13E+01	7.64E+00	9.01E+00	4.56E+00
PD42884	1.28E+01	1.04E+01	9.55E+00	7.42E+00	1.40E+01	1.45E+01	3.98E+00
PD42885	1.23E+01	9.83E+00	8.11E+00	6.84E+00	2.05E+01	2.20E+01	2.71E+00
PD42886	1.24E+01	1.43E+01	8.77E+00	1.19E+01	9.81E+00	1.04E+01	5.95E+00
PD42887	2.02E+01	1.54E+01	1.58E+01	9.30E+00	2.48E+01	2.80E+01	4.52E+00
PD42890	2.29E+01	1.84E+01	1.54E+01	1.43E+01	2.77E+01	2.90E+01	6.20E+00
PD42891	1.24E+01	1.07E+01	1.00E+01	1.04E+01	6.65E+00	7.68E+00	5.30E+00
PD42893	9.35E+00	9.95E+00	7.78E+00	7.27E+00	4.62E+00	5.50E+00	4.76E+00
PD42894	2.09E+01	1.95E+01	2.06E+01	1.57E+01	3.35E+01	3.55E+01	4.88E+00
PD42895	1.39E+01	1.03E+01	1.17E+01	9.30E+00	9.48E+00	1.13E+01	5.03E+00
PD42896	1.78E+01	1.30E+01	1.17E+01	1.11E+01	1.74E+01	1.85E+01	4.18E+00
PD42897	1.57E+01	1.41E+01	1.08E+01	1.29E+01	2.00E+01	2.05E+01	5.23E+00
PD42898	2.65E+01	1.91E+01	1.63E+01	1.60E+01	6.94E+01	7.14E+01	5.39E+00
PD42899	2.10E+01	1.76E+01	1.68E+01	1.23E+01	5.64E+01	6.24E+01	5.77E+00
PD42900	1.97E+01	1.82E+01	2.24E+01	1.65E+01	1.01E+01	1.38E+01	1.40E+01
PD42901	8.69E+00	9.36E+00	7.88E+00	7.93E+00	5.15E+00	6.34E+00	4.03E+00
PD42902	8.25E+00	6.71E+00	6.74E+00	6.02E+00	4.71E+00	5.49E+00	3.74E+00
PD42903	1.27E+01	1.04E+01	9.97E+00	7.57E+00	1.19E+01	1.26E+01	4.15E+00
PD42904	9.64E+00	9.39E+00	7.67E+00	7.99E+00	7.46E+00	7.60E+00	3.22E+00
PD42905	1.96E+01	1.89E+01	1.23E+01	1.44E+01	4.38E+01	4.49E+01	5.30E+00
PD42906	1.17E+01	9.76E+00	8.04E+00	7.53E+00	1.75E+01	1.87E+01	3.73E+00
PD46699	1.27E+01	1.31E+01	1.07E+01	8.96E+00	4.75E+00	6.01E+00	4.70E+00
PD46700	7.37E+00	7.20E+00	6.19E+00	6.04E+00	3.14E+00	3.54E+00	4.62E+00
PD46701	1.15E+01	8.87E+00	1.15E+01	6.83E+00	4.52E+00	5.40E+00	4.68E+00
PD46702	9.88E+00	8.95E+00	9.29E+00	6.99E+00	2.59E+00	4.37E+00	3.00E+00
PD46703	1.42E+01	1.23E+01	1.42E+01	9.27E+00	5.99E+00	6.79E+00	6.13E+00
PD46704	8.65E+00	9.15E+00	7.39E+00	6.89E+00	2.29E+00	3.67E+00	3.63E+00
PD46705	1.46E+01	1.13E+01	1.18E+01	9.33E+00	2.55E+01	2.66E+01	4.40E+00
PD46706	1.44E+01	1.13E+01	1.29E+01	9.36E+00	4.07E+00	5.49E+00	5.43E+00
PD46707	9.16E+00	9.80E+00	8.19E+00	7.40E+00	3.68E+00	4.69E+00	3.76E+00
PD46708	1.40E+01	1.22E+01	1.25E+01	8.70E+00	4.08E+00	5.90E+00	6.09E+00
PD46709	1.13E+01	1.10E+01	9.91E+00	8.84E+00	3.00E+00	4.63E+00	4.94E+00
PD46710	9.00E+00	1.04E+01	8.65E+00	7.15E+00	4.77E+00	5.33E+00	4.46E+00
PD46711	1.01E+01	8.54E+00	1.05E+01	5.36E+00	3.84E+00	4.62E+00	4.44E+00
PD46712	1.06E+01	8.77E+00	1.01E+01	5.89E+00	4.06E+00	4.76E+00	3.54E+00
PD46713	1.36E+01	1.25E+01	1.14E+01	1.10E+01	5.11E+00	6.09E+00	6.29E+00
PD46714	1.27E+01	1.04E+01	1.17E+01	8.00E+00	5.08E+00	5.42E+00	4.78E+00
PD46716	1.20E+01	1.07E+01	1.20E+01	9.13E+00	5.29E+00	6.14E+00	5.04E+00
PD46717	1.10E+01	1.16E+01	1.12E+01	9.45E+00	5.98E+00	6.29E+00	5.26E+00
PD46718	6.33E+00	6.22E+00	5.14E+00	4.75E+00	2.99E+00	3.48E+00	3.26E+00
PD46719	7.29E+00	8.41E+00	4.91E+00	6.84E+00	3.43E+00	3.19E+00	3.50E+00
PD46720	1.15E+01	1.31E+01	9.85E+00	1.20E+01	5.04E+00	6.13E+00	7.12E+00
PD46721	9.78E+00	8.28E+00	6.47E+00	7.60E+00	3.42E+00	3.53E+00	4.65E+00
PD46722	8.80E+00	9.18E+00	6.65E+00	7.17E+00	4.14E+00	4.36E+00	3.92E+00
PD46723	1.03E+01	9.25E+00	9.30E+00	8.50E+00	4.54E+00	5.40E+00	4.89E+00
PD46724	7.01E+00	6.54E+00	4.92E+00	5.58E+00	2.27E+00	2.74E+00	3.22E+00
PD46725	7.74E+00	7.76E+00	5.96E+00	5.59E+00	3.49E+00	3.93E+00	3.79E+00
PD46726	1.01E+01	8.95E+00	9.65E+00	7.44E+00	3.88E+00	4.40E+00	4.86E+00
PD46727	9.08E+00	8.65E+00	6.32E+00	8.20E+00	3.97E+00	4.74E+00	4.83E+00
PD46728	1.03E+01	8.50E+00	8.00E+00	6.49E+00	2.47E+00	3.85E+00	4.91E+00
PD46729	1.15E+01	8.61E+00	7.43E+00	7.47E+00	4.30E+00	4.34E+00	4.91E+00
PD46730	6.14E+00	6.02E+00	4.31E+00	4.19E+00	5.29E-01	2.06E+00	3.62E+00
PD46731	1.21E+01	1.21E+01	9.18E+00	1.04E+01	4.76E+00	5.78E+00	6.29E+00
PD46732	9.69E+00	9.34E+00	8.52E+00	7.04E+00	3.94E+00	4.44E+00	4.51E+00
PD46733	8.82E+00	7.76E+00	6.73E+00	7.10E+00	2.65E+00	1.90E+00	5.04E+00
PD46734	1.10E+01	1.06E+01	9.10E+00	9.36E+00	6.24E+00	6.41E+00	5.35E+00
PD46735	7.27E+00	7.95E+00	4.83E+00	5.71E+00	3.35E+00	3.82E+00	3.11E+00
PD46736	9.90E+00	1.04E+01	7.45E+00	8.87E+00	4.23E+00	4.37E+00	4.80E+00
PD46737	9.46E+00	7.83E+00	6.63E+00	5.81E+00	3.28E+00	3.53E+00	4.04E+00
PD46738	7.30E+00	8.22E+00	5.92E+00	6.38E+00	3.45E+00	4.13E+00	3.43E+00
PD46739	9.78E+00	7.50E+00	7.62E+00	6.66E+00	3.27E+00	3.68E+00	3.31E+00
PD46743	1.40E+01	1.23E+01	1.25E+01	1.03E+01	5.32E+00	6.08E+00	5.92E+00
PD46744	1.01E+01	7.74E+00	8.63E+00	7.25E+00	3.61E+00	4.12E+00	4.66E+00
PD46745	1.14E+01	9.84E+00	9.36E+00	7.86E+00	4.58E+00	5.34E+00	5.19E+00
PD46748	1.25E+01	1.14E+01	1.18E+01	9.69E+00	5.22E+00	5.63E+00	5.50E+00
PD46749	1.51E+01	1.59E+01	9.29E+00	1.37E+01	5.39E+00	6.40E+00	5.20E+00
PD46750	8.26E+00	8.46E+00	6.52E+00	6.69E+00	2.66E+00	2.24E+00	3.45E+00
PD46752	9.48E+00	9.06E+00	9.32E+00	9.43E+00	3.65E+00	4.47E+00	4.73E+00
PD46753	5.80E+00	5.36E+00	4.65E+00	3.46E+00	2.65E+00	2.84E+00	3.19E+00
PD46754	9.40E+00	8.49E+00	8.22E+00	7.67E+00	3.60E+00	4.75E+00	4.56E+00
PD46755	8.89E+00	1.03E+01	7.11E+00	6.90E+00	3.76E+00	4.59E+00	3.99E+00
PD46757	9.31E+00	8.47E+00	6.79E+00	6.73E+00	3.80E+00	3.50E+00	3.78E+00
PD46763	1.60E+01	1.32E+01	1.49E+01	1.00E+01	5.44E+00	6.13E+00	5.39E+00
PD46764	1.02E+01	8.98E+00	8.76E+00	7.80E+00	3.86E+00	3.67E+00	4.65E+00
PD46766	6.62E+00	6.91E+00	6.14E+00	5.66E+00	3.23E+00	3.90E+00	3.11E+00
PD46767	7.94E+00	6.88E+00	6.78E+00	5.98E+00	3.27E+00	4.05E+00	3.74E+00
PD46768	8.20E+00	6.51E+00	6.99E+00	4.96E+00	3.33E+00	3.64E+00	3.30E+00
PD46769	8.41E+00	7.82E+00	6.87E+00	6.37E+00	3.68E+00	4.28E+00	4.46E+00
PD46770	9.05E+00	8.34E+00	6.83E+00	7.34E+00	3.97E+00	4.23E+00	4.15E+00
PD46771	1.47E+01	1.22E+01	1.20E+01	1.02E+01	5.12E+00	6.42E+00	5.23E+00
PD46772	1.53E+01	1.14E+01	1.14E+01	9.59E+00	1.29E+01	1.41E+01	4.08E+00
PD46773	1.39E+01	1.31E+01	8.55E+00	1.05E+01	1.65E+01	1.65E+01	4.15E+00
PD46774	1.52E+01	1.46E+01	1.04E+01	1.16E+01	2.88E+01	2.89E+01	3.73E+00
PD46775	3.22E+01	6.70E-01	2.11E+01	1.15E+01	2.85E+01	3.10E+01	0.00E+00
PD46776	1.22E+01	1.06E+01	1.07E+01	7.94E+00	1.46E+01	1.51E+01	4.62E+00
PD46777	1.16E+01	1.02E+01	1.05E+01	8.32E+00	6.95E+00	7.45E+00	5.40E+00
PD46779	5.09E+00	4.18E+00	3.20E+00	3.58E+00	1.45E+00	2.27E+00	2.50E+00
PD46781	6.50E+00	5.26E+00	5.20E+00	4.29E+00	2.45E+00	3.16E+00	2.72E+00
PD46783	1.32E+01	1.07E+01	9.91E+00	8.13E+00	2.42E+00	3.93E+00	6.40E+00
PD46784	6.70E+00	5.83E+00	4.89E+00	4.59E+00	2.27E+00	2.84E+00	3.73E+00
PD46785	8.41E+00	8.19E+00	7.71E+00	7.51E+00	3.62E+00	4.38E+00	4.10E+00
PD46786	1.10E+01	1.01E+01	7.48E+00	1.07E+01	4.22E+00	5.53E+00	4.83E+00
PD46787	1.07E+01	9.32E+00	7.01E+00	8.84E+00	4.64E+00	5.02E+00	4.14E+00
PD46789	1.31E+01	1.18E+01	1.27E+01	8.52E+00	5.07E+00	5.23E+00	5.43E+00
PD46790	1.02E+01	9.85E+00	7.53E+00	7.61E+00	4.16E+00	4.94E+00	5.68E+00
PD46791	1.11E+01	1.12E+01	9.28E+00	9.30E+00	4.78E+00	5.98E+00	5.31E+00
PD46793	1.17E+01	1.01E+01	9.26E+00	7.47E+00	3.96E+00	4.45E+00	4.86E+00
PD46798	1.07E+01	9.34E+00	9.72E+00	6.99E+00	3.85E+00	4.78E+00	5.14E+00
PD46799	5.57E+00	4.50E+00	5.03E+00	1.83E+00	2.10E+00	3.49E+00	2.81E+00
PD46800	6.75E+00	6.81E+00	5.62E+00	5.07E+00	2.74E+00	2.11E+00	3.40E+00
PD46801	1.09E+01	1.36E+01	8.48E+00	1.20E+01	4.98E+00	5.38E+00	4.50E+00
PD46806	1.79E+01	1.29E+01	1.62E+01	1.06E+01	5.75E+00	6.63E+00	5.91E+00
PD46807	6.19E+00	5.73E+00	4.70E+00	4.10E+00	1.88E+00	2.38E+00	2.17E+00
PD46809	7.55E+00	7.07E+00	5.52E+00	5.46E+00	3.29E+00	3.71E+00	3.50E+00
PD46810	5.65E+00	6.07E+00	3.65E+00	4.67E+00	2.00E+00	1.97E+00	2.41E+00
PD46811	1.24E+01	1.38E+01	1.06E+01	1.12E+01	4.69E+00	4.04E+00	4.72E+00
PD46812	1.25E+01	1.03E+01	1.31E+01	8.40E+00	5.14E+00	6.37E+00	4.85E+00
PD46815	1.01E+01	8.22E+00	8.87E+00	6.86E+00	4.94E+00	5.64E+00	4.94E+00
PD46817	9.31E+00	9.15E+00	7.35E+00	6.36E+00	3.50E+00	4.65E+00	4.51E+00
PD46819	9.30E+00	7.46E+00	6.24E+00	7.13E+00	4.08E+00	4.61E+00	2.90E+00
PD46820	5.84E+00	5.45E+00	4.10E+00	4.42E+00	1.89E+00	7.47E-01	2.57E+00
PD46821	6.58E+00	6.19E+00	4.29E+00	5.66E+00	2.31E+00	2.43E+00	3.26E+00
PD46822	7.99E+00	8.04E+00	5.90E+00	6.75E+00	3.44E+00	3.76E+00	4.78E+00
PD46824	1.17E+01	9.42E+00	8.52E+00	7.66E+00	4.44E+00	5.10E+00	4.35E+00
PD46826	9.61E+00	9.14E+00	6.92E+00	6.81E+00	3.07E+00	1.51E+00	4.28E+00
PD46827	1.30E+01	1.19E+01	9.83E+00	9.62E+00	4.87E+00	5.75E+00	4.40E+00
PD46828	8.54E+00	1.02E+01	7.56E+00	8.23E+00	4.55E+00	4.83E+00	4.71E+00
PD46829	1.15E+01	1.12E+01	9.43E+00	1.01E+01	4.39E+00	4.51E+00	4.58E+00
PD46830	9.50E+00	8.41E+00	8.22E+00	7.61E+00	3.77E+00	4.30E+00	4.67E+00
PD46831	1.51E+01	1.34E+01	1.23E+01	1.08E+01	5.55E+00	6.10E+00	5.16E+00
PD46832	1.68E+01	1.23E+01	1.53E+01	8.59E+00	5.84E+00	6.35E+00	5.27E+00
PD46833	7.13E+00	6.18E+00	5.53E+00	5.46E+00	3.13E+00	3.04E+00	3.31E+00
PD46834	9.85E+00	9.92E+00	6.62E+00	7.41E+00	4.41E+00	4.88E+00	4.81E+00
PD46835	7.91E+00	7.85E+00	6.43E+00	5.30E+00	3.08E+00	3.12E+00	3.46E+00
PD46836	9.59E+00	8.47E+00	6.87E+00	7.99E+00	3.90E+00	4.56E+00	4.09E+00
PD46838	7.70E+00	7.12E+00	6.50E+00	5.06E+00	2.86E+00	3.99E+00	3.60E+00
PD46839	4.94E+00	4.24E+00	4.11E+00	2.58E+00	2.11E+00	2.23E+00	2.32E+00
PD46841	1.29E+01	1.46E+01	1.11E+01	1.10E+01	5.78E+00	6.05E+00	4.77E+00
PD46842	1.61E+01	1.06E+01	1.33E+01	6.82E+00	5.58E+00	6.57E+00	5.00E+00
PD46844	9.76E+00	8.61E+00	7.94E+00	6.89E+00	4.18E+00	4.13E+00	4.94E+00
PD46845	1.27E+01	1.41E+01	1.13E+01	1.18E+01	3.45E+00	5.21E+00	5.32E+00
PD46846	1.05E+01	9.60E+00	8.95E+00	7.41E+00	3.46E+00	4.51E+00	6.62E+00
PD46847	1.21E+01	1.20E+01	1.11E+01	1.09E+01	5.70E+00	6.14E+00	6.27E+00
PD46848	1.13E+01	9.56E+00	8.95E+00	9.64E+00	4.17E+00	4.58E+00	6.03E+00
PD46849	1.05E+01	1.00E+01	9.79E+00	8.25E+00	4.20E+00	4.00E+00	3.65E+00
PD46850	7.97E+00	6.96E+00	5.83E+00	5.96E+00	3.20E+00	3.24E+00	3.42E+00
PD46851	9.65E+00	9.01E+00	6.85E+00	8.49E+00	2.75E+00	2.47E+00	3.18E+00
PD46852	1.19E+01	9.08E+00	1.01E+01	7.74E+00	2.97E+00	4.78E+00	3.61E+00
PD46853	8.73E+00	8.15E+00	6.26E+00	7.48E+00	3.14E+00	4.11E+00	4.41E+00
PD46854	1.36E+01	1.22E+01	9.99E+00	1.01E+01	5.53E+00	6.21E+00	6.62E+00
PD46855	1.48E+01	1.24E+01	1.14E+01	9.02E+00	4.00E+00	3.48E+00	5.97E+00
PD46856	8.92E+00	1.01E+01	6.54E+00	7.54E+00	2.18E+00	1.36E-01	4.85E+00
PD46857	9.41E+00	8.79E+00	5.80E+00	6.98E+00	3.95E+00	4.60E+00	3.64E+00
PD46858	8.29E+00	6.78E+00	5.51E+00	5.97E+00	2.43E+00	3.34E+00	3.67E+00
PD46859	1.08E+01	8.74E+00	7.95E+00	6.33E+00	3.26E+00	2.73E+00	4.30E+00
PD46860	7.37E+00	8.32E+00	5.24E+00	7.46E+00	3.59E+00	4.68E+00	3.07E+00
PD46861	8.01E+00	8.55E+00	5.01E+00	5.91E+00	5.45E+00	5.34E+00	3.60E+00
PD46862	9.65E+00	8.64E+00	7.80E+00	7.52E+00	4.98E+00	6.18E+00	3.43E+00
PD46863	9.47E+00	1.14E+01	8.89E+00	8.25E+00	4.89E+00	6.31E+00	4.55E+00
PD46864	1.04E+01	1.01E+01	8.93E+00	1.06E+01	4.44E+00	5.06E+00	5.53E+00
PD46865	1.22E+01	1.01E+01	1.05E+01	1.01E+01	5.65E+00	6.28E+00	5.59E+00
PD46866	1.11E+01	1.30E+01	1.05E+01	8.24E+00	5.54E+00	5.53E+00	3.91E+00
PD46868	1.25E+01	1.21E+01	9.89E+00	9.82E+00	4.98E+00	5.35E+00	4.76E+00
PD46869	1.18E+01	1.01E+01	8.02E+00	1.05E+01	5.06E+00	4.77E+00	5.94E+00
PD46870	7.72E+00	7.67E+00	7.65E+00	6.34E+00	3.76E+00	4.51E+00	3.45E+00
PD46871	9.93E+00	9.67E+00	7.61E+00	7.91E+00	4.03E+00	4.59E+00	4.50E+00
PD46872	1.11E+01	9.32E+00	9.28E+00	8.65E+00	3.56E+00	2.69E+00	5.69E+00
PD46873	3.27E+00	3.50E+00	2.71E+00	2.33E+00	1.29E+00	1.41E+00	1.39E+00
PD46874	1.59E+01	1.03E+01	1.51E+01	9.14E+00	5.35E+00	6.45E+00	5.83E+00
PD46875	1.00E+01	9.48E+00	7.60E+00	7.51E+00	3.40E+00	4.37E+00	4.49E+00
PD46876	6.56E+00	7.09E+00	5.00E+00	5.52E+00	2.69E+00	2.87E+00	3.19E+00
PD46877	5.59E+00	5.54E+00	4.42E+00	4.52E+00	2.44E+00	2.60E+00	3.56E+00
PD46878	7.04E+00	6.61E+00	6.48E+00	5.27E+00	3.10E+00	3.26E+00	4.22E+00
PD46879	1.03E+01	9.78E+00	8.90E+00	8.05E+00	3.93E+00	5.22E+00	4.55E+00
PD46882	7.20E+00	7.52E+00	6.17E+00	6.22E+00	3.98E+00	4.18E+00	3.74E+00
PD46884	1.03E+01	1.07E+01	8.19E+00	9.05E+00	4.29E+00	5.14E+00	5.72E+00
PD46885	1.45E+01	1.28E+01	1.25E+01	9.30E+00	5.11E+00	5.53E+00	4.81E+00
PD46886	8.74E+00	7.72E+00	8.00E+00	6.70E+00	3.85E+00	3.54E+00	4.04E+00
PD46887	1.41E+01	1.03E+01	1.29E+01	8.54E+00	4.98E+00	4.69E+00	5.29E+00
PD46888	7.20E+00	6.02E+00	5.75E+00	5.66E+00	3.12E+00	3.33E+00	3.26E+00
PD46889	1.25E+01	1.04E+01	7.97E+00	7.57E+00	3.58E+00	4.13E+00	5.63E+00
PD46891	8.23E+00	7.91E+00	7.46E+00	6.52E+00	1.85E+00	3.52E+00	4.69E+00
PD46892	1.23E+01	1.15E+01	1.31E+01	8.29E+00	5.86E+00	5.83E+00	3.11E+00
PD46901	1.11E+01	8.73E+00	7.63E+00	6.69E+00	2.86E+00	4.14E+00	3.59E+00
PD46902	8.92E+00	8.01E+00	7.00E+00	7.62E+00	3.52E+00	3.84E+00	4.57E+00
PD46903	1.13E+01	1.05E+01	8.91E+00	9.51E+00	5.64E+00	6.45E+00	4.74E+00
PD46904	8.44E+00	7.93E+00	5.40E+00	6.62E+00	5.29E+00	5.40E+00	3.51E+00
PD46905	1.37E+01	1.22E+01	1.09E+01	1.15E+01	8.54E-01	4.03E+00	5.75E+00
PD46907	6.52E+00	5.84E+00	5.18E+00	3.91E+00	2.43E+00	3.13E+00	2.98E+00
PD46909	1.20E+01	1.05E+01	9.87E+00	8.84E+00	3.98E+00	3.19E+00	5.58E+00
PD46911	3.93E+00	3.78E+00	2.85E+00	2.64E+00	2.07E+00	1.96E+00	1.50E+00
PD46912	7.82E+00	5.83E+00	5.58E+00	4.64E+00	2.84E+00	4.23E+00	2.64E+00
PD46913	1.40E+01	1.25E+01	1.18E+01	1.10E+01	6.12E+00	6.57E+00	7.57E+00
PD46914	7.12E+00	7.14E+00	6.46E+00	4.49E+00	3.19E+00	3.53E+00	2.79E+00
PD46916	8.84E+00	9.43E+00	6.69E+00	7.52E+00	4.45E+00	5.07E+00	4.01E+00
PD46917	9.05E+00	7.74E+00	8.04E+00	5.63E+00	4.24E+00	5.14E+00	4.59E+00
PD46918	8.55E+00	7.49E+00	6.64E+00	6.02E+00	2.80E+00	1.92E+00	3.90E+00
PD46919	7.12E+00	5.89E+00	5.62E+00	4.29E+00	2.74E+00	3.19E+00	3.03E+00
PD46920	6.66E+00	6.60E+00	5.50E+00	4.32E+00	2.56E+00	2.52E+00	3.79E+00
PD46922	1.07E+01	9.32E+00	9.29E+00	7.66E+00	4.87E+00	4.96E+00	4.43E+00
PD46923	1.01E+01	8.54E+00	8.13E+00	7.27E+00	3.31E+00	3.76E+00	5.29E+00
PD46924	1.05E+01	8.81E+00	9.22E+00	7.46E+00	3.92E+00	4.63E+00	4.44E+00
PD46925	8.06E+00	7.97E+00	6.01E+00	7.09E+00	2.78E+00	3.78E+00	4.01E+00
PD46926	1.03E+01	8.86E+00	7.17E+00	9.47E+00	3.89E+00	4.08E+00	4.73E+00
PD46928	1.18E+01	1.03E+01	1.23E+01	6.60E+00	5.03E+00	5.59E+00	4.70E+00
PD46929	8.09E+00	7.62E+00	6.26E+00	6.97E+00	1.26E+00	3.32E+00	4.29E+00
PD46930	1.35E+01	1.28E+01	1.13E+01	1.11E+01	4.48E+00	5.85E+00	6.56E+00
PD46931	8.79E+00	8.15E+00	6.14E+00	5.99E+00	2.74E+00	3.28E+00	3.53E+00
PD46933	6.70E+00	7.26E+00	5.42E+00	5.61E+00	3.00E+00	3.13E+00	2.93E+00
PD46934	1.15E+01	1.02E+01	8.27E+00	8.50E+00	3.73E+00	5.08E+00	3.58E+00
PD46935	9.32E+00	9.49E+00	6.56E+00	8.37E+00	2.51E+00	1.47E+00	5.06E+00
PD46936	9.86E+00	8.86E+00	9.37E+00	6.17E+00	4.04E+00	4.22E+00	5.18E+00
PD46937	6.03E+00	5.48E+00	3.98E+00	4.29E+00	2.45E+00	2.80E+00	2.47E+00
PD46938	9.94E+00	1.01E+01	6.69E+00	9.05E+00	2.71E+00	4.23E+00	4.53E+00
PD46939	7.98E+00	7.23E+00	6.64E+00	6.36E+00	1.47E+00	2.42E+00	4.05E+00
PD46940	1.15E+01	9.20E+00	8.99E+00	7.63E+00	4.22E+00	5.17E+00	4.35E+00
PD46941	9.79E+00	7.24E+00	7.75E+00	6.55E+00	3.91E+00	3.16E+00	3.68E+00
PD46942	1.05E+01	7.67E+00	7.30E+00	6.52E+00	3.88E+00	4.60E+00	5.25E+00
PD46943	1.36E+01	1.19E+01	1.28E+01	9.21E+00	5.73E+00	7.11E+00	5.32E+00
PD46947	8.92E+00	8.29E+00	6.99E+00	7.15E+00	3.57E+00	4.26E+00	4.12E+00
PD46948	1.01E+01	8.89E+00	8.13E+00	7.78E+00	3.72E+00	4.09E+00	5.46E+00
PD46949	1.24E+01	1.11E+01	1.21E+01	9.18E+00	5.59E+00	6.25E+00	6.87E+00
PD46950	1.74E+01	1.45E+01	1.62E+01	1.18E+01	6.43E+00	6.89E+00	6.59E+00
PD46951	9.12E+00	8.16E+00	8.09E+00	7.29E+00	3.80E+00	4.46E+00	4.49E+00
PD46953	2.53E+01	2.52E+01	1.95E+01	2.20E+01	1.05E+02	1.09E+02	6.69E+00
PD46954	8.40E+00	7.13E+00	7.26E+00	5.25E+00	1.49E+01	1.58E+01	2.05E+00
PD46955	1.47E+01	1.24E+01	1.19E+01	8.47E+00	1.62E+01	1.70E+01	4.37E+00
PD46956	2.41E+01	1.61E+01	1.73E+01	1.26E+01	3.52E+01	3.82E+01	4.91E+00
PD46957	1.82E+01	1.43E+01	1.10E+01	9.97E+00	3.79E+01	3.77E+01	4.43E+00
PD46958	1.28E+01	1.04E+01	8.32E+00	8.10E+00	3.50E+01	3.72E+01	3.66E+00
PD46959	1.07E+01	9.71E+00	1.12E+01	7.40E+00	6.77E+00	8.25E+00	4.47E+00
PD46960	1.27E+01	1.29E+01	9.62E+00	1.26E+01	5.63E+00	6.71E+00	4.40E+00
PD46961	1.03E+01	1.07E+01	6.82E+00	8.51E+00	4.71E+00	5.39E+00	3.00E+00
PD46962	1.19E+01	1.03E+01	1.07E+01	8.37E+00	5.03E+00	5.33E+00	4.66E+00
PD46963	1.56E+01	1.47E+01	1.39E+01	1.28E+01	6.13E+00	6.55E+00	5.95E+00
PD46964	1.04E+01	7.58E+00	8.18E+00	6.18E+00	4.10E+00	4.65E+00	4.39E+00
PD47583	9.62E+00	9.14E+00	7.00E+00	7.49E+00	3.51E+00	4.83E+00	4.60E+00
PD47584	6.62E+00	5.68E+00	4.67E+00	4.45E+00	3.33E+00	3.86E+00	3.35E+00
PD47586	6.53E+00	6.13E+00	4.94E+00	5.16E+00	2.88E+00	2.21E+00	2.83E+00
PD47587	9.99E+00	9.04E+00	7.26E+00	7.88E+00	4.98E+00	5.06E+00	3.99E+00
PD47589	1.07E+01	7.77E+00	7.46E+00	6.52E+00	3.34E+00	4.32E+00	3.64E+00
PD47590	1.48E+01	1.36E+01	9.35E+00	9.58E+00	2.00E+01	2.16E+01	3.86E+00
PD47591	1.20E+01	1.02E+01	1.13E+01	7.99E+00	6.76E+00	7.83E+00	4.38E+00
PD47592	1.67E+01	1.10E+02	2.68E+01	1.07E+02	3.98E+01	4.51E+01	1.67E+00
PD47593	1.12E+01	1.04E+01	9.38E+00	7.18E+00	1.28E+01	1.55E+01	3.45E+00
PD47596	1.31E+01	1.32E+01	1.31E+01	1.09E+01	6.75E+00	8.59E+00	5.76E+00
PD47597	1.14E+01	9.50E+00	8.60E+00	7.27E+00	7.76E+00	1.02E+01	4.45E+00
PD47598	1.11E+01	1.05E+01	9.67E+00	7.35E+00	4.29E+00	4.01E+00	6.34E+00
PD47599	9.35E+00	9.10E+00	7.52E+00	7.80E+00	3.07E+00	4.04E+00	4.62E+00
PD47600	1.05E+01	9.42E+00	9.58E+00	7.18E+00	3.98E+00	4.94E+00	4.36E+00
PD47601	8.71E+00	7.44E+00	6.15E+00	6.79E+00	2.73E+00	2.20E+00	3.27E+00
PD47605	9.80E+00	9.60E+00	7.00E+00	6.93E+00	3.28E+00	4.18E+00	4.72E+00
PD47606	1.16E+01	9.83E+00	9.82E+00	8.51E+00	4.81E+00	5.11E+00	5.17E+00
PD48850	1.12E+01	1.00E+01	9.95E+00	9.31E+00	5.55E+00	6.01E+00	5.34E+00
PD48851	1.37E+01	1.21E+01	1.01E+01	1.16E+01	5.18E+00	6.26E+00	4.89E+00
PD48852	1.19E+01	1.26E+01	7.40E+00	1.15E+01	1.71E+00	4.14E+00	5.27E+00
PD48855	0.00E+00	0.00E+00	2.27E+01	2.17E+01	2.41E+00	8.52E+00	1.14E+01
PD48858	1.17E+01	8.77E+00	1.04E+01	7.43E+00	4.36E+00	4.40E+00	4.94E+00
PD48859	1.12E+01	8.10E+00	8.32E+00	6.36E+00	4.44E+00	5.01E+00	3.74E+00
PD48861	1.43E+01	1.35E+01	1.05E+01	1.16E+01	5.26E+00	5.75E+00	5.33E+00
PD48864	8.69E+00	8.37E+00	6.44E+00	7.31E+00	3.39E+00	3.95E+00	3.79E+00
PD48865	7.04E+00	7.06E+00	6.13E+00	5.43E+00	2.98E+00	3.67E+00	3.82E+00
PD48866	1.15E+01	1.19E+01	9.79E+00	9.97E+00	3.33E+00	4.92E+00	6.14E+00
PD48867	7.69E+00	7.39E+00	6.85E+00	6.03E+00	2.98E+00	4.47E+00	4.13E+00
PD48868	7.72E+00	7.54E+00	6.06E+00	5.39E+00	2.29E+00	2.73E+00	3.74E+00
PD48869	1.48E+01	1.30E+01	1.40E+01	1.12E+01	5.81E+00	6.30E+00	7.66E+00
PD48871	7.28E+00	7.00E+00	5.50E+00	5.83E+00	3.06E+00	3.49E+00	3.22E+00
PD48872	7.95E+00	7.46E+00	6.70E+00	5.71E+00	4.09E+00	3.91E+00	3.52E+00
PD48873	6.98E+00	7.58E+00	5.01E+00	5.79E+00	2.71E+00	2.22E+00	3.92E+00
PD48875	1.44E+01	1.14E+01	1.38E+01	1.02E+01	4.95E+00	6.46E+00	5.40E+00
PD48877	1.25E+01	9.35E+00	1.10E+01	8.15E+00	4.61E+00	5.52E+00	5.71E+00
PD48878	6.65E+00	5.51E+00	4.52E+00	4.31E+00	3.53E+00	4.47E+00	2.50E+00
PD48879	7.71E+00	7.81E+00	4.12E+00	6.37E+00	4.40E+00	4.86E+00	2.93E+00
PD48881	1.08E+01	1.10E+01	8.83E+00	8.43E+00	7.27E+00	8.12E+00	6.30E+00
PD48882	1.28E+01	1.02E+01	1.19E+01	8.54E+00	1.33E+01	1.31E+01	4.96E+00
PD48884	1.08E+01	9.99E+00	9.23E+00	7.85E+00	8.16E+00	8.78E+00	4.30E+00
PD48885	7.48E+00	6.38E+00	5.90E+00	2.75E+00	3.11E+00	4.03E+00	2.75E+00
PD48886	5.63E+00	5.88E+00	4.89E+00	4.43E+00	3.43E+00	3.66E+00	2.05E+00
PD48887	2.44E+01	1.80E+01	1.51E+01	0.00E+00	6.63E+01	6.32E+01	5.17E+00
PD48890	1.61E+01	1.15E+01	1.26E+01	1.01E+01	1.46E+01	1.69E+01	5.76E+00
PD48898	1.07E+01	8.76E+00	9.03E+00	8.64E+00	4.52E+00	5.23E+00	5.45E+00
PD48899	8.65E+00	7.14E+00	6.37E+00	7.37E+00	3.10E+00	3.60E+00	4.74E+00
PD48902	1.56E+01	1.07E+01	1.29E+01	8.03E+00	1.05E+01	1.19E+01	4.31E+00
PD48904	6.68E+00	6.84E+00	5.66E+00	5.63E+00	2.29E+00	3.03E+00	2.84E+00
PD48906	1.04E+01	9.78E+00	8.48E+00	8.07E+00	2.93E+00	2.38E+00	4.53E+00
PD48907	8.32E+00	7.72E+00	6.66E+00	5.66E+00	3.94E+00	4.97E+00	3.31E+00
PD48909	9.14E+00	9.82E+00	7.57E+00	6.51E+00	3.80E+00	4.18E+00	4.07E+00
PD48911	1.29E+01	1.26E+01	1.26E+01	1.09E+01	5.37E+00	6.33E+00	6.02E+00
PD48913	1.03E+01	8.54E+00	7.47E+00	6.24E+00	3.37E+00	4.32E+00	4.25E+00
PD48914	9.64E+00	8.28E+00	8.93E+00	6.68E+00	4.08E+00	4.12E+00	4.99E+00
PD48915	1.23E+01	1.18E+01	8.39E+00	9.57E+00	4.58E+00	5.55E+00	4.94E+00
PD48916	9.26E+00	7.81E+00	7.47E+00	6.01E+00	3.03E+00	3.54E+00	3.52E+00
PD48919	6.10E+00	5.71E+00	4.12E+00	4.62E+00	2.76E+00	3.54E+00	2.77E+00
PD48920	1.39E+01	1.06E+01	1.02E+01	9.18E+00	5.20E+00	5.68E+00	5.42E+00
PD48922	9.22E+00	8.04E+00	8.70E+00	5.94E+00	4.35E+00	4.45E+00	4.41E+00
PD48924	8.18E+00	7.02E+00	5.67E+00	6.74E+00	3.27E+00	4.50E+00	2.47E+00
PD48929	9.35E+00	9.68E+00	7.51E+00	7.61E+00	2.35E+00	3.34E+00	4.62E+00
PD48931	1.16E+01	1.24E+01	1.10E+01	1.05E+01	4.27E+00	5.33E+00	5.21E+00
PD48932	1.14E+01	1.16E+01	8.95E+00	7.72E+00	4.15E+00	4.78E+00	5.65E+00
PD48933	1.16E+01	1.13E+00	1.26E+01	5.81E+00	3.82E-01	3.75E+00	9.58E+00
PD48934	8.42E+00	7.14E+00	6.95E+00	6.87E+00	2.71E+00	3.04E+00	4.83E+00
PD48935	9.63E+00	7.90E+00	7.47E+00	6.09E+00	3.49E+00	4.20E+00	4.19E+00
PD48936	8.29E+00	7.40E+00	5.78E+00	6.85E+00	4.48E+00	4.28E+00	3.26E+00
PD48937	9.55E+00	9.11E+00	7.10E+00	7.22E+00	3.02E+00	3.14E+00	4.13E+00
PD48939	9.55E+00	9.29E+00	7.84E+00	8.23E+00	4.42E+00	5.06E+00	4.92E+00
PD48940	8.80E+00	9.13E+00	7.91E+00	6.97E+00	4.30E+00	4.40E+00	5.41E+00
PD48942	1.83E+01	1.84E+01	1.65E+01	1.86E+01	4.12E+00	5.70E+00	8.51E+00
PD48943	1.12E+01	9.54E+00	1.00E+01	7.64E+00	4.57E+00	4.95E+00	6.97E+00
PD48944	7.85E+00	6.83E+00	4.76E+00	4.63E+00	2.48E+00	2.62E+00	4.05E+00
PD48945	9.33E+00	8.30E+00	7.31E+00	7.16E+00	4.21E+00	4.84E+00	5.25E+00
PD48946	8.08E+00	7.19E+00	5.81E+00	5.97E+00	2.50E+00	7.41E-01	3.51E+00
PD48948	1.11E+01	1.01E+01	8.33E+00	7.63E+00	4.55E+00	4.60E+00	5.76E+00
PD48949	9.82E+00	1.03E+01	8.13E+00	8.41E+00	3.55E+00	4.39E+00	4.91E+00
PD48950	9.85E+00	1.01E+01	8.51E+00	9.21E+00	4.01E+00	4.20E+00	5.30E+00
PD50083	1.11E+01	1.15E+01	8.50E+00	8.48E+00	4.08E+00	4.32E+00	4.51E+00
PD50084	9.64E+00	7.39E+00	6.65E+00	5.62E+00	3.36E+00	4.01E+00	2.95E+00
PD50085	9.76E+00	8.29E+00	1.00E+01	6.88E+00	4.48E+00	5.38E+00	4.47E+00
PD50086	1.12E+01	1.01E+01	7.76E+00	9.61E+00	5.41E+00	6.51E+00	3.79E+00
PD50087	9.79E+00	8.13E+00	6.10E+00	7.87E+00	4.44E+00	5.47E+00	4.17E+00
PD50089	1.76E+01	1.39E+01	1.12E+01	1.04E+01	2.16E+01	2.25E+01	4.72E+00
PD50090	9.09E+00	7.25E+00	7.62E+00	6.27E+00	4.95E+00	7.40E+00	3.61E+00
PD50092	7.45E+00	7.19E+00	6.00E+00	5.74E+00	3.05E+00	3.59E+00	3.76E+00
PD50094	6.88E+00	5.51E+00	5.62E+00	4.22E+00	3.97E+00	5.31E+00	2.16E+00
PD50095	8.48E+00	7.30E+00	7.91E+00	4.69E+00	4.62E+00	5.23E+00	3.21E+00
PD50096	6.60E+00	6.52E+00	5.48E+00	5.04E+00	1.33E+00	2.79E+00	3.80E+00
PD50097	9.41E+00	9.56E+00	7.25E+00	7.46E+00	5.76E+00	5.90E+00	4.25E+00
PD50099	7.79E+00	7.40E+00	7.73E+00	6.13E+00	6.34E+00	7.36E+00	4.19E+00
PD50100	1.20E+01	1.03E+01	1.17E+01	8.95E+00	4.67E+00	5.80E+00	4.79E+00
PD50101	1.14E+01	7.91E+00	8.77E+00	7.17E+00	8.19E+00	8.99E+00	5.36E+00
PD50102	9.29E+00	7.90E+00	7.17E+00	6.58E+00	4.02E+00	4.94E+00	3.40E+00
PD50103	6.70E+00	5.99E+00	5.09E+00	4.97E+00	2.85E+00	3.35E+00	2.94E+00
PD50105	1.31E+01	1.27E+01	1.12E+01	9.81E+00	5.12E+00	6.09E+00	5.78E+00
PD50107	1.08E+01	9.63E+00	9.65E+00	6.91E+00	4.47E+00	5.37E+00	4.17E+00
PD50110	1.06E+01	8.76E+00	1.09E+01	6.96E+00	3.78E+00	3.46E+00	5.43E+00
PD50111	1.24E+01	1.25E+01	9.51E+00	1.15E+01	4.64E+00	5.02E+00	5.26E+00
PD50114	9.79E+00	8.97E+00	8.20E+00	7.64E+00	3.60E+00	3.95E+00	4.68E+00
PD50115	1.16E+01	9.65E+00	9.95E+00	7.73E+00	3.00E+00	4.36E+00	4.87E+00
PD50116	1.60E+01	1.27E+01	1.37E+01	1.06E+01	5.80E+00	6.72E+00	5.41E+00
PD50119	1.37E+01	1.25E+01	1.23E+01	1.13E+01	6.12E+00	6.25E+00	5.21E+00
PD50120	1.22E+01	1.05E+01	8.78E+00	7.24E+00	4.36E+00	5.07E+00	5.12E+00
PD50122	1.17E+01	9.81E+00	9.19E+00	7.48E+00	4.58E+00	5.66E+00	4.59E+00
PD50123	1.04E+01	8.99E+00	8.65E+00	8.20E+00	4.11E+00	4.58E+00	6.58E+00
PD50124	7.98E+00	8.10E+00	5.53E+00	6.11E+00	3.57E+00	3.81E+00	4.33E+00
PD50127	7.90E+00	6.87E+00	7.52E+00	5.50E+00	3.77E+00	4.30E+00	3.56E+00
PD50129	1.13E+01	1.25E+01	8.82E+00	9.03E+00	3.96E+00	3.97E+00	5.65E+00
PD50131	7.90E+00	8.66E+00	6.85E+00	6.35E+00	2.89E+00	1.85E+00	5.68E+00
PD50132	1.26E+01	1.30E+01	1.13E+01	1.13E+01	4.66E+00	4.78E+00	4.87E+00
PD50135	9.17E+00	9.90E+00	7.57E+00	8.29E+00	2.25E+00	3.22E+00	5.21E+00
PD50137	5.49E+00	4.66E+00	4.64E+00	3.19E+00	1.13E+00	2.20E+00	2.37E+00
PD50138	9.82E+00	1.02E+01	8.93E+00	8.49E+00	2.75E+00	3.69E+00	4.62E+00
PD50139	9.87E+00	9.86E+00	8.74E+00	7.19E+00	4.47E+00	4.99E+00	4.55E+00
PD50140	9.71E+00	8.58E+00	8.00E+00	6.09E+00	4.68E+00	5.27E+00	4.82E+00
PD50143	4.25E+00	4.41E+00	2.75E+00	3.08E+00	1.02E+00	1.66E+00	2.56E+00
PD50146	9.22E+00	9.56E+00	6.66E+00	7.65E+00	3.00E+00	3.47E+00	4.17E+00
PD50147	1.28E+01	1.04E+01	9.57E+00	8.27E+00	2.74E+01	3.14E+01	4.24E+00
PD50148	8.96E+00	7.76E+00	6.83E+00	7.41E+00	3.46E+00	3.76E+00	3.95E+00
PD50151	1.11E+01	8.57E+00	1.03E+01	6.30E+00	4.23E+00	3.39E+00	3.70E+00
PD50153	1.05E+01	8.39E+00	8.51E+00	5.96E+00	9.42E+00	1.03E+01	4.49E+00
PD50154	6.75E+00	5.94E+00	4.53E+00	5.08E+00	2.67E+00	2.84E+00	3.16E+00
PD50157	8.63E+00	7.63E+00	6.08E+00	6.37E+00	3.56E+00	3.70E+00	2.59E+00
PD50160	7.78E+00	6.71E+00	5.30E+00	5.26E+00	1.83E+00	1.37E+00	2.99E+00
PD50161	1.06E+01	9.30E+00	7.20E+00	7.74E+00	4.32E+00	4.83E+00	4.16E+00
PD50162	1.28E+01	1.28E+01	8.38E+00	1.13E+01	4.50E+00	5.06E+00	7.14E+00
PD50163	1.20E+01	1.10E+01	9.71E+00	1.03E+01	5.43E+00	6.62E+00	5.66E+00
PD50164	1.22E+01	1.13E+01	8.91E+00	6.04E+00	3.96E+00	4.99E+00	3.79E+00
PD50165	1.04E+01	1.16E+01	6.97E+00	9.11E+00	3.60E+00	4.41E+00	4.86E+00
PD50166	9.09E+00	8.15E+00	7.36E+00	5.80E+00	3.21E+00	3.13E+00	4.69E+00
PD50167	1.01E+01	1.17E+01	8.95E+00	1.02E+01	6.37E+00	6.16E+00	5.50E+00
PD50168	1.37E+01	1.33E+01	1.08E+01	1.29E+01	5.77E+00	6.92E+00	6.28E+00
PD50169	8.70E+00	7.37E+00	5.61E+00	5.51E+00	3.38E+00	3.38E+00	3.48E+00
PD50170	8.39E+00	7.84E+00	8.13E+00	6.59E+00	3.15E+00	2.92E+00	5.77E+00
PD50171	8.81E+00	8.51E+00	7.90E+00	6.31E+00	3.98E+00	4.83E+00	3.79E+00
PD50172	6.47E+00	5.39E+00	4.82E+00	5.48E+00	2.42E+00	3.32E+00	3.41E+00
PD50173	1.13E+01	1.02E+01	1.10E+01	7.77E+00	5.17E+00	5.47E+00	5.22E+00
PD50175	1.16E+01	9.46E+00	1.15E+01	7.67E+00	4.20E+00	5.39E+00	5.10E+00
PD50177	6.99E+00	7.26E+00	5.73E+00	5.30E+00	2.68E+00	2.48E+00	3.26E+00
PD50181	1.04E+01	1.09E+01	9.17E+00	9.03E+00	4.66E+00	5.71E+00	5.05E+00
PD50183	1.06E+01	8.98E+00	9.95E+00	7.69E+00	5.08E+00	5.10E+00	5.03E+00
PD50184	8.82E+00	8.67E+00	6.12E+00	5.18E+00	2.26E+00	3.47E+00	3.77E+00
PD50187	9.32E+00	8.87E+00	6.94E+00	7.94E+00	3.72E+00	4.12E+00	4.37E+00
PD50188	1.29E+01	1.02E+01	1.08E+01	8.78E+00	4.76E+00	5.41E+00	5.41E+00
PD50190	1.51E+01	1.17E+01	1.39E+01	9.44E+00	4.01E+00	5.33E+00	6.57E+00
PD50191	8.27E+00	8.50E+00	6.14E+00	7.10E+00	2.44E+00	2.19E+00	4.05E+00
PD50194	7.54E+00	5.69E+00	4.91E+00	4.91E+00	2.93E+00	2.79E+00	3.53E+00
PD50196	1.04E+01	9.40E+00	7.85E+00	7.62E+00	3.82E+00	4.58E+00	4.45E+00
PD50197	7.60E+00	7.49E+00	5.05E+00	6.04E+00	2.97E+00	3.69E+00	3.66E+00
PD50199	7.45E+00	6.92E+00	4.85E+00	4.77E+00	3.33E+00	3.63E+00	4.02E+00
PD50200	1.10E+01	1.00E+01	9.81E+00	8.05E+00	5.26E+00	5.72E+00	5.26E+00
PD50201	6.72E+00	7.45E+00	5.22E+00	5.88E+00	1.12E+00	2.27E+00	3.71E+00
PD50202	5.07E+00	5.13E+00	4.00E+00	3.46E+00	2.21E+00	2.30E+00	2.45E+00
PD50203	7.00E+00	6.61E+00	4.59E+00	5.29E+00	1.42E+00	2.57E+00	3.93E+00
PD50207	9.81E+00	9.12E+00	7.38E+00	7.19E+00	3.52E+00	3.48E+00	4.24E+00
PD50209	6.69E+00	5.89E+00	4.67E+00	5.12E+00	2.62E+00	2.72E+00	3.39E+00
PD50210	5.70E+00	4.70E+00	4.43E+00	1.91E+00	3.19E+00	3.64E+00	3.05E+00
PD50212	5.96E+00	6.17E+00	4.24E+00	4.86E+00	1.12E+00	2.23E+00	3.00E+00
PD50213	1.09E+01	1.09E+01	7.45E+00	8.74E+00	4.13E+00	4.22E+00	4.68E+00
PD50214	7.46E+00	7.68E+00	6.15E+00	5.70E+00	3.66E+00	3.71E+00	3.42E+00
PD50215	8.30E+00	7.54E+00	7.09E+00	6.14E+00	3.55E+00	3.67E+00	3.36E+00
PD50216	7.70E+00	6.78E+00	6.26E+00	4.98E+00	3.09E+00	3.66E+00	2.82E+00
PD50217	1.23E+01	1.02E+01	1.05E+01	9.07E+00	3.33E+00	3.28E+00	6.08E+00
PD50219	9.32E+00	8.11E+00	7.27E+00	6.43E+00	2.93E+00	2.61E+00	4.57E+00
PD50221	5.72E+00	5.10E+00	3.96E+00	3.56E+00	1.48E+00	1.81E+00	2.14E+00
PD50325	1.13E+01	1.07E+01	1.04E+01	9.10E+00	5.04E+00	5.61E+00	5.44E+00
PD50326	5.41E+00	5.24E+00	4.00E+00	3.90E+00	2.52E+00	2.92E+00	2.21E+00
PD50327	1.33E+01	1.16E+01	1.03E+01	9.09E+00	4.75E+00	6.08E+00	5.21E+00
PD50329	6.78E+00	5.94E+00	3.92E+00	5.70E+00	2.56E+00	3.06E+00	2.42E+00
PD50334	1.22E+01	9.97E+00	8.92E+00	8.19E+00	4.23E+00	5.73E+00	4.18E+00
PD50335	1.20E+01	1.05E+01	9.44E+00	1.22E+01	3.95E+00	5.14E+00	5.58E+00
PD50337	8.65E+00	5.68E+00	7.08E+00	5.49E+00	2.03E+00	3.30E+00	2.79E+00
PD50339	9.78E+00	9.48E+00	7.63E+00	7.65E+00	3.81E+00	4.78E+00	4.08E+00
PD50340	9.14E+00	9.02E+00	7.55E+00	7.36E+00	2.95E+00	4.01E+00	4.26E+00
PD50341	8.90E+00	8.14E+00	5.83E+00	6.83E+00	3.49E+00	3.35E+00	3.32E+00
PD50342	8.55E+00	6.81E+00	6.53E+00	5.80E+00	3.87E+00	3.93E+00	2.67E+00
PD50343	9.83E+00	9.40E+00	8.01E+00	6.06E+00	3.84E+00	4.58E+00	4.11E+00
PD50344	1.13E+01	1.20E+01	9.70E+00	7.96E+00	4.09E+00	5.17E+00	5.31E+00
PD50345	1.06E+01	8.94E+00	8.40E+00	7.98E+00	2.78E+00	4.25E+00	5.23E+00
PD50346	7.78E+00	7.88E+00	6.33E+00	6.41E+00	3.04E+00	3.55E+00	4.16E+00
PD50347	1.19E+01	9.63E+00	8.89E+00	6.95E+00	4.76E+00	5.41E+00	4.59E+00
PD50350	1.06E+01	9.96E+00	8.06E+00	6.61E+00	3.84E+00	4.18E+00	3.54E+00
PD50351	1.13E+01	1.12E+01	7.36E+00	9.58E+00	4.48E+00	5.31E+00	4.34E+00
PD50354	7.91E+00	7.73E+00	5.63E+00	5.46E+00	3.07E+00	2.55E+00	2.66E+00
PD50357	9.42E+00	9.60E+00	8.56E+00	7.45E+00	7.24E+00	7.94E+00	4.38E+00
PD50360	9.47E+00	9.51E+00	6.50E+00	7.26E+00	4.19E+00	5.32E+00	5.22E+00
PD50387	1.22E+01	9.33E+00	9.61E+00	7.85E+00	3.88E+00	5.40E+00	5.35E+00
PD50388	7.95E+00	8.26E+00	5.95E+00	6.82E+00	3.14E+00	2.86E+00	3.44E+00
PD50389	1.18E+01	1.29E+01	9.27E+00	1.10E+01	3.66E+00	4.25E+00	4.74E+00
PD50393	1.05E+01	1.09E+01	9.83E+00	9.77E+00	5.04E+00	5.18E+00	4.55E+00
PD50394	8.18E+00	7.49E+00	7.07E+00	6.05E+00	1.94E+00	3.54E+00	4.55E+00
PD50397	8.02E+00	8.19E+00	7.39E+00	6.59E+00	4.58E+00	5.27E+00	3.63E+00
PD50401	8.26E+00	7.92E+00	6.13E+00	6.58E+00	3.15E+00	3.92E+00	4.06E+00
PD50403	2.94E+01	0.00E+00	0.00E+00	1.33E+01	7.37E+00	1.94E+00	2.58E+01
PD50404	8.55E+00	8.33E+00	7.55E+00	7.07E+00	3.74E+00	4.58E+00	4.09E+00
PD50405	7.83E+00	7.35E+00	6.23E+00	6.63E+00	2.60E+00	2.04E+00	3.00E+00
PD50406	8.52E+00	1.03E+01	7.20E+00	8.66E+00	3.17E+00	2.55E+00	4.44E+00
PD50408	9.95E+00	8.84E+00	8.51E+00	7.78E+00	3.82E+00	4.41E+00	4.86E+00
PD50409	1.39E+01	1.02E+01	1.23E+01	7.11E+00	4.78E+00	5.89E+00	4.83E+00
PD50411	1.02E+01	8.54E+00	7.65E+00	6.77E+00	3.83E+00	4.58E+00	3.65E+00
PD50412	1.27E+01	1.05E+01	1.00E+01	7.64E+00	4.57E+00	5.69E+00	4.78E+00
PD50413	1.04E+01	1.05E+01	8.05E+00	7.66E+00	3.88E+00	3.99E+00	5.56E+00
PD50415	1.06E+01	9.35E+00	9.05E+00	7.97E+00	3.63E+00	4.69E+00	4.79E+00
PD50418	1.13E+01	1.11E+01	7.83E+00	1.27E+01	1.72E+00	3.61E+00	5.87E+00
PD50420	2.03E+01	1.79E+01	1.70E+01	1.82E+01	6.75E+00	7.28E+00	7.92E+00
PD50421	1.10E+01	9.02E+00	1.01E+01	8.10E+00	6.22E+00	6.63E+00	3.58E+00
PD50422	1.11E+01	1.12E+01	8.33E+00	8.93E+00	1.06E+00	3.61E+00	4.30E+00
PD50425	1.11E+01	1.29E+01	8.50E+00	9.52E+00	4.89E+00	5.06E+00	5.58E+00
PD50428	8.08E+00	6.58E+00	5.65E+00	5.56E+00	3.05E+00	3.85E+00	2.81E+00
PD50429	1.16E+01	1.09E+01	9.54E+00	8.60E+00	4.40E+00	4.96E+00	4.60E+00
PD50430	9.55E+00	9.00E+00	7.36E+00	6.23E+00	3.52E+00	4.75E+00	4.00E+00
PD50431	8.54E+00	9.22E+00	6.72E+00	7.00E+00	3.10E+00	2.97E+00	4.25E+00
PD50432	6.22E+00	5.59E+00	5.46E+00	4.79E+00	2.53E+00	2.24E+00	3.69E+00
PD50433	6.67E+00	6.20E+00	4.63E+00	5.22E+00	1.79E+00	9.19E-01	3.22E+00
PD50434	7.22E+00	6.67E+00	5.47E+00	5.23E+00	1.84E+00	0.00E+00	3.31E+00
PD50438	1.09E+01	1.12E+01	1.00E+01	9.75E+00	5.51E+00	6.04E+00	6.15E+00
PD50440	1.02E+01	9.55E+00	8.07E+00	8.37E+00	3.52E+00	4.20E+00	4.30E+00
PD50441	1.64E+01	2.29E+01	2.63E+01	5.50E-01	5.99E+00	9.41E+00	2.03E+01
PD50442	1.11E+01	1.10E+01	1.09E+01	8.56E+00	5.60E+00	6.25E+00	4.03E+00
PD50443	1.07E+01	1.01E+01	8.49E+00	7.53E+00	4.04E+00	4.63E+00	5.54E+00
PD50444	1.38E+01	1.38E+01	9.05E+00	1.33E+01	3.97E+00	4.84E+00	4.51E+00
PD50449	9.10E+00	8.62E+00	7.69E+00	6.99E+00	4.36E+00	4.76E+00	4.07E+00
PD50450	7.93E+00	6.73E+00	5.44E+00	6.58E+00	2.40E+00	2.96E+00	3.94E+00
PD50453	1.22E+01	1.19E+01	9.35E+00	1.03E+01	4.68E+00	4.97E+00	4.33E+00
PD50454	6.29E+00	6.32E+00	4.29E+00	6.27E+00	2.85E+00	3.12E+00	2.76E+00
PD50455	8.47E+00	7.50E+00	5.41E+00	6.69E+00	2.72E+00	3.73E+00	3.25E+00
PD50456	7.79E+00	7.12E+00	6.29E+00	5.91E+00	2.71E+00	3.12E+00	4.32E+00
PD50457	9.69E+00	1.03E+01	7.45E+00	7.67E+00	3.86E+00	4.60E+00	4.85E+00
PD50458	6.66E+00	6.13E+00	6.27E+00	3.92E+00	2.94E+00	2.36E+00	3.71E+00
PD50459	1.24E+01	1.06E+01	1.15E+01	8.51E+00	5.08E+00	5.13E+00	4.74E+00
PD50460	8.26E+00	7.43E+00	5.48E+00	6.11E+00	2.98E+00	2.46E+00	3.46E+00
PD50461	6.57E+00	6.30E+00	5.34E+00	5.00E+00	1.20E-01	1.97E+00	3.54E+00
PD50462	1.06E+01	1.00E+01	1.15E+01	9.28E+00	4.92E+00	5.23E+00	4.67E+00
PD50603	1.33E+01	1.17E+01	1.16E+01	1.12E+01	5.54E+00	6.16E+00	5.05E+00
PD50604	6.79E+00	6.34E+00	4.59E+00	5.77E+00	3.15E+00	2.72E+00	3.27E+00
PD50605	8.23E+00	8.23E+00	7.56E+00	6.43E+00	4.24E+00	4.92E+00	4.15E+00
PD50606	1.11E+01	1.11E+01	7.03E+00	9.59E+00	8.77E+00	9.14E+00	4.46E+00
PD50607	8.71E+00	7.51E+00	6.92E+00	5.60E+00	3.53E+00	4.17E+00	3.95E+00
PD50610	7.45E+00	7.36E+00	4.60E+00	6.73E+00	2.08E+00	3.05E+00	3.51E+00
PD50612	1.30E+01	1.16E+01	1.08E+01	8.43E+00	5.00E+00	5.93E+00	5.11E+00
PD50613	7.00E+00	7.32E+00	6.08E+00	6.24E+00	2.98E+00	3.27E+00	3.96E+00
PD50614	6.52E+00	7.27E+00	5.01E+00	5.91E+00	2.73E+00	2.24E+00	3.23E+00
PD50616	9.36E+00	7.06E+00	8.32E+00	6.13E+00	3.36E+00	4.45E+00	4.84E+00
PD50618	9.30E+00	9.02E+00	6.66E+00	7.53E+00	3.36E+00	4.47E+00	4.10E+00
PD50619	8.90E+00	8.60E+00	7.73E+00	6.69E+00	5.02E+00	5.26E+00	4.30E+00
PD50620	1.15E+01	1.14E+01	1.03E+01	8.62E+00	4.02E+00	4.46E+00	5.36E+00
PD50621	1.06E+01	1.39E+01	8.63E+00	1.23E+01	5.02E+00	6.10E+00	4.61E+00
PD50622	1.22E+01	1.15E+01	9.60E+00	8.06E+00	1.28E+00	3.01E+00	8.33E+00
PD50625	9.55E+00	8.80E+00	7.98E+00	7.45E+00	3.98E+00	4.45E+00	4.27E+00
PD50627	8.85E+00	8.29E+00	8.10E+00	6.74E+00	3.27E+00	2.44E+00	4.21E+00
PD50629	1.03E+01	8.82E+00	9.71E+00	6.58E+00	4.71E+00	5.59E+00	4.72E+00
PD50630	1.42E+01	1.14E+01	1.23E+01	9.03E+00	5.63E+00	6.21E+00	5.66E+00
PD50632	1.04E+01	9.84E+00	8.18E+00	9.41E+00	4.23E+00	5.29E+00	4.12E+00
PD50634	8.62E+00	6.94E+00	6.37E+00	5.58E+00	3.04E+00	3.21E+00	4.31E+00
PD50637	1.04E+01	8.91E+00	9.00E+00	8.30E+00	4.56E+00	4.77E+00	3.86E+00
PD50638	1.11E+01	1.38E+01	1.06E+01	1.22E+01	4.52E+00	5.46E+00	5.46E+00
PD51175	8.36E+00	7.73E+00	7.53E+00	6.76E+00	4.07E+00	4.17E+00	3.60E+00
PD51176	9.08E+00	8.70E+00	6.47E+00	6.28E+00	3.00E+00	2.90E+00	4.44E+00
PD51177	1.08E+01	1.11E+01	9.40E+00	9.60E+00	4.95E+00	5.70E+00	5.00E+00
PD51178	1.39E+01	1.46E+01	1.09E+01	1.19E+01	5.36E+00	6.11E+00	5.61E+00
PD51179	9.58E+00	8.47E+00	7.55E+00	6.18E+00	3.80E+00	4.45E+00	4.10E+00
PD51180	8.55E+00	8.45E+00	7.98E+00	6.50E+00	2.58E+00	3.09E+00	4.02E+00
PD51181	1.02E+01	1.10E+01	8.18E+00	8.49E+00	3.96E+00	4.53E+00	4.64E+00
PD51182	6.71E+00	6.23E+00	5.19E+00	4.75E+00	2.20E+00	2.75E+00	4.18E+00
PD51183	8.18E+00	6.59E+00	6.55E+00	5.43E+00	2.79E+00	3.70E+00	2.96E+00
PD51184	1.24E+01	1.39E+01	8.13E+00	1.16E+01	5.66E+00	5.71E+00	5.91E+00
PD51185	9.36E+00	8.64E+00	7.11E+00	7.50E+00	3.78E+00	4.84E+00	4.71E+00
PD51186	8.80E+00	7.60E+00	7.12E+00	6.02E+00	3.23E+00	3.83E+00	4.05E+00
PD51187	1.37E+01	1.81E+01	8.95E+00	1.56E+01	5.60E+00	6.59E+00	4.42E+00
PD51188	1.29E+01	9.43E+00	1.06E+01	9.85E+00	5.34E+00	5.68E+00	4.60E+00
PD51189	9.77E+00	9.17E+00	7.29E+00	7.66E+00	3.78E+00	4.50E+00	5.23E+00
PD51190	7.14E+00	6.30E+00	4.82E+00	4.66E+00	2.44E+00	2.31E+00	3.51E+00
PD51191	1.00E+01	9.36E+00	8.65E+00	7.37E+00	4.53E+00	4.14E+00	5.04E+00
PD51192	1.21E+01	1.20E+01	8.61E+00	1.10E+01	4.42E+00	4.99E+00	4.60E+00
PD51194	9.02E+00	9.63E+00	7.46E+00	7.53E+00	3.56E+00	3.33E+00	5.14E+00
PD51195	1.18E+01	1.26E+01	9.14E+00	1.06E+01	1.14E+00	3.62E+00	5.51E+00
PD51196	9.17E+00	8.87E+00	8.11E+00	6.87E+00	3.59E+00	4.64E+00	4.47E+00
PD51197	7.87E+00	6.36E+00	6.65E+00	4.69E+00	4.12E+00	4.38E+00	3.11E+00
PD51198	8.57E+00	8.23E+00	5.42E+00	7.27E+00	3.65E+00	4.10E+00	3.74E+00
PD51199	1.24E+01	1.28E+01	9.13E+00	1.13E+01	5.28E+00	6.08E+00	5.59E+00
PD51205	9.52E+00	7.50E+00	7.85E+00	7.07E+00	3.51E+00	3.39E+00	4.56E+00
PD51206	1.09E+01	8.52E+00	9.13E+00	6.84E+00	3.33E+00	4.17E+00	5.12E+00
PD51207	1.26E+01	1.12E+01	1.03E+01	8.93E+00	5.46E+00	5.53E+00	4.66E+00
PD51209	1.54E+01	1.31E+01	1.27E+01	1.01E+01	5.06E+00	5.94E+00	7.82E+00
PD51210	1.31E+01	1.14E+01	1.09E+01	9.44E+00	5.19E+00	5.47E+00	4.17E+00
PD51211	9.91E+00	9.55E+00	9.81E+00	8.29E+00	4.01E+00	3.60E+00	4.73E+00
PD51213	1.36E+01	1.37E+01	1.14E+01	1.15E+01	6.46E+00	6.44E+00	4.99E+00
PD51214	9.22E+00	9.05E+00	7.86E+00	7.01E+00	4.03E+00	4.90E+00	4.43E+00
PD51215	1.27E+01	1.13E+01	1.14E+01	7.42E+00	4.45E+00	5.27E+00	4.99E+00
PD51216	7.06E+00	8.40E+00	5.65E+00	6.82E+00	2.96E+00	4.05E+00	2.81E+00
PD51217	1.13E+01	9.80E+00	1.03E+01	8.97E+00	4.11E+00	5.51E+00	4.34E+00
PD51218	8.24E+00	8.47E+00	7.03E+00	6.12E+00	3.62E+00	3.94E+00	3.55E+00
PD51219	1.45E+01	1.25E+01	1.24E+01	1.02E+01	5.15E+00	6.33E+00	5.53E+00
PD51220	9.18E+00	7.70E+00	7.54E+00	7.16E+00	3.64E+00	4.05E+00	4.00E+00
PD51221	1.07E+01	9.45E+00	8.20E+00	9.21E+00	4.81E+00	5.20E+00	5.17E+00
PD51222	8.38E+00	8.51E+00	6.70E+00	8.39E+00	3.58E+00	3.81E+00	3.30E+00
PD51223	7.58E+00	7.80E+00	5.54E+00	7.40E+00	2.80E+00	3.12E+00	4.27E+00
PD51224	8.65E+00	7.43E+00	6.38E+00	9.07E+00	1.97E+00	3.04E+00	3.85E+00
PD51225	1.08E+01	1.07E+01	8.78E+00	9.21E+00	4.71E+00	5.38E+00	5.31E+00
PD51226	7.71E+00	7.54E+00	5.38E+00	6.18E+00	3.96E+00	4.51E+00	3.32E+00
PD51227	7.79E+00	7.13E+00	4.98E+00	5.72E+00	2.88E+00	3.39E+00	3.77E+00
PD51228	1.13E+01	1.16E+01	9.33E+00	8.87E+00	4.63E+00	5.35E+00	4.35E+00
PD51229	7.98E+00	7.82E+00	6.42E+00	6.63E+00	3.67E+00	3.83E+00	4.25E+00
PD51231	1.25E+01	1.23E+01	1.10E+01	9.15E+00	4.90E+00	6.02E+00	5.65E+00
PD51232	8.80E+00	8.39E+00	5.08E+00	6.90E+00	3.12E+00	3.98E+00	3.84E+00
PD51233	1.19E+01	9.56E+00	9.32E+00	7.42E+00	4.15E+00	5.13E+00	5.39E+00
PD51234	1.17E+01	1.16E+01	1.00E+01	8.22E+00	5.67E+00	5.82E+00	4.03E+00
PD51235	1.19E+01	1.19E+01	9.58E+00	7.22E+00	4.34E+00	5.17E+00	5.30E+00
PD51236	6.12E+00	6.43E+00	5.63E+00	5.08E+00	2.56E+00	2.68E+00	3.25E+00
PD51237	8.60E+00	7.43E+00	6.17E+00	6.87E+00	2.91E+00	3.64E+00	5.27E+00
PD51238	9.56E+00	9.45E+00	8.15E+00	7.48E+00	4.62E+00	4.95E+00	5.32E+00
PD51239	9.57E+00	9.17E+00	7.28E+00	7.69E+00	4.05E+00	4.27E+00	5.04E+00
PD51240	9.85E+00	7.46E+00	7.20E+00	6.34E+00	2.86E+00	3.91E+00	4.42E+00
PD51241	7.15E+00	6.23E+00	6.60E+00	4.58E+00	3.62E+00	4.02E+00	3.13E+00
PD51242	1.10E+01	1.03E+01	9.48E+00	1.03E+01	4.73E+00	5.19E+00	5.35E+00
PD51243	1.02E+01	7.48E+00	8.00E+00	5.66E+00	3.93E+00	4.55E+00	3.86E+00
PD51244	7.96E+00	7.64E+00	6.66E+00	6.58E+00	3.38E+00	3.13E+00	3.69E+00
PD51245	7.02E+00	6.61E+00	4.62E+00	4.49E+00	3.06E+00	3.34E+00	3.51E+00
PD51246	1.14E+01	1.13E+01	7.53E+00	1.05E+01	4.40E+00	5.09E+00	3.46E+00
PD51247	1.02E+01	8.50E+00	1.02E+01	5.59E+00	5.02E+00	5.37E+00	4.76E+00
PD51248	7.07E+00	7.93E+00	5.06E+00	6.83E+00	3.64E+00	4.06E+00	4.06E+00
PD51250	9.95E+00	9.01E+00	8.63E+00	7.48E+00	3.23E+00	3.62E+00	4.48E+00
PD51251	9.34E+00	8.25E+00	6.03E+00	7.66E+00	3.81E+00	4.16E+00	3.16E+00
PD51252	1.26E+01	1.03E+01	9.12E+00	8.55E+00	4.86E+00	5.45E+00	4.78E+00
PD51253	9.37E+00	8.70E+00	8.09E+00	7.99E+00	3.80E+00	4.12E+00	3.84E+00
PD51254	1.06E+01	8.84E+00	8.34E+00	8.02E+00	1.83E+00	3.09E+00	4.58E+00
PD51255	1.35E+01	1.26E+01	9.92E+00	1.23E+01	4.78E+00	5.72E+00	5.90E+00
PD51256	8.06E+00	8.38E+00	6.33E+00	6.04E+00	3.58E+00	3.24E+00	5.43E+00
PD51258	6.62E+00	6.19E+00	6.17E+00	5.42E+00	3.32E+00	3.49E+00	2.71E+00
PD51259	8.43E+00	6.92E+00	5.87E+00	4.78E+00	3.57E+00	3.70E+00	3.64E+00
PD51260	7.79E+00	7.17E+00	5.56E+00	5.12E+00	2.95E+00	2.74E+00	2.52E+00
PD51261	9.06E+00	7.34E+00	7.39E+00	5.57E+00	3.93E+00	4.57E+00	3.17E+00
PD51262	9.57E+00	8.59E+00	7.44E+00	6.57E+00	3.82E+00	4.02E+00	3.81E+00
PD51263	5.75E+00	4.93E+00	4.06E+00	4.20E+00	2.67E+00	2.78E+00	1.90E+00
PD51264	9.87E+00	8.78E+00	7.39E+00	7.44E+00	3.56E+00	3.83E+00	4.53E+00
PD51265	1.15E+01	8.99E+00	1.01E+01	6.75E+00	5.77E+00	5.46E+00	5.31E+00
PD51266	7.45E+00	6.78E+00	5.09E+00	4.95E+00	1.84E+00	2.87E+00	4.09E+00
PD51267	1.33E+01	1.06E+01	1.06E+01	7.61E+00	5.09E+00	5.26E+00	5.46E+00
PD51268	8.11E+00	7.34E+00	6.51E+00	6.39E+00	1.77E+00	2.90E+00	3.92E+00
PD51269	8.40E+00	8.78E+00	6.19E+00	7.34E+00	7.16E+00	7.73E+00	3.87E+00
PD51270	1.38E+01	1.14E+01	1.10E+01	8.44E+00	5.24E+00	7.06E+00	4.38E+00
PD51271	8.94E+00	8.70E+00	6.76E+00	6.79E+00	4.01E+00	5.55E+00	4.66E+00
PD51273	1.13E+01	9.76E+00	9.34E+00	9.47E+00	3.85E+00	4.66E+00	4.17E+00
PD51274	7.69E+00	6.46E+00	6.26E+00	3.20E+00	2.98E+00	3.49E+00	3.65E+00
PD51275	1.25E+01	1.17E+01	1.32E+01	1.07E+01	5.24E+00	5.32E+00	6.32E+00
PD51276	5.39E+00	4.82E+00	3.76E+00	4.09E+00	2.22E+00	2.20E+00	2.14E+00
PD51277	1.04E+01	8.78E+00	6.79E+00	7.23E+00	3.43E+00	3.55E+00	4.67E+00
PD51278	9.01E+00	7.97E+00	6.36E+00	5.98E+00	3.19E+00	3.63E+00	4.18E+00
PD51279	8.65E+00	9.50E+00	8.02E+00	7.54E+00	3.92E+00	4.29E+00	5.14E+00
PD51280	7.32E+00	8.42E+00	5.93E+00	6.52E+00	2.86E+00	3.40E+00	3.47E+00
PD51281	6.60E+00	5.62E+00	4.86E+00	4.78E+00	2.45E+00	3.00E+00	2.70E+00
PD51282	1.22E+01	1.01E+01	9.09E+00	8.57E+00	3.76E+00	4.74E+00	4.88E+00
PD51284	9.40E+00	1.01E+01	6.69E+00	7.66E+00	3.71E+00	4.30E+00	4.58E+00
PD51285	8.49E+00	8.16E+00	6.64E+00	7.67E+00	3.70E+00	4.02E+00	4.55E+00
PD51286	1.14E+01	9.37E+00	9.94E+00	7.67E+00	4.42E+00	5.39E+00	4.46E+00
PD51287	1.36E+01	1.07E+01	1.14E+01	8.70E+00	4.53E+00	4.87E+00	5.12E+00
PD51288	9.42E+00	8.24E+00	8.41E+00	7.48E+00	4.65E+00	4.53E+00	4.27E+00
PD51289	1.01E+01	8.72E+00	8.05E+00	8.32E+00	4.89E+00	5.25E+00	4.26E+00
PD51290	6.81E+00	5.62E+00	4.71E+00	4.59E+00	1.46E+00	2.92E+00	2.67E+00
PD51291	9.62E+00	8.54E+00	6.51E+00	6.09E+00	3.77E+00	3.88E+00	4.38E+00
PD51292	1.08E+01	9.39E+00	8.98E+00	7.94E+00	4.53E+00	5.18E+00	4.70E+00
PD51293	7.17E+00	7.45E+00	5.06E+00	5.29E+00	2.81E+00	3.14E+00	4.39E+00
PD51294	6.79E+00	8.31E+00	6.20E+00	5.74E+00	2.05E+00	1.61E+00	4.03E+00
PD51295	1.44E+01	1.62E+01	1.16E+01	1.47E+01	5.86E+00	6.22E+00	5.84E+00
PD51296	8.12E+00	6.99E+00	6.07E+00	5.90E+00	3.62E+00	4.46E+00	4.32E+00
PD51297	1.14E+01	1.19E+01	8.26E+00	1.13E+01	4.03E+00	3.95E+00	5.18E+00
PD51298	1.14E+01	1.20E+01	9.76E+00	1.07E+01	5.25E+00	6.60E+00	4.41E+00
PD51300	9.16E+00	7.46E+00	7.96E+00	5.56E+00	3.47E+00	4.42E+00	2.42E+00
PD51301	9.34E+00	8.42E+00	7.62E+00	6.91E+00	4.16E+00	4.25E+00	4.29E+00
PD51302	9.25E+00	7.97E+00	7.26E+00	7.37E+00	3.72E+00	4.42E+00	3.66E+00
PD51303	1.25E+01	8.88E+00	9.92E+00	7.39E+00	2.98E+00	4.40E+00	4.72E+00
PD51304	1.08E+01	1.03E+01	1.02E+01	6.60E+00	3.99E+00	4.66E+00	4.90E+00
PD51305	1.12E+01	1.20E+01	8.69E+00	9.45E+00	3.59E+00	4.06E+00	4.05E+00
PD51307	1.14E+01	9.15E+00	8.83E+00	9.05E+00	4.70E+00	5.18E+00	4.77E+00
PD51309	1.47E+01	1.28E+01	1.28E+01	1.12E+01	4.84E+00	4.80E+00	6.05E+00
PD51312	9.32E+00	8.16E+00	7.75E+00	6.17E+00	3.49E+00	3.28E+00	4.71E+00
PD51314	1.20E+01	1.14E+01	8.44E+00	1.04E+01	3.90E+00	2.56E+00	5.35E+00
PD51316	1.50E+01	1.51E+01	1.05E+01	1.34E+01	5.30E+00	6.01E+00	5.91E+00
PD51318	8.71E+00	8.75E+00	8.70E+00	7.33E+00	3.83E+00	4.01E+00	3.73E+00
PD51319	5.57E+00	5.59E+00	4.34E+00	4.75E+00	2.13E+00	1.85E+00	3.18E+00
PD51320	1.30E+01	1.08E+01	1.15E+01	8.85E+00	5.18E+00	5.65E+00	4.23E+00
PD51321	1.08E+01	9.81E+00	1.06E+01	7.68E+00	4.93E+00	5.95E+00	6.20E+00
PD51322	1.23E+01	1.16E+01	1.10E+01	9.21E+00	5.51E+00	5.77E+00	5.39E+00
PD51323	1.11E+01	9.77E+00	8.30E+00	9.63E+00	5.54E+00	5.78E+00	5.19E+00
PD51324	1.28E+01	1.33E+01	8.06E+00	9.73E+00	4.73E+00	4.19E+00	4.68E+00
PD51381	1.24E+01	1.06E+01	1.08E+01	8.76E+00	5.57E+00	6.21E+00	5.12E+00
PD51382	6.91E+00	6.49E+00	4.24E+00	6.11E+00	2.94E+00	3.15E+00	2.83E+00
PD51385	1.27E+01	9.72E+00	1.01E+01	8.34E+00	1.72E+01	1.90E+01	4.88E+00
PD51386	1.11E+01	8.70E+00	7.99E+00	8.00E+00	3.80E+00	3.41E+00	3.60E+00
PD51387	7.78E+00	6.00E+00	4.49E+00	5.26E+00	1.31E+00	1.42E+00	4.33E+00
PD51389	1.55E+01	1.37E+01	1.35E+01	1.15E+01	5.77E+00	6.92E+00	5.58E+00
PD51390	1.06E+01	1.03E+01	1.04E+01	8.03E+00	4.97E+00	5.65E+00	4.87E+00
PD51391	1.03E+01	9.43E+00	8.40E+00	7.03E+00	3.95E+00	4.85E+00	4.57E+00
PD51393	5.25E+00	5.04E+00	4.16E+00	3.71E+00	1.99E+00	1.98E+00	2.30E+00
PD51396	1.18E+01	8.88E+00	1.07E+01	7.44E+00	4.35E+00	5.04E+00	4.17E+00
PD51398	1.24E+01	1.07E+01	9.37E+00	8.83E+00	4.32E+00	5.18E+00	5.71E+00
PD51399	9.69E+00	1.09E+01	6.91E+00	9.52E+00	4.51E+00	4.20E+00	4.98E+00
PD51400	9.61E+00	8.57E+00	7.84E+00	7.21E+00	4.20E+00	4.00E+00	3.84E+00
PD51401	1.53E+01	1.34E+01	1.22E+01	1.42E+01	5.71E+00	6.10E+00	6.88E+00
PD51402	8.16E+00	6.83E+00	5.82E+00	6.96E+00	3.40E+00	4.52E+00	3.08E+00
PD51404	1.02E+01	1.15E+01	8.01E+00	1.06E+01	4.41E+00	4.94E+00	5.41E+00
PD51405	5.94E+00	5.96E+00	4.04E+00	4.92E+00	1.84E+00	2.63E+00	2.88E+00
PD51406	8.97E+00	9.28E+00	7.40E+00	7.59E+00	3.96E+00	4.68E+00	4.93E+00
PD51407	1.16E+01	1.04E+01	8.11E+00	8.24E+00	5.04E+00	5.18E+00	4.58E+00
PD51409	1.13E+01	1.16E+01	8.30E+00	9.56E+00	5.05E+00	5.08E+00	4.83E+00
PD51410	7.90E+00	7.27E+00	5.93E+00	6.12E+00	3.48E+00	3.81E+00	3.34E+00
PD51411	5.91E+00	5.26E+00	3.78E+00	4.36E+00	2.24E+00	2.90E+00	1.72E+00
PD51412	8.33E+00	7.81E+00	7.19E+00	7.10E+00	3.59E+00	4.15E+00	3.97E+00
PD51413	1.05E+01	9.61E+00	7.83E+00	7.79E+00	4.49E+00	5.40E+00	3.67E+00
PD51414	9.88E+00	9.73E+00	7.55E+00	7.14E+00	4.50E+00	5.39E+00	3.75E+00
PD51416	1.07E+01	1.05E+01	8.82E+00	8.28E+00	3.97E+00	3.89E+00	5.21E+00
PD51417	9.23E+00	9.12E+00	7.46E+00	6.53E+00	3.94E+00	4.80E+00	3.10E+00
PD51418	1.22E+01	9.61E+00	1.22E+01	7.00E+00	4.30E+00	5.02E+00	6.77E+00
PD51422	1.36E+01	1.02E+01	9.80E+00	1.12E+01	3.20E+00	4.12E+00	4.15E+00
PD51423	1.05E+01	1.00E+01	7.68E+00	7.66E+00	3.82E+00	4.55E+00	3.84E+00
PD51424	1.08E+01	9.27E+00	9.12E+00	7.18E+00	4.57E+00	5.25E+00	3.62E+00
PD51425	1.12E+01	8.68E+00	8.95E+00	6.73E+00	4.09E+00	4.61E+00	4.21E+00
PD51426	9.98E+00	9.29E+00	6.64E+00	6.92E+00	3.53E+00	3.54E+00	3.85E+00
PD51427	9.21E+00	7.65E+00	7.50E+00	7.80E+00	3.75E+00	3.76E+00	4.06E+00
PD51508	1.39E+01	1.56E+01	9.99E+00	1.39E+01	5.59E+00	6.57E+00	5.57E+00
PD51509	1.05E+01	9.40E+00	8.66E+00	8.05E+00	5.15E+00	5.47E+00	4.72E+00
PD51510	9.52E+00	9.03E+00	1.03E+01	6.80E+00	5.26E+00	5.66E+00	4.97E+00
PD51511	1.16E+01	1.13E+01	7.98E+00	1.09E+01	5.02E+00	5.35E+00	5.46E+00
PD51512	9.63E+00	1.13E+01	6.68E+00	1.02E+01	4.30E+00	4.12E+00	4.58E+00
PD51513	1.25E+01	9.91E+00	1.01E+01	7.81E+00	4.80E+00	5.29E+00	4.20E+00
PD51514	1.12E+01	1.09E+01	1.01E+01	8.35E+00	4.25E+00	5.42E+00	5.21E+00
PD51515	8.46E+00	8.70E+00	5.69E+00	5.73E+00	3.50E+00	3.42E+00	3.93E+00
PD51516	1.05E+01	1.07E+01	8.69E+00	8.69E+00	4.34E+00	4.81E+00	4.71E+00
PD51517	9.26E+00	8.93E+00	7.97E+00	6.93E+00	3.81E+00	4.80E+00	4.71E+00
PD51518	1.18E+01	9.95E+00	1.12E+01	7.28E+00	5.19E+00	5.82E+00	3.92E+00
PD51519	1.34E+01	1.14E+01	1.28E+01	8.60E+00	2.95E+00	4.56E+00	5.39E+00
PD51521	1.04E+01	9.97E+00	7.85E+00	9.39E+00	3.97E+00	4.82E+00	4.04E+00
PD51522	1.24E+01	1.23E+01	1.07E+01	1.02E+01	4.84E+00	5.44E+00	5.88E+00
PD51523	8.40E+00	6.65E+00	6.30E+00	5.41E+00	3.06E+00	3.58E+00	3.87E+00
PD51524	1.17E+01	1.15E+01	8.99E+00	9.27E+00	4.96E+00	5.20E+00	4.92E+00
PD51525	1.42E+01	1.69E+01	1.09E+01	1.37E+01	3.89E+00	5.29E+00	5.35E+00
PD51526	9.05E+00	6.73E+00	6.44E+00	6.13E+00	3.58E+00	4.08E+00	3.23E+00
PD51527	1.31E+01	1.13E+01	1.30E+01	8.96E+00	5.02E+00	5.14E+00	5.15E+00
PD51528	1.14E+01	9.99E+00	9.66E+00	8.72E+00	5.07E+00	5.76E+00	5.52E+00
PD51529	1.67E+01	1.23E+01	1.34E+01	9.95E+00	6.17E+00	7.20E+00	5.76E+00
PD51530	8.87E+00	7.25E+00	4.88E+00	6.08E+00	3.23E+00	3.55E+00	2.65E+00
PD51531	1.05E+01	1.02E+01	8.12E+00	8.78E+00	5.43E+00	5.71E+00	4.52E+00
PD51532	1.61E+01	1.33E+01	1.57E+01	1.06E+01	6.76E+00	6.60E+00	5.55E+00
PD51533	9.41E+00	8.41E+00	6.64E+00	6.91E+00	3.48E+00	3.25E+00	4.16E+00
PD51534	1.05E+01	9.74E+00	8.66E+00	8.14E+00	2.46E+00	4.42E+00	4.59E+00
PD51535	5.96E+00	4.86E+00	4.56E+00	3.71E+00	2.61E+00	3.21E+00	2.54E+00
PD51536	1.63E+01	1.31E+01	1.08E+01	1.31E+01	2.80E+01	2.81E+01	4.38E+00
PD51537	2.77E+01	2.17E+01	1.49E+01	1.82E+01	8.84E+01	9.75E+01	3.60E-01
PD51538	1.26E+01	9.94E+00	9.57E+00	7.37E+00	1.28E+01	1.37E+01	3.65E+00
PD51539	1.34E+01	1.45E+01	1.06E+01	1.22E+01	2.15E+01	2.44E+01	3.49E+00
PD51540	2.09E+01	1.99E+01	0.00E+00	1.61E+01	4.10E+01	3.91E+01	4.74E+00
PD51541	9.90E+00	9.35E+00	7.83E+00	7.44E+00	7.00E+00	7.27E+00	4.45E+00
PD51542	1.68E+01	1.85E+01	1.30E+01	1.50E+01	3.84E+01	4.19E+01	5.87E+00
PD51543	1.05E+01	9.37E+00	8.57E+00	7.37E+00	6.41E+00	8.09E+00	6.25E+00
PD51544	2.01E+01	1.44E+01	1.43E+01	1.40E+01	3.69E+01	3.94E+01	4.77E+00
PD51545	1.30E+01	9.73E+00	1.05E+01	7.54E+00	1.10E+01	1.34E+01	4.58E+00
PD51546	0.00E+00	2.03E+01	0.00E+00	1.88E+01	6.00E+01	6.07E+01	4.69E+00
PD51549	2.15E+01	2.44E+01	1.57E+01	1.76E+01	5.99E+01	6.00E+01	6.34E+00
PD51550	8.15E+00	6.84E+00	6.35E+00	5.12E+00	3.21E+00	4.17E+00	3.51E+00
PD51551	1.47E+01	1.22E+01	1.21E+01	1.19E+01	4.53E+00	5.45E+00	5.82E+00
PD51552	1.00E+01	9.39E+00	8.60E+00	9.19E+00	4.12E+00	4.35E+00	3.62E+00
PD51553	8.34E+00	7.42E+00	7.26E+00	5.89E+00	3.45E+00	4.13E+00	3.69E+00
PD51554	9.49E+00	9.53E+00	7.97E+00	7.04E+00	4.05E+00	4.84E+00	3.92E+00
PD51555	6.98E+00	6.12E+00	4.96E+00	4.45E+00	2.64E+00	3.59E+00	2.36E+00
PD51556	6.73E+00	5.51E+00	7.70E+00	9.12E-01	2.74E+00	1.16E+00	3.78E+00
PD51557	8.81E+00	9.96E+00	7.23E+00	8.10E+00	3.85E+00	4.42E+00	4.85E+00
PD51558	1.10E+01	1.26E+01	9.30E+00	9.17E+00	4.17E+00	4.90E+00	4.16E+00
PD51559	9.47E+00	9.80E+00	6.94E+00	8.77E+00	2.65E+00	2.60E+00	5.03E+00
PD51560	7.64E+00	7.57E+00	6.43E+00	6.07E+00	3.03E+00	3.61E+00	3.56E+00
PD51561	1.17E+01	1.05E+01	9.26E+00	8.95E+00	3.88E+00	4.11E+00	4.75E+00
PD51562	1.20E+01	9.44E+00	1.12E+01	7.80E+00	4.92E+00	5.47E+00	4.65E+00
PD51563	1.05E+01	8.81E+00	7.76E+00	7.71E+00	4.05E+00	4.59E+00	4.39E+00
PD51564	9.38E+00	7.74E+00	7.50E+00	6.59E+00	4.47E+00	5.00E+00	3.43E+00
PD51565	7.33E+00	6.69E+00	5.46E+00	5.09E+00	2.95E+00	3.85E+00	2.24E+00
PD51566	1.21E+01	1.26E+01	1.21E+01	1.09E+01	6.10E+00	7.68E+00	4.27E+00
PD51567	1.15E+01	1.03E+01	8.42E+00	9.66E+00	3.95E+00	4.36E+00	4.00E+00
PD51568	7.40E+00	7.20E+00	6.40E+00	5.41E+00	2.94E+00	3.26E+00	2.85E+00
PD51569	6.29E+00	6.14E+00	4.96E+00	4.53E+00	2.80E+00	2.85E+00	3.21E+00
PD51570	1.08E+01	1.10E+01	7.93E+00	8.82E+00	3.40E+00	4.97E+00	5.19E+00
PD51571	5.79E+00	5.58E+00	3.96E+00	4.62E+00	1.98E+00	1.29E+00	2.47E+00
PD51572	1.35E+01	1.38E+01	1.15E+01	1.14E+01	5.44E+00	5.86E+00	5.41E+00
PD51573	0.00E+00	3.49E+01	4.03E+01	1.19E+01	4.31E+00	4.19E+00	3.52E+01
PD51574	8.98E+00	8.17E+00	6.29E+00	6.79E+00	3.70E+00	4.00E+00	4.06E+00
PD51575	9.61E+00	7.85E+00	7.54E+00	6.26E+00	2.80E+00	1.56E+00	4.45E+00
PD51576	1.11E+01	1.13E+01	8.23E+00	1.01E+01	5.10E+00	5.70E+00	5.77E+00
PD51577	9.67E+00	1.05E+01	9.28E+00	7.59E+00	4.24E+00	5.07E+00	4.37E+00
PD51578	1.18E+01	1.29E+01	8.69E+00	1.01E+01	2.68E+00	4.67E+00	3.89E+00
PD51579	1.26E+01	1.23E+01	9.38E+00	1.12E+01	4.88E+00	5.53E+00	5.69E+00
PD51580	1.39E+01	1.15E+01	1.21E+01	8.69E+00	4.57E+00	5.37E+00	5.20E+00
PD51581	1.01E+01	9.81E+00	6.80E+00	8.08E+00	3.41E+00	3.21E+00	3.52E+00
PD51582	1.11E+01	7.40E+00	9.20E+00	6.19E+00	3.89E+00	4.06E+00	3.88E+00
PD51583	7.63E+00	9.12E+00	7.08E+00	5.69E+00	3.53E+00	3.91E+00	4.04E+00
PD51584	7.21E+00	7.54E+00	4.97E+00	5.92E+00	3.32E+00	3.49E+00	3.09E+00
PD51585	5.61E+00	6.77E+00	3.65E+00	4.46E+00	2.72E+00	2.86E+00	2.15E+00
PD51586	5.50E+00	5.41E+00	3.42E+00	4.94E+00	1.92E+00	1.13E+00	2.51E+00
PD51587	1.04E+01	9.64E+00	7.08E+00	8.67E+00	3.88E+00	4.05E+00	5.24E+00
PD51588	8.13E+00	6.47E+00	6.96E+00	6.44E+00	3.42E+00	4.45E+00	4.95E+00
PD51589	1.21E+01	1.19E+01	1.08E+01	9.30E+00	4.94E+00	5.46E+00	5.49E+00
PD51590	7.10E+00	7.83E+00	5.83E+00	5.40E+00	2.72E+00	2.45E+00	3.23E+00
PD51591	7.34E+00	7.72E+00	5.50E+00	5.24E+00	3.64E+00	4.13E+00	3.26E+00
PD51593	1.22E+01	1.12E+01	1.05E+01	1.05E+01	5.24E+00	6.33E+00	5.92E+00
PD51594	8.55E+00	8.62E+00	7.49E+00	6.92E+00	3.75E+00	4.12E+00	5.44E+00
PD51595	1.39E+01	1.40E+01	1.04E+01	1.22E+01	5.61E+00	6.66E+00	5.91E+00
PD51596	1.11E+01	9.40E+00	9.24E+00	8.52E+00	5.24E+00	5.02E+00	5.09E+00
PD51597	1.05E+01	1.15E+01	7.97E+00	8.65E+00	4.84E+00	5.56E+00	4.67E+00
PD51598	8.86E+00	8.21E+00	8.20E+00	5.00E+00	3.74E+00	3.77E+00	3.83E+00
PD51599	1.16E+01	1.17E+01	9.65E+00	9.78E+00	4.50E+00	4.65E+00	5.25E+00
PD51600	6.99E+00	6.79E+00	5.65E+00	6.32E+00	2.33E+00	2.04E+00	2.33E+00
PD51601	7.47E+00	8.00E+00	5.71E+00	5.09E+00	3.71E+00	4.09E+00	3.21E+00
PD51637	8.96E+00	7.25E+00	5.88E+00	5.97E+00	3.25E+00	3.91E+00	3.67E+00
PD51638	8.28E+00	8.67E+00	6.21E+00	6.94E+00	7.23E+00	6.98E+00	4.20E+00
PD51639	8.23E+00	7.87E+00	7.07E+00	5.53E+00	2.74E+00	3.33E+00	3.51E+00
PD51640	1.17E+01	8.17E+00	1.21E+01	7.19E+00	4.42E+00	5.85E+00	5.30E+00
PD51642	9.86E+00	9.71E+00	7.08E+00	7.33E+00	3.34E+00	4.72E+00	4.06E+00
PD51643	1.02E+01	1.02E+01	9.74E+00	7.61E+00	3.63E+00	4.88E+00	3.97E+00
PD51644	1.12E+01	1.09E+01	9.81E+00	7.87E+00	5.05E+00	5.00E+00	4.20E+00
PD51645	9.74E+00	8.73E+00	6.73E+00	6.92E+00	3.08E+00	3.35E+00	4.25E+00
PD51646	6.72E+00	6.82E+00	6.66E+00	5.81E+00	1.45E+00	2.73E+00	3.97E+00
PD51648	7.55E+00	8.94E+00	6.24E+00	5.42E+00	2.36E+00	8.58E-01	3.37E+00
PD51649	1.24E+01	9.73E+00	1.24E+01	7.17E+00	4.54E+00	3.89E+00	5.51E+00
PD51650	9.74E+00	9.36E+00	6.44E+00	8.27E+00	3.82E+00	4.07E+00	4.30E+00
PD51651	9.51E+00	8.28E+00	7.15E+00	6.59E+00	2.94E+00	3.00E+00	3.98E+00
PD51652	9.76E+00	8.47E+00	6.82E+00	6.43E+00	2.99E+00	3.33E+00	4.49E+00
PD51653	8.46E+00	7.48E+00	9.12E+00	6.02E+00	6.73E+00	7.35E+00	3.79E+00
PD51654	1.16E+01	9.60E+00	9.84E+00	9.24E+00	4.54E+00	4.96E+00	5.29E+00
PD51655	8.74E+00	7.16E+00	5.36E+00	6.57E+00	3.15E+00	3.40E+00	3.80E+00
PD51656	1.10E+01	1.18E+01	9.52E+00	8.97E+00	3.86E+00	4.29E+00	5.98E+00
PD51657	8.09E+00	7.20E+00	6.72E+00	6.24E+00	2.56E+00	1.05E+00	4.49E+00
PD51658	5.09E+00	4.44E+00	3.68E+00	3.09E+00	1.67E+00	1.61E+00	1.93E+00
PD51659	1.05E+01	1.13E+01	8.96E+00	8.57E+00	3.82E+00	4.22E+00	4.31E+00
PD51660	8.99E+00	7.84E+00	7.75E+00	5.67E+00	3.27E+00	4.15E+00	3.38E+00
PD51661	7.76E+00	6.82E+00	6.50E+00	4.62E+00	3.01E+00	3.51E+00	3.54E+00
PD51662	9.91E+00	9.40E+00	6.61E+00	7.09E+00	3.52E+00	3.86E+00	3.66E+00
PD51663	9.90E+00	9.51E+00	7.96E+00	8.39E+00	3.51E+00	4.71E+00	3.75E+00
PD51664	7.86E+00	7.67E+00	5.98E+00	6.19E+00	2.52E+00	2.23E+00	3.24E+00
PD51665	5.97E+00	5.32E+00	4.89E+00	4.33E+00	2.14E+00	6.43E-01	2.37E+00
PD51666	9.82E+00	7.47E+00	7.65E+00	5.17E+00	2.99E+00	2.86E+00	3.97E+00
PD51667	7.97E+00	7.18E+00	5.98E+00	5.96E+00	2.62E+00	3.51E+00	4.42E+00
PD51668	1.26E+01	1.34E+01	1.17E+01	1.14E+01	4.23E+00	5.01E+00	4.79E+00
PD51669	6.18E+00	5.96E+00	5.12E+00	4.50E+00	3.06E+00	2.99E+00	3.02E+00
PD51670	8.54E+00	6.64E+00	6.68E+00	4.97E+00	2.24E+00	2.32E+00	3.09E+00
PD51671	8.01E+00	7.08E+00	7.70E+00	5.98E+00	3.90E+00	4.57E+00	4.48E+00
PD51672	7.73E+00	6.45E+00	5.82E+00	5.68E+00	2.56E+00	3.37E+00	3.56E+00
PD51673	8.74E+00	9.08E+00	5.70E+00	7.33E+00	3.09E+00	3.50E+00	2.77E+00
PD51675	8.73E+00	7.56E+00	6.68E+00	6.71E+00	3.35E+00	3.32E+00	4.23E+00
PD51676	1.23E+01	8.62E+00	1.09E+01	6.64E+00	4.84E+00	5.36E+00	5.22E+00
PD51677	9.16E+00	8.76E+00	8.08E+00	6.82E+00	4.26E+00	5.03E+00	4.54E+00
PD51678	7.00E+00	7.05E+00	6.06E+00	5.66E+00	2.53E+00	2.71E+00	3.48E+00
PD51679	8.99E+00	9.41E+00	7.33E+00	8.21E+00	3.13E+00	2.76E+00	4.37E+00
PD51680	8.65E+00	8.85E+00	6.13E+00	6.51E+00	3.34E+00	3.76E+00	4.15E+00
PD51681	6.74E+00	6.04E+00	5.25E+00	5.92E+00	2.59E+00	3.08E+00	3.91E+00
PD51682	1.32E+01	1.13E+01	1.19E+01	9.09E+00	6.06E+00	7.36E+00	5.35E+00
PD51683	1.02E+01	8.56E+00	8.72E+00	7.97E+00	4.20E+00	4.92E+00	4.66E+00
PD51684	9.94E+00	9.29E+00	7.18E+00	7.89E+00	3.25E+00	3.81E+00	4.83E+00
PD51685	8.21E+00	9.09E+00	7.05E+00	6.68E+00	3.84E+00	4.25E+00	3.15E+00
PD51687	9.47E+00	8.34E+00	7.22E+00	5.79E+00	1.18E+01	1.34E+01	3.23E+00
PD51688	1.01E+01	8.26E+00	9.61E+00	7.02E+00	4.94E+00	5.24E+00	5.39E+00
PD51689	9.01E+00	8.37E+00	8.00E+00	6.23E+00	3.61E+00	4.16E+00	3.91E+00
PD51691	1.26E+01	1.05E+01	1.06E+01	8.25E+00	4.49E+00	4.91E+00	5.57E+00
PD51693	1.10E+01	9.83E+00	9.96E+00	8.02E+00	4.78E+00	4.68E+00	4.57E+00
PD51694	1.00E+01	9.68E+00	7.72E+00	7.51E+00	4.40E+00	4.60E+00	4.83E+00
PD51695	1.16E+01	9.03E+00	8.74E+00	7.16E+00	5.05E+00	5.61E+00	4.77E+00
PD51696	8.43E+00	8.65E+00	7.98E+00	6.55E+00	3.47E+00	3.87E+00	4.16E+00
PD51697	1.12E+01	9.50E+00	9.51E+00	7.94E+00	4.06E+00	4.34E+00	5.33E+00
PD51698	8.61E+00	8.64E+00	6.93E+00	7.05E+00	3.47E+00	3.59E+00	3.93E+00
PD51699	8.79E+00	7.45E+00	7.57E+00	4.67E+00	3.12E+00	1.92E+00	3.52E+00
PD51700	9.41E+00	9.14E+00	8.40E+00	6.78E+00	4.21E+00	4.94E+00	4.28E+00
PD51701	1.29E+01	1.07E+01	1.17E+01	7.81E+00	4.64E+00	4.94E+00	6.31E+00
PD51702	1.02E+01	1.00E+01	1.06E+01	8.37E+00	4.05E+00	4.92E+00	4.59E+00
PD51703	7.26E+00	6.26E+00	5.24E+00	5.34E+00	3.32E+00	3.71E+00	3.25E+00
PD51704	9.93E+00	8.39E+00	8.78E+00	6.41E+00	4.63E+00	5.56E+00	5.06E+00
PD51705	9.72E+00	1.04E+01	7.78E+00	8.83E+00	3.66E+00	4.82E+00	3.59E+00
PD51706	6.16E+00	6.09E+00	6.30E+00	5.19E+00	2.26E+00	1.81E+00	4.00E+00
PD51707	8.37E+00	7.54E+00	6.40E+00	5.77E+00	3.25E+00	3.58E+00	4.25E+00
PD51708	6.44E+00	5.94E+00	5.34E+00	4.72E+00	2.64E+00	2.01E+00	3.28E+00
PD51709	7.85E+00	8.02E+00	6.27E+00	5.64E+00	2.32E+00	1.80E+00	3.88E+00
PD51710	1.09E+01	1.24E+01	8.73E+00	8.78E+00	3.77E+00	4.66E+00	4.44E+00
PD51711	9.57E+00	8.93E+00	7.10E+00	7.17E+00	3.58E+00	3.69E+00	4.23E+00
PD51712	8.75E+00	8.96E+00	6.06E+00	6.27E+00	3.61E+00	3.76E+00	4.41E+00
PD51713	9.83E+00	1.01E+01	6.82E+00	8.23E+00	4.21E+00	4.58E+00	4.65E+00
PD51714	1.15E+01	1.02E+01	1.23E+01	7.97E+00	4.51E+00	5.11E+00	5.58E+00
PD51715	9.49E+00	8.75E+00	7.57E+00	7.53E+00	3.75E+00	4.13E+00	4.37E+00
PD51716	8.68E+00	7.47E+00	7.25E+00	6.28E+00	2.77E+00	3.32E+00	3.96E+00
PD51717	1.06E+01	8.17E+00	6.95E+00	6.30E+00	3.71E+00	3.16E+00	4.04E+00
PD51718	1.09E+01	9.17E+00	1.07E+01	6.97E+00	5.32E+00	5.44E+00	5.29E+00
PD51719	6.09E+00	6.04E+00	4.41E+00	4.47E+00	2.81E+00	3.27E+00	2.71E+00
PD51720	6.58E+00	6.22E+00	5.32E+00	3.81E+00	3.32E+00	3.91E+00	2.89E+00
PD51721	1.31E+01	1.04E+01	1.13E+01	8.65E+00	5.15E+00	5.33E+00	4.35E+00
PD51722	7.95E+00	6.88E+00	6.74E+00	6.02E+00	3.50E+00	4.25E+00	3.80E+00
PD51723	1.07E+01	9.05E+00	7.72E+00	7.04E+00	2.68E+00	4.08E+00	4.40E+00
PD51724	6.80E+00	6.65E+00	4.84E+00	5.58E+00	2.75E+00	2.78E+00	3.13E+00
PD51725	8.16E+00	8.45E+00	6.06E+00	6.58E+00	3.99E+00	4.35E+00	4.20E+00
PD51726	9.30E+00	8.21E+00	5.86E+00	6.77E+00	3.29E+00	3.94E+00	4.19E+00
PD51727	8.29E+00	8.22E+00	7.06E+00	6.43E+00	3.76E+00	4.28E+00	5.53E+00
PD51728	9.53E+00	8.44E+00	8.92E+00	6.25E+00	3.65E+00	5.20E+00	2.99E+00
PD51729	1.91E+01	1.71E+01	1.63E+01	1.55E+01	7.68E+00	6.47E+00	7.87E+00
PD51730	9.20E+00	7.39E+00	7.14E+00	7.36E+00	3.78E+00	4.14E+00	4.15E+00
PD51732	1.23E+01	1.15E+01	1.13E+01	1.09E+01	5.57E+00	6.36E+00	5.16E+00
PD51733	9.51E+00	8.59E+00	6.14E+00	8.53E+00	3.21E+00	4.16E+00	5.03E+00
PD51734	1.20E+01	1.16E+01	8.55E+00	7.69E+00	3.71E+00	4.66E+00	4.02E+00
PD51735	7.04E+00	6.05E+00	5.50E+00	3.43E+00	3.82E+00	3.45E+00	3.26E+00
PD51736	9.15E+00	9.70E+00	8.47E+00	7.90E+00	3.70E+00	4.44E+00	4.98E+00
PD51737	1.25E+01	1.30E+01	1.21E+01	1.08E+01	5.57E+00	6.58E+00	6.20E+00
PD51740	9.16E+00	9.28E+00	6.47E+00	7.01E+00	4.52E+00	4.80E+00	3.63E+00
PD51742	9.67E+00	9.80E+00	8.40E+00	8.66E+00	3.96E+00	4.71E+00	4.90E+00
PD51743	1.10E+01	9.95E+00	9.47E+00	6.94E+00	3.91E+00	4.48E+00	3.79E+00
PD51744	1.14E+01	1.13E+01	9.04E+00	8.43E+00	4.71E+00	5.16E+00	5.34E+00
PD51745	1.35E+01	1.08E+01	1.10E+01	1.11E+01	5.41E+00	5.67E+00	6.88E+00
PD51746	9.61E+00	9.62E+00	6.69E+00	7.08E+00	3.24E+00	3.81E+00	4.38E+00
PD51747	8.86E+00	8.39E+00	7.45E+00	7.14E+00	3.12E+00	3.14E+00	4.22E+00
PD51748	1.22E+01	1.17E+01	1.07E+01	9.37E+00	4.95E+00	6.22E+00	6.09E+00
PD51749	1.15E+01	9.56E+00	8.54E+00	7.93E+00	3.10E+00	4.02E+00	4.69E+00
PD51750	1.19E+01	9.34E+00	1.00E+01	8.09E+00	3.88E+00	4.73E+00	5.95E+00
PD51754	1.06E+01	8.62E+00	7.99E+00	7.36E+00	4.64E+00	4.77E+00	3.56E+00
PD51766	1.26E+01	1.16E+01	1.07E+01	8.49E+00	5.13E+00	6.04E+00	4.62E+00
PD51767	1.09E+01	9.94E+00	1.02E+01	8.07E+00	4.23E+00	2.73E+00	4.85E+00
PD51768	8.20E+00	7.65E+00	5.76E+00	7.76E+00	3.01E+00	3.31E+00	3.16E+00
PD51769	7.44E+00	6.63E+00	5.18E+00	4.55E+00	2.78E+00	2.47E+00	3.65E+00
PD51770	1.15E+01	1.26E+01	9.59E+00	1.05E+01	4.99E+00	5.49E+00	6.09E+00
PD51771	1.36E+01	1.37E+01	1.18E+01	1.11E+01	5.73E+00	6.59E+00	5.98E+00
PD51772	1.27E+01	1.13E+01	1.03E+01	9.20E+00	4.58E+00	5.02E+00	4.67E+00
PD51773	1.04E+01	1.06E+01	7.34E+00	8.06E+00	4.01E+00	4.29E+00	4.64E+00
PD51774	8.02E+00	6.44E+00	5.28E+00	5.26E+00	3.17E+00	3.34E+00	3.16E+00
PD51775	1.15E+01	1.13E+01	1.09E+01	8.06E+00	5.14E+00	5.89E+00	4.10E+00
PD51777	1.07E+01	9.46E+00	7.74E+00	7.96E+00	4.63E+00	5.33E+00	5.51E+00
PD51778	8.54E+00	7.82E+00	6.27E+00	5.38E+00	3.28E+00	2.68E+00	3.48E+00
PD51779	8.37E+00	8.01E+00	6.52E+00	6.93E+00	5.76E+00	6.23E+00	3.86E+00
PD51780	1.39E+01	1.08E+01	1.20E+01	8.15E+00	2.01E+01	2.29E+01	4.91E+00
PD51781	2.24E+01	2.74E+01	3.52E+01	1.64E+01	3.36E+01	3.15E+01	2.74E+01
PD51782	1.27E+01	9.14E+00	9.24E+00	6.51E+00	1.42E+01	1.63E+01	3.36E+00
PD51783	1.41E+01	1.31E+01	8.88E+00	1.03E+01	2.13E+01	2.31E+01	3.79E+00
PD51784	9.36E+00	1.02E+01	7.11E+00	9.02E+00	7.59E+00	8.84E+00	4.59E+00
PD51785	1.24E+01	9.67E+00	7.38E+00	7.98E+00	3.98E+00	3.50E+00	6.18E+00
PD51786	1.36E+01	1.37E+01	1.16E+01	1.15E+01	6.41E+00	6.91E+00	5.24E+00
PD51788	9.54E+00	7.63E+00	7.92E+00	5.94E+00	5.46E+00	6.31E+00	4.17E+00
PD51791	8.95E+00	8.54E+00	9.62E+00	6.10E+00	4.63E+00	4.75E+00	4.67E+00
PD51793	1.25E+01	1.28E+01	1.04E+01	9.53E+00	4.99E+00	4.92E+00	5.04E+00
PD51794	1.02E+01	1.00E+01	6.89E+00	7.22E+00	4.16E+00	4.51E+00	4.46E+00
PD51801	1.03E+01	9.40E+00	8.09E+00	7.54E+00	3.22E+00	3.80E+00	3.37E+00
PD51803	1.40E+01	1.14E+01	1.08E+01	9.82E+00	4.99E+00	6.32E+00	7.54E+00
PD51805	7.31E+00	7.82E+00	5.74E+00	5.42E+00	3.09E+00	3.53E+00	4.05E+00
PD51806	1.76E+01	2.12E+01	1.50E+01	1.95E+01	3.14E+01	2.99E+01	5.40E+00
PD51812	1.46E+01	1.24E+01	1.40E+01	1.06E+01	4.11E+00	6.04E+00	6.02E+00
PD51814	1.07E+01	1.02E+01	8.55E+00	9.63E+00	4.70E+00	5.55E+00	5.57E+00
PD51815	1.14E+01	1.03E+01	8.57E+00	8.23E+00	4.10E+00	4.33E+00	4.03E+00
PD51816	1.09E+01	1.02E+01	1.09E+01	7.39E+00	3.94E+00	4.57E+00	4.78E+00
PD51817	1.37E+01	1.42E+01	9.43E+00	1.16E+01	4.51E+00	5.20E+00	4.73E+00
PD51818	9.86E+00	7.49E+00	9.28E+00	5.77E+00	4.26E+00	4.55E+00	3.70E+00
PD51820	7.93E+00	8.42E+00	6.94E+00	5.87E+00	4.45E+00	4.52E+00	3.90E+00
PD51821	1.18E+01	1.14E+01	9.56E+00	8.37E+00	5.00E+00	5.20E+00	5.57E+00
PD51823	1.03E+01	1.01E+01	9.59E+00	8.82E+00	3.16E+00	4.60E+00	5.26E+00
PD52255	1.03E+01	8.63E+00	8.36E+00	8.07E+00	2.60E+00	4.26E+00	4.68E+00
PD52256	1.07E+01	9.58E+00	9.58E+00	7.72E+00	4.02E+00	4.42E+00	6.02E+00
PD52257	6.99E+00	5.71E+00	6.27E+00	2.97E+00	2.08E+00	1.69E-01	3.44E+00
PD52258	1.06E+01	9.75E+00	9.12E+00	6.71E+00	3.60E+00	3.41E+00	4.71E+00
PD52259	7.64E+00	8.03E+00	5.96E+00	5.98E+00	3.12E+00	4.19E+00	3.70E+00
PD52261	9.33E+00	8.45E+00	7.52E+00	6.25E+00	3.04E+00	2.36E+00	3.53E+00
PD52262	1.18E+01	9.32E+00	1.05E+01	6.56E+00	3.84E+00	4.16E+00	3.41E+00
PD52263	1.09E+01	9.09E+00	1.20E+01	7.79E+00	4.70E+00	4.78E+00	6.09E+00
PD52264	8.03E+00	7.32E+00	6.55E+00	4.82E+00	3.16E+00	2.65E+00	3.54E+00
PD52265	8.01E+00	7.62E+00	7.26E+00	6.83E+00	2.45E+00	0.00E+00	4.88E+00
PD52266	1.71E+01	1.48E+01	1.32E+01	1.45E+01	1.29E+01	1.59E+01	7.11E+00
PD52267	9.35E+00	8.92E+00	9.58E+00	6.62E+00	2.94E+00	2.70E+00	4.06E+00
PD52268	1.51E+01	1.43E+01	1.37E+01	1.21E+01	5.97E+00	5.81E+00	4.39E+00
PD52269	1.15E+01	9.35E+00	9.86E+00	9.10E+00	3.27E+00	2.97E+00	5.06E+00
PD52270	1.07E+01	9.77E+00	1.13E+01	8.26E+00	4.67E+00	5.25E+00	4.61E+00
PD52271	4.35E+00	3.71E+00	3.98E+00	2.76E+00	2.66E+00	2.88E+00	2.71E+00
PD52272	1.01E+01	8.08E+00	8.82E+00	6.80E+00	4.80E+00	5.23E+00	4.45E+00
PD52273	1.12E+01	9.67E+00	1.18E+01	8.14E+00	4.23E+00	5.71E+00	4.89E+00
PD52274	1.04E+01	9.14E+00	8.67E+00	8.36E+00	4.12E+00	5.41E+00	3.69E+00
PD52275	1.06E+01	8.51E+00	1.12E+01	6.65E+00	4.29E+00	4.85E+00	5.87E+00
PD52276	4.73E+00	4.37E+00	3.80E+00	3.69E+00	2.02E+00	2.12E+00	1.39E+00
PD52277	5.13E+00	4.66E+00	4.84E+00	4.44E+00	2.51E+00	2.76E+00	1.94E+00
PD52278	8.35E+00	9.40E+00	7.96E+00	6.62E+00	3.19E+00	3.83E+00	3.96E+00
PD52280	1.11E+01	9.89E+00	1.05E+01	8.55E+00	2.78E+00	2.65E+00	4.26E+00
PD52281	7.95E+00	7.47E+00	5.52E+00	5.67E+00	3.26E+00	3.67E+00	3.47E+00
PD52282	6.94E+00	6.32E+00	6.52E+00	5.22E+00	1.37E+00	2.68E+00	3.09E+00
PD52283	9.56E+00	7.71E+00	8.32E+00	2.31E+00	3.65E+00	2.71E+00	5.29E+00
PD52284	1.01E+01	9.00E+00	9.03E+00	8.30E+00	4.52E+00	4.78E+00	4.04E+00
