Type	Signature_1A	Signature_1B	Signature_2	Signature_3	Signature_4	Signature_5	Signature_6	Signature_7	Signature_8	Signature_9	Signature_10	Signature_11	Signature_12	Signature_13	Signature_14	Signature_15	Signature_16	Signature_17	Signature_18	Signature_19	Signature_20	Signature_21
A[C>A]A	0.0051279953761274	0.00620874776364081	0.0080607241560036	0.0183721989587348	0.022683674056686	0.010970290670264	0.000770867786312627	0.000239065617982663	0.02754374988518	0.0107276475439564	0.000418223540385925	0.000123377733758403	0.00649676451824031	0.000543032444382332	5.42079845567851e-05	0.000642581277692845	0.0134753149169775	0.00139791963127211	0.0308876852796821	0.00662468965466383	0.00077745880388384	7.4843732221065e-05
A[C>A]C	0.00655511459111221	0.00864005454712177	0.00728748131009102	0.0234681568854055	0.0298842163385284	0.0101972890894361	0.00197584042103154	0.000465039660178005	0.0334287396279154	0.00932096573596372	0.000929765211938554	0.000959996504134711	0.00617116440954915	0.000120723160459774	0.00354303473015547	0.00307685879112081	0.0126341968757709	0.000362571624069109	0.00730620426535083	0.00712978343221918	0.00223361405491279	0.000815297920782343
A[C>A]G	0.00181220965946396	0.0025204508887928	0.00263339309471815	0.00383787723738341	0.0300095306559883	0.00427407488363626	0.000598258062289929	0	0.00335746696642839	0.00117945352941881	0.000472954398192115	0	0.00378479970750067	0.000204698809871426	0.000715189030357731	0	0.00485873606256503	0	0.00277109784263983	0.000816844415197059	0	0
A[C>A]T	0.00292468753627154	0.00405559708867245	0.00288002201257971	0.013350196796905	0.0153121484196289	0.00686797991515484	0.000873562333228007	0.000242396555285497	0.0227670009012321	0.00616369990236027	0.00557323792961483	0.000125096774326357	0.00393526111977656	0.000157313884945999	0.0162691286834904	0.00285672801484689	0.00746801260260797	0.00251981698894183	0.011337133396301	0.00464539665079322	0.00175849587570726	0.000455319247364429
A[C>G]A	0.000824142114020475	0.00304467438409309	0.00368490247131593	0.0165349790628613	0.00602826406437957	0.0086142550900731	0.000589487130709656	0	0.00636200744630516	0.00429105901758255	0.000298731100275661	0.000431822068154411	0.00261558052033051	0.00139636914269742	5.42079845567851e-05	0.000543722619586253	0.00401748519263926	0.00124259522779743	0.0008648551878311	0.00359095327075235	0.0002990226168784	0.000374218661105325
A[C>G]C	0.00185253238444475	0.00399486393038964	0.00370347410840691	0.0129849192919249	0.00522248440867486	0.00836406857897566	0.000846788751870658	0	0.00430962845377307	0.00319973450637561	0.000278929563581566	0.000287998951240413	0.00196952055623909	0.00169012424643684	0	7.69214697780203e-05	0.00312598685586083	0.00193371532836858	0.001634282533039	0.00183062007043465	0.00204747955033673	0.000931769052322678
A[C>G]G	0.000724883863785584	0.0018903381665946	0.000405137399187408	0.00767575447476681	0.00508358169582315	0.00446835101471063	0	0	0.00157998445478983	0	0	0	0	0.00143289166909998	0	0.000782570631376148	0	0	0.00440115539713385	0	0	0
A[C>G]T	0.0013927083506055	0.00326869019087033	0.00482598283189032	0.0161444240334665	0.00340269964880642	0.00873427880514257	0.00082758536832127	6.05991388213743e-05	0.00614709024333267	0.00344442053367192	0.000121157346295975	0.000562935484468605	0.00213872886944378	0.00110119719462199	5.49632725793595e-05	0.000501180353481911	0.00619505590898161	0.000944931370853185	0.00269335213282288	0.00451984538996097	0.00036382673290495	0.00136595774209329
A[C>T]A	0.0135983448813378	0.0158203668977386	0.00568089130994539	0.0141619033640247	0.00745764626521184	0.0161241185019317	0.0141476911370317	0	0.0171399965318104	0.00831392684656618	0	0.0138799950478204	0.0102092013858062	0.00100848882528147	0.015882939475138	0.0057832314992356	0.0112991771042979	0.00737790916504725	0.00216213796957775	0.013682770221315	0.0177021389192013	0.00381703034327432
A[C>T]C	0.0102601793600017	0.015329129035216	0.00430080864202093	0.011317131492962	0.00725345056760397	0.0146657640836833	0.0115022138795764	0.0183225626110134	0.00745449246058045	0.00779065792856669	0.00297524867820337	0.105503615804405	0.00709027400246073	0.00193157056735639	0.0270789082947597	0.0129997283924854	0.00989895837689263	0.00519685994499056	0.00134587973309094	0.0195587302262229	0.0207539972602314	0.00722121015550075
A[C>T]G	0.206591901178892	0.106016465509847	0.00972329758049779	0.00403987077619306	0.00459162217687253	0.0322498377583463	0.108643664111851	0.000157704726448358	0.0578669306566775	0.0294863382354702	0.0198640847240689	0.0117199799618119	0.00423007026132428	0.00818795239485703	0.0709467518114869	0.0403023875158716	0.00772980737226254	0.0192630535510588	0.0146705179904462	0.0601197489585035	0.0538116107688364	0.0505571962454463
A[C>T]T	0.00589579868422993	0.0115009469678771	0.00358056790753153	0.0114097612159595	0.00371776443110331	0.012317572673919	0.00685056777110384	0.00260576296931909	0.0157851206248543	0.00688884106734384	0.0028471976379554	0.0399684193972709	0.00573179337010934	0.000943883309675993	0.0152248265044826	0.00330779033298061	0.00857124173708415	0.00456716829245706	0.00300653261338368	0.0166983176906891	0.0110360775647835	0.00227659623682214
A[T>A]A	0.00101224209987193	0.00151783062531789	0.000891043399750698	0.00410408583106534	0.00164875670068507	0.00354034774053289	0.000150375480747387	0.000330332977670682	0.00467464346945536	0.00597865403602699	0	6.81917115720583e-05	0.00270476287271704	8.57536345464133e-05	0	0.000573718444923501	0.00374707916554875	0.000257546558828552	0.000990166341772945	0.000376417016086676	3.30543663309995e-05	0.00343343105554938
A[T>A]C	0.00113193038649261	0.00805043520541889	0.00207044375810857	0.00757007192605248	0.00272365801594989	0.00603979449789986	0.00168155993574005	0.00053729716906598	0.00790624988521398	0.0042192958290288	0.000134278927973422	6.93225019489981e-05	0.00616292940003986	0.000523053875105834	0.000487327234905778	0.00499913264691692	0.00686599279057586	0.00165817642095792	0.000555357679613393	0.00368744087321505	0.00127689465801612	0.0245587197543125
A[T>A]G	0.00133282436584983	0.00496530526968156	0.00231455789478685	0.00628727243883831	0.00646109049450151	0.00872613661247905	0	0.000559222876742102	0.00817052261658767	0.00632000545408037	0	0.000448941882301391	0.00403505558904554	0.000483909645153504	0	0.00046250082838128	0.00696126752781154	0.000888152768539856	0.00282587746226595	0.00289654022428302	0.000124351010633457	0.00210089569175011
A[T>A]T	0.00241649178792725	0.00341657387485692	0.0012204005595859	0.0048190643077152	0.00118554875146094	0.00510312249646972	0.00152821505787893	0.00133015669010129	0.0125648353864717	0.0105165334540285	0.000455899702862255	0.000117680817523624	0.00321910601673434	0.000641281511702699	0.000310229718667496	0.00248307270342153	0.00447064270593651	0.000987682419155826	0	0.00129919197397104	0.00201552194964035	0.00204645180302561
A[T>C]A	0.00354284734955175	0.0106248143772252	0.0021639625422517	0.00583880252254657	0.00288532422619886	0.0143241655708917	0.00187969350934233	0.000165166488835341	0.00678443830965202	0.012451411711395	0.00102368639237975	0.000204575134716175	0.0217313706670024	0.0012863045181962	0.000778989153998987	0.00314179148410489	0.0331685896505982	0.00115895951472848	0.000648729672196067	0.0049618606665971	0.00545397044461492	0.0109621593942239
A[T>C]C	0.00324143701586521	0.0077150004051931	0.00155283281858143	0.00765609547066672	0.00139674770048712	0.0114176937083586	0.00285355625458918	6.71621461332475e-05	0.00630817809990477	0.010548239572572	0.00349125212730898	0.00103983752923497	0.0300561326125021	0	0.00280213160070822	0.00405485203583261	0.0160833529751846	0.00715634034308153	0.000971875939323437	0.00333956909272307	0.0139114312741756	0.0138773587652793
A[T>C]G	0.0048552887613101	0.0112340031726545	0.00199530852998867	0.0101869730654595	0.00523348330054622	0.0218153415311976	0.0102300086256499	0.000434951126354968	0.00661423259438049	0.0163576611752668	0.0016149871537857	0.000513076436915875	0.0427189580840256	0.000645212860204673	0.00197249810653377	0.00375139560798149	0.0302815137459802	0.00363335223493578	0.00224785707225701	0.00868962067284905	0.0360617930837025	0.0174296531463713
A[T>C]T	0.00267852101794346	0.0116543131064564	0.00336830554445707	0.00851854801868849	0.00142265850175313	0.0126875797848009	0.000663187666626703	0.000418049245460405	0.0094236265398538	0.0140409933142976	0.00151966567620752	0.000117680817523624	0.0134129417363931	0.000641281511702699	0.000861749218520824	0.00198017190272856	0.026451302676791	0.00153090774969153	0.00212122505412127	0.00629911260107173	0.003042297282476	0.00899486955283352
A[T>G]A	0.000404896839948772	0.000329963179416932	4.24306380833666e-05	0.000338481305654874	0	0.0013428905222711	0	0	0.00223390041903176	0.016552471917926	0	0	0.000559606111596629	4.28768172732066e-05	0	0	0.00240553230380907	0	0	0.000479076202292134	0	0
A[T>G]C	0.000926124861675774	0.000603782640406417	0.000431342449605951	0.000860235446142328	0.000139674770048712	0.00182021204046297	0.000866258148714573	0	0.000672872330656509	0.00512343064953497	0.00268557855946844	0	0.000948142984621517	0	0.00121831808726444	0.000333275509794461	0.00395029722197515	0.00567270880854024	0.000763616809468415	0	0.000268819928003394	0.00260726134377975
A[T>G]G	0.000666412182924916	0.00229645368722772	0.00135680980039229	0.00644644389298611	0.000969163574175226	0.00420997819023112	0.000330000278246771	0.000559222876742102	0.00474668456773188	0.00483294534723793	0.000931723357953289	6.41345546144844e-05	0.00157893479571347	0	0.000394499621306754	0.00061666777117504	0.0053079664899563	0.00282594062717227	0.00179828565780561	0.000643675605396226	0.0004352285372171	0.00124497522474081
A[T>G]T	0.000931659484502073	0.00136662954994277	0.000292896134300615	0.00311535470397751	7.90365834307293e-05	0.00173225259054477	0.000836193144877148	0	0.00199895108421141	0.0109713024682568	0.00520485494101074	0	0.00160955300836717	0	0.00193031824948664	0.000911507701256003	0.00404486721013304	0.0151115410130841	0	0.000669280713863871	0.0001521148641238	0.000856654243127001
C[C>A]A	0.00465563572393346	0.0081543204372583	0.00710704691822838	0.0225385625872662	0.0434806518441995	0.0108387247563348	0.00695067427348529	0.00108846122595872	0.0344185414956397	0.0132960889868306	0.00281090854018452	0.000655359229634139	0.0172868059122178	0.00412069403884069	0.0046070812833985	0.0079517948624163	0.0201969020256534	0.00117864844008098	0.0904726392354575	0.010523843227351	0.016155805754307	0.00227174729170172
C[C>A]C	0.00640526089103751	0.00530449490758623	0.00174157229818914	0.0232997507849012	0.0721380513344292	0.00695948931475926	0.0206596766595463	0.000677928484081787	0.0287241236039485	0.00963326722272152	0.00101654929889241	0.00198258226099231	0.0178648726516235	0.00161322864459208	0.0104529514666117	0.00784945498325821	0.0158229898311415	0.000587279973741399	0.0255761385341111	0.0186103433648497	0.0423975540851809	0.00198088367810552
C[C>A]G	0.00165342312451538	0.00311405246499509	0.0018481954914108	0.00552884352524694	0.021943964982971	0.00827183367691713	0.0165570997005681	0	0	0	0.00167810978501604	0.00247524783136344	0.00947930129679084	0.00435780376044006	0.00195757164467877	0.00297500616564665	0.00738835277677723	0.000934851973237027	0.047591400314043	0.00447163308560299	0.0316752360757814	0.00810832403247223
C[C>A]T	0.00514106015858935	0.00899905645698711	0.001298905838964	0.0184862905278326	0.0412956688001298	0.0125705728340906	0.0398260567007832	0.00119509025627044	0.0340774572697644	0.0125130985828207	0.0147038356650027	0.00132841891939042	0.00921435568733388	0.0013125644776526	0.104809044506237	0.0173348379417723	0.0108141541745359	0	0.0383881291976072	0.00914225259920183	0.0978759262338879	0.00644679242203904
C[C>G]A	0.000903332304643806	0.0019026747686936	0.00489337656664905	0.017775258122947	0.00990340226386323	0.00849219671630358	0	9.07051021632268e-05	0.00613399749427242	0.0024421387934995	0	0	0.00243295786912695	0.00612217400056331	0	0.000675152393978742	0.00508098164167382	0.00223943203615386	9.37540302958109e-05	0.000187925771916982	0	0.000113587364585086
C[C>G]C	0.000605903057260305	0.00349870940713135	0.00261235844728371	0.0179451496728431	0.0113964022466443	0.0107176135447293	0	0.000451952322721191	0.00551842768745808	0.00338009376235843	0	0.000233244971881448	0.0030306480391147	0.000586628598033483	0	0.000280337677973508	0.00791149491557073	0.00102773995404745	0.00455465480744445	0.00327729317116851	0.000678360865362895	0
C[C>G]G	0.000918568402508547	0.00287450996768777	0.000616065163803602	0.00890758123512007	0.0157098840218997	0.00768098841428019	0	0.00143886575260954	0.00330354196591549	0	0	0.00198019826509075	0	0.00031127169717429	0	0.000793334977505774	0.00940335807953465	0	0.0143765688448672	0.000496848120622555	0	0
C[C>G]T	0.000985956742743162	0.00339760294804616	0.00519562335585601	0.0256688620067994	0.00898563163706529	0.010758598371519	0.00013949582031798	0.000275790059139333	0.00794373159328967	0.00536275653549461	0	0.000189774131341488	0.00246581349379357	0.00489228578034152	0	0.00129250984653565	0.0102991944519389	0.00107510883701821	0.00551116706302282	0.00076185438326682	9.19886524754586e-05	0.000345363879752091
C[C>T]A	0.0146617781753725	0.0224696829826673	0.0158452193586731	0.017775258122947	0.0198068045277265	0.0255883295793884	0.00584957735887376	0.068391647031073	0.00602040494808219	0.0132960889868306	0.00108809362845852	0.0290230515980833	0.0239454274487758	0.00635764223135421	0.00493615851792697	0.00382586356587954	0.0266751536187876	0.0254588063057491	0.00618776599952352	0.041155744049819	0.00998392490434705	0.00386197039589292
C[C>T]C	0.0160997098072024	0.0206536716614528	0.00885299251579481	0.0141824569995051	0.0169183703455339	0.0244974023879526	0.00848675514230326	0.11377899724506	0.00353745364580646	0.0116613234801366	0.00271079813037975	0.177032933658019	0.0149937324040411	0.00293314299016742	0.0171141460286681	0.00822323855388956	0.0155065300345186	0.00572597974397864	0.00408751072462963	0.0881357770674959	0.0210291868262497	0.0128757439076859
C[C>T]G	0.174527996476624	0.107075496296369	0.0150935965131882	0.00675747541974626	0.0189516061216568	0.0381095194400825	0.16393348165068	0.0498806794237973	0.039041859597183	0.0272614366027784	0.0261305666523926	0.0334158457234064	0.0155731378447278	0.0133846829784945	0.06372983243232	0.0307417303783487	0.0053733474740198	0.0417567214712539	0.0463520409308648	0.059124926354084	0.1111032901749	0.0954980386046729
C[C>T]T	0.012113182839416	0.0207529261150927	0.0121624819466629	0.0194282671152381	0.0192139570111715	0.0232159228016989	0.00606806818383212	0.0724408555339315	0.0186505002625062	0.0133381380498199	0.00395165583496948	0.0774278455873272	0.026604829801457	0.00393769343295781	0.0155087368959109	0.00729887913337781	0.0271641253669889	0.0117067406697538	0.00180538231374885	0.11037365377578	0.0128784113465642	0.00460485173002789
C[T>A]A	0.000413155966124375	0.00062849509576352	0.000173184569905016	0.00408706389336548	0.00350497542607479	0.00276824835808049	3.40984121823692e-05	0	0.00529061648960983	0.00369733770794054	0	0.000185553847772143	0.00107859524667404	5.83352304983538e-05	0	0.000594713611231959	0.00339867774272288	0	0.000139360531543958	0.00200195078094003	0	0
C[T>A]C	0.00127772046141709	0.00385812238728642	0.00180408663652668	0.0149538901349779	0.0101320228144667	0.0067046514032533	0.00173163745287071	0.00122896018147956	0.0145111497875893	0.00643386548611229	8.7753223883253e-05	0.000996671694961686	0.0106575529278272	0.00113941093855645	0.0027070409412208	0.00312180532788251	0.0157353230483649	0.0117489639129226	0.00208687214216703	0.00481959201472841	0.00404058745996029	0.00406733371584567
C[T>A]G	0.00113950009208328	0.00277346194935333	0.00407594431489332	0.0146063344879861	0.0352646959036122	0.0128266920716023	0.000601886311340451	0.000694142559940438	0.0150263714728612	0.0075646167446971	0.000297389199685934	0.000614117603885536	0.00433971888061111	0.000514850611196547	0.000179881607339107	0.00221432815919518	0.0180530216506278	0.00579850072503399	0.00666226984518809	0.0021572205965188	0.00119071762718247	0.0031044805855768
C[T>A]T	0.00118523371195888	0.00421476767266966	0.00225827320642935	0.014682135076019	0.00840949829465755	0.00849003840548526	0.00058691522267376	0.00126584738148361	0.0180543069199873	0.00725811848819508	0.000632709938371962	0.000290347771515802	0.0053610748767946	9.12808027395728e-05	0.00127568946478185	0.000407131277689633	0.00945444398472017	0.0287853798790987	0.00276217168180722	0.00160271445402724	0.00175924268907139	0.000880657724872159
C[T>C]A	0.00144604588143531	0.00359140054722011	0.000981379229461757	0.00443244957449495	0.00243011629541186	0.00791719030411019	0.00211410155530689	0.000449428190316461	0.00343327240283191	0.0103525455822335	0.000224638204223699	4.63884619430357e-05	0.0197953951154295	0.00046668184398683	0.000244578170016823	0.00118942722246392	0.00918901760069521	0.00438000032091636	0	0.00307276166376842	0.00665577955234381	0.0123254484979217
C[T>C]C	0.0035641676029003	0.00859309077168338	0.00214235288087543	0.0156285017200145	0.0023732666051904	0.0136255818840309	0.00266405761980109	0.000702262960845462	0.0118727589171185	0.0154937985175765	0.00166731125378181	0.000362426070895159	0.0477111381071332	0.0012533520324121	0.00421979911425596	0.00363000619521222	0.0238488489951781	0.0458551795436397	0.00308494142755126	0.00636549888737715	0.0172164161337438	0.0109927938266099
C[T>C]G	0.00539363376919417	0.0117872132847517	0.00140110585824458	0.0113040327776588	0.0103113145916995	0.0230880457288841	0.0203136630077402	0.000991632228486341	0.0100589759446426	0.0228421760526148	0.00148694599842967	0.000102352933980923	0.0580962366275358	0.000514850611196547	0.00143905285871286	0.010497555717666	0.0263851854893791	0.0373681157835524	0.0025624114789185	0.00410899161241677	0.0783889104561794	0.0262018161422682
C[T>C]T	0.00366344965514563	0.0111691343325746	0.00325191341725827	0.0105387104533388	0.00394880789488268	0.0165469115862009	0.00176074566802128	0.00316461845370903	0.010480304992578	0.028927283829763	0.00140602208527103	0.000653282485910555	0.0321664492607676	0.000365123210958291	0.0017221807774555	0.00203565638844816	0.025901237166473	0.0939408587800426	0.000654198556217499	0.00386108482106562	0.00774066783191412	0.017965417587392
C[T>G]A	0.000103288991531094	0.000404032561562263	5.77281899683387e-05	0.000402949961317723	0	0.00110729934323219	3.40984121823692e-05	0	0.00157592831605399	0.014520453543912	0.000988408098584275	0	0.000824808129809563	0	0	0	0.000125876953434181	0	0	0	0	0
C[T>G]C	0.00141221735209257	0.00201674579335426	0.00135306497739501	0.00640881005784767	0.0011866333025952	0.00378488385667525	0.00266405761980109	0.000702262960845462	0.00131919543523539	0.00840341614512626	0.00157955802989855	9.06065177237896e-05	0.00607232666818059	0.00022788218771129	0.00159237702424753	0.00137940235418064	0.0100804413278588	0.0222431841069894	0.0021776057135656	0.00100029268230212	0.00799333606209536	0.000549639691330497
C[T>G]G	0.00121546676488883	0.00316967079926095	0.00178322563776583	0.0121931140073623	0.00474320471218176	0.00879544599195586	0.00376178944587782	0.000892469005637707	0.00745109329232786	0.0186890531339575	0.00366780012945985	0.00112588227379015	0.00629959192346774	0.000128712652799137	0.000449704018347768	0.00057408507830986	0.00930424961993894	0.0172666466034345	0.00655977338603135	0.00133542227403545	0.0165708203116227	0.000496716893692288
C[T>G]T	0.00150847926976585	0.00498747507932577	0.000993640210828915	0.00936774262519004	0.000877512865529483	0.010049433214656	0.00458860992272212	0.000914223108849275	0.00678137381872693	0.0535417726158159	0.0127948009759663	0.000653282485910555	0.00625458735626037	0.000547684816437437	0.00401842181406284	0.00261727249943335	0.0183179852203953	0.23677117227538	0.00152646329784083	0.00138416248302352	0.00119628502856855	0.00281810471959091
G[C>A]A	0.00581313324390203	0.0154333414565286	0.0109211982797562	0.0125295726567237	0.0357446428202862	0.0134023640585255	0.00166473381290895	0.000274271680486468	0.0305695532382037	0.0161364442038195	0.00127950224666174	0.000377458637039513	0.00800203917024707	0.00106800387993572	0.00149258251142601	0.00181467367952498	0.0122909899456372	0.00784072491446473	0.132862757840771	0.0030306397937136	0.00109778644141992	0.000114487486090615
G[C>A]C	0.00536235608305271	0.00807687820049179	0.00666578451068741	0.0180856371632747	0.0500716016250552	0.0138265194458187	0.00531076425313502	0.000120685524871789	0.0173808552013912	0.0166076862435562	0.00265418486724599	0.0012456752821064	0.00954096892232988	0.000626593352433305	0.0124786086782335	0.00988138825730613	0.0158868924229505	0.0020386895875699	0.0189608150033237	0.00387562284962558	0.00410592492626914	0.00574297712807
G[C>A]G	0.00106260940692965	0.00346381540970493	0.00326640663616138	0.00296102927932791	0.0545681455120072	0.00797411879692851	0.00368335072883489	0	0	0	0.000462203503830372	0	0.00489542569602944	0.000600137185619626	0.00230647498804689	0.00248554065655838	0.0116548946375457	0.00390522314571304	0.0231782101995002	0	0.00948441817046449	0.000868499343734134
G[C>A]T	0.00337978012503488	0.00793235291308264	0.00340012478765358	0.0169523534393542	0.0263018666443571	0.0125606333180159	0.0064713749032611	9.80400358738263e-05	0.0249239927930414	0.0124648916489585	0.00862460945095136	0.000607161709614762	0.00373694319582566	0.00127254769816273	0.0654466477855734	0.0250547184402287	0.00864967776460765	0.00394927816667572	0.077825677659432	0.00731241091531197	0.0131457437891816	0.00282377184703452
G[C>G]A	0.000420226499559183	0.00210039558284117	0.00293580598918178	0.0129979678962274	0.00665458775909584	0.00630699485107082	0	0	0.00377825938899147	0.00150424479866114	0	0	0.00154878177488653	0.00118667097770635	0.000165842501269557	0.0016634508728979	0.00396896550327869	0.00154438521042487	0.000850472845353439	0.001894149871071	0.00128075084832323	0.000457949944362459
G[C>G]C	0.00221890596540112	0.00349596220618301	0.00356541962199559	0.0139120285871344	0.0114198389671178	0.00802830161370118	0.00274694702748363	0.000482742099487155	0.00377844678291114	0.00523503153329488	0.000241289533385999	0.00024913505642128	0.00187411889545765	0.00172313171919159	0.000109461479633627	0.000499060012995259	0.00540830380355763	0.000313644551933831	0.000374226611907705	0	0.00229448745879746	0.0063475010362879
G[C>G]G	0	0.000461842054627325	0.000296946057832852	0.0032571322072607	0.0149040749856584	0.00313268952736477	0	0	0	0	0	0	0	0	0	0.00114717261071925	0	0	0.00119475310306702	0	0	0
G[C>G]T	0.000675956025006976	0.00352549018359229	0.00491129135994405	0.0205939701041043	0.0061167131731063	0.00736729454229779	0.00126452153282113	0	0.00540224474331933	0.00645241450063736	0.000392027702315971	0	0.00124564773194189	0.00165431200761155	0.000266766227386848	0.00145949816156672	0.0039815977011686	0.00229312925806978	0.00152003276678578	0	0.00117723078709089	0.000491090756006004
G[C>T]A	0.0175094374816326	0.0210952773754918	0.00645877317619991	0.021194884587542	0.00827070192916197	0.0227502314270769	0.0452946324928978	0	0.00412173751526342	0.00847847068336281	0	0.0246291760668282	0.0160040783404941	0.00450934971528415	0.0461871366035716	0.0359910279772455	0.0160038931583818	0.00249477610914787	0.00302390345014556	0.0354206025890277	0.0498578008811545	0.0186614602327702
G[C>T]C	0.0251476009412127	0.0306198069093271	0.00449552908860314	0.0151486533504353	0.0100394188721915	0.0270583498832151	0.0707796684081615	0.0253439602230757	0.00377844678291114	0.0124557646826671	0.0161663987368619	0.121453340005374	0.0156744489438277	0.0036029117764915	0.0676471944135816	0.134247143495725	0.0155488734352282	0.000470466827900746	0.00636185240243098	0.0767623364409711	0.0638833613528346	0.0592433430053537
G[C>T]G	0.18170620858497	0.113151303383695	0.00593892115665705	0.00266492635139512	0.00552893104306681	0.0378770642854104	0.234857458376663	0.000462359652941208	0.0512437988028045	0.0304297739444622	0.0623974730171001	0.0214754417545774	0.00750631940057847	0.00960219496991401	0.205066594391805	0.349696450834253	0.00291372365938643	0.0228305353133993	0.0320193831621962	0.0665762546581883	0	0.00550049584364952
G[C>T]T	0.0132938018251372	0.0226218953447172	0.0051631524553258	0.0146920396474403	0.00835950800324528	0.0236719627916454	0.038977016658722	0.015784445775686	0.00650724934990737	0.0148112241946448	0.0148970526880069	0.0528230687364843	0.0159166099081463	0.00305411447559055	0.0493517520665669	0.064866584958521	0.0159263908046744	0.00114656462903489	0.0016213682845715	0.0931316779075149	0.0482664622707265	0.0203802663742492
G[T>A]A	0.000314626575463912	0.000996293643923759	0.000301448073546998	0.00338166181021032	0.00420956660580971	0.00484255352989116	0	0	0.00462896138421357	0.00263276603192864	0	0.000181675267688184	0.00124241137938528	0.00015230897472529	0	0	0.00246491565499739	0	0.00127351016244475	0.00158023933902649	0	0
G[T>A]C	0.000363247100002219	0.00284180635551618	0.00146173469642268	0.00753085241898013	0.00512774508042761	0.00467298521518478	0.00201461264967539	0	0.00653191442018529	0.00411361646333656	9.48010141538466e-05	0.000293650400146825	0.00522123879986272	0	0.00215033348824293	0.00298037465327777	0.00531221431608023	0.00320394901070712	0.00147031086820722	0	0.00379574102714462	0.0168634461388811
G[T>A]G	0.000766490858724362	0.00166570007162453	0.00149937038167714	0.00918426657899168	0.0115310354218803	0.00698452555394488	0.000379558182058542	0.000500270059409329	0.00647385649667285	0.00349202555404091	0	0.000344241254586323	0.00223643424074473	0.000432896286968843	0	0.00179289227049529	0.00595496694245807	0.00390039266422484	0.00120653389321227	0.0013819676415008	0.000667452174055806	0.00323678059354194
G[T>A]T	0.000929478844357711	0.00126964986395753	0.00141003201594423	0.00651213181477218	0.0027034831054986	0.00362988323420837	0.000920536224041661	0.000577760360608319	0.0100572827491384	0.00311111713969242	0.000231026095247477	5.96344757132427e-05	0.00252847524855849	7.49925895506602e-05	0.000471624526733655	0.00205467805941516	0.00267003896727926	0.00292795850836494	0.00232900584570633	0.00311225888972499	0.00104063193878904	0.00296640131754703
G[T>C]A	0.0050789718610603	0.00679823898206801	0.000979706239027743	0.00608699125837857	0.00372150091238249	0.0118534146104799	0.00543073445408973	0.000117342378344891	0.00499633927184957	0.00798605696351688	0.00375368797506692	0.000605584225627279	0.0474601146925178	0.000609235898901158	0.00415074089845685	0.00946209028809556	0.0132283806818193	0	0.000242573364275191	0.00237035900853974	0.000117417219053119	0.104771394113779
G[T>C]C	0.00508545940003106	0.0093779609732034	0.000974489797615123	0.00777378314217304	0.00157776771705465	0.0112151645164435	0.00424507665467314	9.48330413755008e-05	0.0067694385809193	0.013759337825643	0.00957490242953851	0.00156613546744974	0.0366825495169843	0.00123092130104353	0.0109236941202741	0.0391370250522529	0.0131477304322986	0.0120764231942038	0.0024505181136787	0.00294717255347812	0.001233615833822	0.0789731808616613
G[T>C]G	0.00319371191135151	0.00841178536170386	0.0010709788440551	0.00736877202267937	0.00364137960690956	0.0145853327744143	0.00727486515612206	0.000250135029704664	0.0055341031342526	0.0117232286457088	0.00450090996401972	0.00163514595928503	0.0482598967739652	0.000108224071742211	0.00620116439006371	0.0106194388329337	0.0172810805388979	0.00509217931162687	0.00568794549657215	0.00518237865562799	0.023944846744252	0.0923004530545509
G[T>C]T	0.00473591601648929	0.00836814683062916	0.00126160759321326	0.00636412881898191	0.00144185765626592	0.0111743464268767	0.00184107244808332	0.00467985892092739	0.00513717320279729	0.0108889099889235	0.00716180895267177	0.00137159294140458	0.0330333056666512	0.000524948126854621	0.00450663436656604	0.0044916218043029	0.0114892585864744	0.00615622045348527	0.00286646873317702	0.00592526211697642	0.000404690198417961	0.0725683054024311
G[T>G]A	4.49466536377018e-05	0.000293027542330518	0	0.00270532944816825	0	0.00115643069370535	0	0	0.000146951155054399	0.00631863847662874	0	0	0	0	0	0	0	0	0.000970293457100763	0	0	0
G[T>G]C	0.000145298840000887	0.000852541906654855	0.000609056123509452	0.00558740663343687	0	0.000350473891138858	0.00115120722838594	0	0	0.000851093061379978	0.00189602028307693	0	0.000535511671780792	0	0.00163425345106463	0.00172548006242397	0.00424977145286418	0.0112138215374749	0	0	0.00294169929603708	0.000712539977699199
G[T>G]G	0.000766490858724362	0.00391439516831764	0.00182066403489366	0.018902502145134	0.0015605912601041	0.00616281666524549	0.000632596970097571	0.0014174318349931	0.00605618833559719	0.00623575991793019	0.000750151660669953	0.000860603136465807	0.00129477771832589	0.000324672215226632	0.00090748747171664	0.00255142361570484	0.000934112461562051	0.00520052355229979	0.010169357099932	0.00371403803653339	0.00250294565270927	0.000417649108844122
G[T>G]T	0.000354087178802937	0.00126964986395753	0.000371061056827429	0.00510610335476455	0.000120154804688827	0.002348747975076	0.00153422704006944	0.000519984324547487	0.00542659141140559	0.0159876853011972	0.00173269571435607	0	0.00261003896625392	0.000824918485057262	0.00199130355731988	0.00907881002997394	0.00356005195637234	0.0475230188665387	0.00191097915545135	0.00149627831236778	0.00208126387757809	0.000578810013179909
T[C>A]A	0.00637407811669028	0.00898134894170621	0.0212886346077194	0.0118602837338403	0.023025049253414	0.0122337521046296	0.000865457989705489	0.000671001087413018	0.0240329661469869	0.0222813919827077	0.0250869653822671	0.000623326221409233	0.00625196344696345	0.0308316732140191	0.00030429818299266	0.00316319281377211	0.0114640737757928	0.00156945294035149	0.0448037093683599	0.00354501461847079	0.000470000335291144	8.40275170142206e-05
T[C>A]C	0.00809721117644101	0.0111184707741986	0.01658025734479	0.020965989648153	0.0523275293091307	0.0139426285362822	0.00205805223858443	0.00187074479519968	0.0194451257291404	0.00601615651251227	0.00963108196640573	0.00241364959984337	0.0130728119867261	0.0203969128313847	0.0140831163985172	0.00479627223010298	0.0189936516996642	0.00158008507607928	0.0378990956013646	0.00610449482243309	0.00393106969935569	0.000585669841139724
T[C>A]G	0.00317881445404465	0.00612713338931492	0.00648859298404331	0.00369723981859332	0.0195101951718745	0.00866770684284268	0.00150567556331276	0.000360823542699236	0.00406682508114543	0	0.00559087611106901	0.000186214945338308	0.00483913504665161	0.00913271880200795	0	0.00373020298208459	0.0101060345703562	0.00515751049461141	0.0292767424646525	0.00336404662215121	0.00198579521334254	0
T[C>A]T	0.00797095931641817	0.0128071747864958	0.012933775299406	0.0155624426910508	0.0258268565269865	0.0151332514503986	0.00295398483658907	0.000872669453052055	0.0391751308872812	0.0323316905977643	0.206887023270618	0.000277150761680595	0.00464356760291253	0.015945132035781	0.0314168222082405	0.00805011361442093	0.0147591719297829	0.00427420227204349	0.078057955809107	0.00604992937439565	0.00812771929250434	0.000336251878847205
T[C>G]A	0.000976673259815446	0.0013404998420457	0.11040785802627	0.0150402148798699	0.0022327320488159	0.00223183315422297	0	0.000134200217482604	0.00445366155870735	0.00331209880824033	0	6.92584690454703e-05	0.00227344125344126	0.197444641740625	0	0.000499451496911386	0.00469839089171838	0.00034876732007811	0.00152582291966551	0.000347550452791254	0	0.000168055034028441
T[C>G]C	0.00150479145756868	0.00336357099051388	0.0407297626078538	0.0214452122686822	0.0102126218911872	0.00921826680084773	0.000141934637143754	0.000935372397599841	0.00573982626944507	0.00349776541425132	0	0.00106200582393108	0.00356531236001621	0.0723604764732456	0	0.00201133996746254	0.00838340488812766	0.000729270035113515	0.00812123477172099	0.00106586417534546	9.3596897603707e-05	0.000351401904683835
T[C>G]G	0.000414627972266693	0.00144167844454469	0.0127454505043708	0.00462154977324165	0.00581553894546259	0.00288923561428089	0	0.000541235314048855	0	0	0	0.000558644836014922	0	0.0248222613593037	0	0	0	0	0.00261066493315372	0	0	0
T[C>G]T	0.00164561740726052	0.00462667570821051	0.128216825801444	0.0259660646005378	0.00349011574689007	0.00554058932883445	5.09307730446391e-05	0.000469898936258799	0.00874294766583101	0.00492003987357283	6.71057487092501e-05	0.00055430152336119	0.00142150028660588	0.229069683727149	6.08853143570553e-05	0.000832770373905613	0.0158872615040338	0.00244240129831057	0.00228970003706714	0.00730163890013268	0.000335856169111749	0.000252188909135404
T[C>T]A	0.00745355908806524	0.0153487231914233	0.182375509432932	0.00911007301294979	0.00244205067839239	0.0091753140784722	0.00376728771989448	0.0806543307070448	0.00537800641051454	0.00501833152763686	0.00248186555920824	0.020916057651732	0.0130722872072872	0.131949109941353	0.00559908656706495	0.00621539640600836	0.0161624646675112	0.0142994601232025	0.0113743163102338	0.0151531997416987	0.00718429083945034	0.00537776108891012
T[C>T]C	0.0127548990212965	0.0218632114383402	0.0615151576850182	0.017012403028787	0.00680841459412482	0.0239674936822041	0.00475481034431574	0.270042011187074	0.00773119456700764	0.0117524917918844	0.0197296921836079	0.153411568566045	0.01254461756302	0.0371515198000221	0.0240091683179541	0.0120680398047752	0.0171597818803863	0.0206626509948829	0.00464070558384057	0.0319759252603638	0.00730055801308915	0.0100735212676033
T[C>T]G	0.104762667659385	0.0688401457270088	0.0616416333484115	0.00231077488662083	0.00206357833548673	0.0164464181120605	0.0535199222959353	0.178968477178821	0.0212378643126483	0.0126832002403228	0.386131153348347	0.0148971956270646	0.00254691318244822	0.0505812118265056	0.0153815058507294	0.0155176444054719	0.00909543111332062	0.0386813287095856	0.0248013168649604	0.016820233110756	0.0440485483686891	0.0284664769900983
T[C>T]T	0.00709672506881101	0.0179032233926407	0.0899328509152028	0.00782421151870511	0.00537477825021071	0.00975805284779798	0.00239374633309804	0.0566563860289181	0.0121896866494759	0.00963926179312228	0.026305453494026	0.0661004566608219	0.00852900171963527	0.0653489017859878	0.0139427369877657	0.00421936989445511	0.0181434406525356	0.017532952177158	0.00104077274412143	0.018567024631766	0.00658278091459029	0.00538003006155528
T[T>A]A	0.00147560932337628	0.00153922621943539	0.000899691992089702	0.00296055362927169	0.00163874789338113	0.00379658945741564	5.31422661965966e-05	0.000350216197726667	0.00842084308850333	0.0112626557302044	0	0.000108444404090264	0.00281812566382926	4.54576349655695e-05	0	0.000231714814679621	0.00416880011295909	0.000273048658982036	0.000325789413228344	0.00141489908578129	3.50439564839561e-05	0.00118412704205579
T[T>A]C	0.0010613231120147	0.00380558468493539	0.00213542354080419	0.00851744141576912	0.00331334294378075	0.00580268242926927	0.000420444801278838	0.00103904991871081	0.00858812715342	0.00279753184148324	0.000553972804536059	0	0.0129082793519664	0.00044955803702931	0.00100524348504253	0.00108849475397297	0.00843957008147701	0.00234029751012418	0.00171836186030412	0.00344437970305348	0.000485199223805652	0.00390351609084755
T[T>A]G	0.000492548936325986	0.00134284414966793	0.000375389277080854	0.00501593383407864	0.00498381008203506	0.00511231156111372	0	0.000584499612945366	0.00490430135216277	0.0122399145002331	0	0	0.00305305917977367	0.000455204017665525	0	0.000290043451101989	0.0051568048302449	0	0.0011478788614402	0.00314856165368406	0	0
T[T>A]T	0.00117924006221114	0.00216840990550335	0.00147024859853762	0.0073303703371796	0.00184689014246851	0.0049109018683105	0.000209622082775346	0.00197349099860522	0.0119124284651176	0.0082062749966782	0.00110478172387471	0.000325915335285968	0.00523771990049041	0.00035861941168532	0.000429588376860534	9.79296011967886e-05	0.0044219217198509	0.00194895275345582	0.00085672742539104	0.00347543124778365	0.000394949937355992	0.000395415272072465
T[T>C]A	0.00217317009442688	0.00297350519663655	0.00107963039050764	0.00408197545854127	0.00101966535588159	0.00733432054273477	0.0015676968527996	0.000805497254771335	0.00289466481167302	0.00817197346005528	0.00105029376584465	7.22962693935095e-05	0.0247204005599058	0.000227288174827848	0.000571761442177836	0.00196957592477678	0.0120649979739757	0.000773637867115769	7.23976473840765e-05	0.00188653211437505	0.00140175825935824	0.017060200717026
T[T>C]C	0.00254717546883527	0.00719601467696875	0.00133463971300262	0.00931595154849748	0.00115246711088026	0.0121173662493564	0.00183944600559492	0.00124685990245297	0.00641940817528364	0.0141948837882668	0.00671692025499972	0.000643483368194032	0.0334441783210038	0.000539469644435172	0.00351835219764887	0.00567163056017496	0.0177521991368999	0.0100812815820734	0.00494029034837433	0.00143515820960562	0.00783250175571981	0.0271511230318952
T[T>C]G	0.00376128278648935	0.00437883961848239	0.000600622843329366	0.00494106914998791	0.00218801418235686	0.00907255291127223	0.00470071519793389	0.00111054926459619	0.00212275730168239	0.00856794015016315	0.00379796439399477	0.000422310550262104	0.0264048361493939	0.000151734672555175	0.00180247510757613	0.00188528243216293	0.0135059174125462	0.00455709463257926	0.00066456144609696	0.0034513079665383	0.0141539122131004	0.0182256019716313
T[T>C]T	0.00184445240499692	0.00555901448501767	0.00121675746085872	0.00545986204424412	0.000902924069651273	0.00841174280413581	0.000868434342926432	0.000947275679330507	0.00583264132316961	0.0182427264314645	0.00390619252369986	0.00020369708455373	0.0206722774795952	0.000614776134317691	0.000930774816531156	0.00153423041874969	0.0096176797406757	0.00369275258549524	0.00057115161692736	0.00155372220489151	0.00161929474315957	0.0135429730684819
T[T>G]A	0.000375609645950325	0.000314841726702694	0.00017993839841794	0.00143541994146506	0	0.00220029616282043	0.000239140197884685	0	0.00127189817482602	0.0262969915188958	0.00175048960974109	0	0.000939375221276421	4.54576349655695e-05	0	0	0.00333504009036728	0	0	0.00116094283961542	0	0
T[T>G]C	0.000689860022809552	0.00242173570859525	0.00124566373213577	0.00496850749253199	0.000216087583290049	0.00435201182195195	0.00099855640303724	0.000692699945807208	0.00268921153288909	0.00839259552444971	0.00637068725216468	0	0.00264032986744767	0.000359646429623448	0.000942415767227376	0.000229156790310099	0.00669345213358522	0.00864109849892006	0.00257754279045617	0.00129164238864505	0.000277256699317515	0.00156140643633902
T[T>G]G	0.000895543520592702	0.00169315131914652	0.0018018685299881	0.00741160372498187	0.00182334515196405	0.00432026329108201	0.000487810067710121	0.000584499612945366	0.00490430135216277	0.00769366054300365	0.00128546487181361	0.000180990235826616	0.000907666242635415	7.58673362775874e-05	0.000106027947504478	0.000435065176652983	0.00401084820130159	0.00341782097443445	0.000483317415343244	0.00066604188827932	0.000233948962200007	0.000219585565923269
T[T>G]T	0.00120947698688322	0.00335117894486881	0.0010139645507156	0.00571263343518135	0.000451462034825636	0.0064182083823464	0.00215611285140356	0.000552577479609463	0.00553606634063557	0.0321756825409325	0.0249759582575961	0.000122218250732238	0.00178305358314567	0.000153694033579423	0.000894975785126112	0.00107722561316467	0.0090096655041962	0.0293368677625455	0.0006119481609936	0.000531536543778676	0	0.000148280727027174
