Type	Signature_1	Signature_2	Signature_3	Signature_4	Signature_5	Signature_6	Signature_7	Signature_8	Signature_9	Signature_10	Signature_11	Signature_12	Signature_13	Signature_14	Signature_15	Signature_16	Signature_17	Signature_18	Signature_19	Signature_20	Signature_21	Signature_22	Signature_23	Signature_24	Signature_25	Signature_26	Signature_27	Signature_28	Signature_29	Signature_30
A[C>A]A	0.00507014176402114	0.000525827292689561	0.0168320962091624	0.022683674056686	0.0110167511555037	0.000770867786312627	0.000239065617982663	0.0279938031507527	0.0107276475439564	0.000418223540385925	0.000123377733758403	0.00649676451824031	0.000273072553967879	5.42079845567851e-05	0.000642581277692845	0.0134753149169775	0.0014260793920819	0.0318858038294736	0.00662468965466383	0.000708853112799379	7.4843732221065e-05	0.00124497309237912	0.000262269219884652	0.0161978773828154	0.00753455301911793	0.00157874728162723	0.00503509630193444	0.00134675194312668	0.0416173419993996	0
A[C>A]C	0.00650452037884511	0.000742056072477477	0.0211132675494755	0.0298842163385284	0.010281898569819	0.00197584042103154	0.000465039660178005	0.0394440474786476	0.00932096573596372	0.000929765211938554	0.000959996504134711	0.00617116440954915	0.000823529370672687	0.00354303473015547	0.00307685879112081	0.0126341968757709	0.000414573711782621	0.0107415296941102	0.00712978343221918	0.00206746988052229	0.000815297920782343	0.00315718426280731	0.000330214568047899	0.0177878340418887	0.00829198553197637	0.0017912327345751	0.00713203560025866	0.00137554836288127	0.0510405100643768	0
A[C>A]G	0.00179620956893877	0.000201768222917683	0.00428342914993272	0.0300095306559883	0.00429550583490033	0.000598258062289929	0	0.00508025294597832	0.00117945352941881	0.000472954398192115	0	0.00378479970750067	8.21048323808192e-05	0.000715189030357731	0	0.00485873606256503	3.2375723390813e-06	0.00380934499842595	0.000816844415197059	2.56307789347097e-07	0	0	0	0.0305555766171371	0.0029097326808776	0.000579900576442489	0.00199763671513879	0	0.0280053163879266	0.0033604004795059
A[C>A]T	0.00288755818421331	0.000252939512680045	0.0125197196410816	0.0153121484196289	0.00688305044014062	0.000873562333228007	0.000242396555285497	0.0259724365334116	0.00616369990236027	0.00557323792961483	0.000125096774326357	0.00393526111977656	0.000700270316104095	0.0162691286834904	0.00285672801484689	0.00746801260260797	0.00250959908733485	0.0124263317301328	0.00464539665079322	0.00183221727974535	0.000455319247364429	0.000774185710727768	0	0.014103965265595	0.0038338008580441	0.000469184560220467	0.00266582880634317	0.00050168188783188	0.0161625023411101	0
A[C>G]A	0.000822797223738066	0.000202935190411202	0.0182215739864788	0.00602826406437957	0.00860531611053173	0.000589487130709656	0	0.006371257813506	0.00429105901758255	0.000298731100275661	0.000431822068154411	0.00261558052033051	0.00307952769831277	5.42079845567851e-05	0.000543722619586253	0.00401748519263926	0.00129350289802838	0.000957075731189987	0.00359095327075235	0.00041874221491062	0.000374218661105325	0.000436749930769836	0	0.00678146417952776	0.00611531025101558	0.000985187065491961	0.00128078511573026	0.000245938746233308	0.00553175649133093	0
A[C>G]C	0.00183483953132169	0.000323458893815594	0.01436595840928	0.00522248440867486	0.00836705739274062	0.000846788751870658	0	0.0051092609122825	0.00319973450637561	0.000278929563581566	0.000287998951240413	0.00196952055623909	0.00116892869922671	0	7.69214697780203e-05	0.00312598685586083	0.00197077470786087	0.002453491597319	0.00183062007043465	0.00192518720379807	0.000931769052322678	0	0	0.00741366872031096	0.00193821703879656	0.00184065497832641	0.00266585664906949	0.00040328009613024	0.00321967070687954	0
A[C>G]G	0.000714288652804938	0.000445557028478053	0.0105674913867153	0.00508358169582315	0.00448226663544701	0	0	0.00117568777222469	0	0	0	0	4.28135443076817e-05	0	0.000782570631376148	0	5.29971977497025e-05	0.00435281917868659	0	2.01870786401725e-05	0	0	0	0	0	0.000627487456520552	0	0	0.000242335604820084	0.00823317760952495
A[C>G]T	0.00137292916646868	0.00047713324583745	0.0179174376085794	0.00340269964880642	0.0087440727240709	0.00082758536832127	6.05991388213743e-05	0.0066749777884619	0.00344442053367192	0.000121157346295975	0.000562935484468605	0.00213872886944378	0.00319312504446421	5.49632725793595e-05	0.000501180353481911	0.00619505590898161	0.00104854494164111	0.00254808408567186	0.00451984538996097	0.00051688524440543	0.00136595774209329	0.000251323046252198	0	0.0022253077239158	0.00264649579636406	0.00196054282066264	0.00129721489329443	0.000300669114875846	0.00239789433210125	0
A[C>T]A	0.0134833724363255	0.00573154609791842	0.0135676499644499	0.00745764626521184	0.0161025416875449	0.0141476911370317	0	0.013774040846635	0.00831392684656618	0	0.0138799950478204	0.0102092013858062	0.00120743260266315	0.015882939475138	0.0057832314992356	0.0112991771042979	0.00727860222273871	0.00241376608992691	0.013682770221315	0.0197392264021331	0.00381703034327432	0.0025770645182513	0.0114353016282269	0.00357110992915729	0.0159781780222944	0.00457209058802167	0.0132737260515251	0.00523670184978757	0.00309071727993825	0.0421541745094184
A[C>T]C	0.0101824385731996	0.00326773228949814	0.0105096108272405	0.00725345056760397	0.0146365566965039	0.0115022138795764	0.0183225626110134	0.00670340260349621	0.00779065792856669	0.00297524867820337	0.105503615804405	0.00709027400246073	5.14232335412939e-05	0.0270789082947597	0.0129997283924854	0.00989895837689263	0.00511717385094985	0.0024205298254412	0.0195587302262229	0.020750419007972	0.00722121015550075	0.00196419554261684	0.0737135350438778	0.00338280842514249	0.0155691446317035	0.012799180894639	0.00816472915237411	0.00272266178205494	0.00830723526734449	0.0547987527549272
A[C>T]G	0.206912268318989	0.00675159033694829	0.00715669436647678	0.00459162217687253	0.0326079981142005	0.108643664111851	0.000157704726448358	0.0387562557132757	0.0294863382354702	0.0198640847240689	0.0117199799618119	0.00423007026132428	0.000681458358034054	0.0709467518114869	0.0403023875158716	0.00772980737226254	0.0189568403836062	0.0140913931068935	0.0601197489585035	0.0548025348461031	0.0505571962454463	0.00791888818914441	0.0141179763817391	0.00464125013341884	0.0394941581979074	0.0407035902832478	0.0171164494902695	0.0138135494253558	0.0496476099868618	0.034948984888366
A[C>T]T	0.00584737274143821	0.00259781696220255	0.0113901197618561	0.00371776443110331	0.0123188617345655	0.00685056777110384	0.00260576296931909	0.0160834821180219	0.00688884106734384	0.0028471976379554	0.0399684193972709	0.00573179337010934	0	0.0152248265044826	0.00330779033298061	0.00857124173708415	0.00452719514695713	0.00358620553313789	0.0166983176906891	0.0114632339870858	0.00227659623682214	0	0.0194794692940653	0.00196102361690752	0.00442197016166705	0.00889495296992729	0.00438931442482784	0.0015919962495978	0.00287597703215698	0.0143978500657165
A[T>A]A	0.0010154246217066	5.63527773030409e-08	0.00353651655057933	0.00164875670068507	0.00362814355351228	0.000150375480747387	0.000330332977670682	0.00563182690984293	0.00597865403602699	0	6.81917115720583e-05	0.00270476287271704	0.000560699365927634	0	0.000573718444923501	0.00374707916554875	0.00026373678180319	0.00105916262410162	0.000376417016086676	0.000190721054191621	0.00343343105554938	0.0227005629978942	0	0.000364641231687523	0.00859683275435755	0.0019076389132845	0.0764887415866606	0.000513500124633239	0	0.00271000549378927
A[T>A]C	0.00121727306844982	9.78635877245189e-05	0.00628991374086003	0.00272365801594989	0.00613070335144486	0.00168155993574005	0.00053729716906598	0.0106503383241039	0.0042192958290288	0.000134278927973422	6.93225019489981e-05	0.00616292940003986	0.000971677648297755	0.000487327234905778	0.00499913264691692	0.00686599279057586	0.00164328369899712	0.00057513623874576	0.00368744087321505	0.0013308963598539	0.0245587197543125	0.0108519748903907	0	9.64128137186586e-06	0.00760778753768119	0.0111522432086359	0.0015913605373695	0.0036449660284572	0.00203796995727272	0.00271919027916164
A[T>A]G	0.00133504173611704	0.00042673962412923	0.00580672264035329	0.00646109049450151	0.00882155282145628	0	0.000559222876742102	0.0111258146851425	0.00632000545408037	0	0.000448941882301391	0.00403505558904554	8.69736229192368e-05	0	0.00046250082838128	0.00696126752781154	0.000879970701992561	0.00295392947636023	0.00289654022428302	0.000119032640364451	0.00210089569175011	0.0584447772154939	0.000142791828789198	0.00372264544032383	0.00494048486705909	0.000943346520684726	0.00123313321428607	0.00178921131911868	0.00241739775676894	0.00443550538111203
A[T>A]T	0.00242881122907012	7.30289707862692e-05	0.00422579544371302	0.00118554875146094	0.00524815032371254	0.00152821505787893	0.00133015669010129	0.0116884299708151	0.0105165334540285	0.000455899702862255	0.000117680817523624	0.00321910601673434	0.000504089989512825	0.000310229718667496	0.00248307270342153	0.00447064270593651	0.00101248699744134	0.00109791740383289	0.00129919197397104	0.00283487880818563	0.00204645180302561	0.00768457477652875	0	1.78601419943352e-06	0.00718941994019044	0.0019652721301411	0.00155928049665289	0.0034643220654561	0.00193066228048262	0.00384658965097526
A[T>C]A	0.00351370063923104	0.000554902919951044	0.00546961552746403	0.00288532422619886	0.014412778949128	0.00187969350934233	0.000165166488835341	0.00682915781309881	0.012451411711395	0.00102368639237975	0.000204575134716175	0.0217313706670024	0.000247727611508312	0.000778989153998987	0.00314179148410489	0.0331685896505982	0.00116048625982834	0.00102284003142571	0.0049618606665971	0.005443726148071	0.0109621593942239	0.00770418879145782	0.000341626850136638	0.0014770105330479	0.00869477253663758	0.0235404344595611	0.00269829082749913	0.00218004013844438	0.0033260459281186	0
A[T>C]C	0.00322137331974772	0.000368343696804087	0.00783673025524725	0.00139674770048712	0.0114102218476911	0.00285355625458918	6.71621461332475e-05	0.00667214114296073	0.010548239572572	0.00349125212730898	0.00103983752923497	0.0300561326125021	0.000133382377056636	0.00280213160070822	0.00405485203583261	0.0160833529751846	0.00706631579802744	0.00107295375321109	0.00333956909272307	0.0129965179689028	0.0138773587652793	0.00103086509711429	0.000144041639413173	0.000399012294217226	0.00812958603119182	0.0240006166931727	0.00200613994954669	0.00853470748858605	0.00424333700404358	0.00636856477714726
A[T>C]G	0.00481487047559999	0.000460806116777944	0.0092475371265784	0.00523348330054622	0.0218077589286334	0.0102300086256499	0.000434951126354968	0.00780941062087152	0.0163576611752668	0.0016149871537857	0.000513076436915875	0.0427189580840256	0.000236763450980667	0.00197249810653377	0.00375139560798149	0.0302815137459802	0.0035874350209255	0.00218413387865261	0.00868962067284905	0.0342164291471613	0.0174296531463713	0.00422842222643416	0.0002999967318762	0.00160120943865392	0.0157598909178163	0.0416745339863758	0.00572060231978518	0.00553152332923837	0.0090634967676787	0.00609055876520918
A[T>C]T	0.00268892344812632	0.000728847113597274	0.00819622285822948	0.00142265850175313	0.012801048433507	0.000663187666626703	0.000418049245460405	0.0105828719155741	0.0140409933142976	0.00151966567620752	0.000117680817523624	0.0134129417363931	0.000138735286986754	0.000861749218520824	0.00198017190272856	0.026451302676791	0.00155443357265383	0.00220316545600827	0.00629911260107173	0.00280438218271937	0.00899486955283352	0.0013845597246575	0.000115228276184705	0.00256092169557707	0.00701393711885761	0.0192298892979411	0.00159468085832466	0.00198092855947269	0.00298452707328925	0
A[T>G]A	0.000400874540159238	1.43538991372777e-05	0.00098660371392611	0	0.00141090861067946	0	0	0.00177812056623061	0.016552471917926	0	0	0.000559606111596629	0.000174122533710503	0	0	0.00240553230380907	2.2862509796981e-05	0.000134657477663967	0.000479076202292134	5.86137473015831e-07	0	0.000755781555858615	0	0	0.00222244470788428	3.45023295155995e-05	0.000607486795927461	0.00339020431944087	0	0.001900506605483
A[T>G]C	0.000915898033711566	2.15036103947357e-05	0.00124912067619643	0.000139674770048712	0.00186144292595161	0.000866258148714573	0	0.000679971906146594	0.00512343064953497	0.00268557855946844	0	0.000948142984621517	0.00010301892794162	0.00121831808726444	0.000333275509794461	0.00395029722197515	0.00565842462989038	0.000889811201349328	0	0.000257467691445933	0.00260726134377975	0	0	0.000930225233948871	0	0.000141919399787434	0.0010423416427429	0.017989353145108	0	0.00178893331581442
A[T>G]G	0.000658200245860712	0.000218966502802925	0.00714566151599264	0.000969163574175226	0.00420855242173811	0.000330000278246771	0.000559222876742102	0.00544200960824871	0.00483294534723793	0.000931723357953289	6.41345546144844e-05	0.00157893479571347	3.05312320093858e-05	0.000394499621306754	0.00061666777117504	0.0053079664899563	0.0028175491016132	0.00155411398575136	0.000643675605396226	0.000411433478923016	0.00124497522474081	0.000935310481818741	0	0.000498283941133281	0.00564845788940811	0.00100992081796187	6.80386897439011e-05	0.00660560764913895	0.0018085256979434	0.00423690166703953
A[T>G]T	0.000917543227882591	0.000106618806251582	0.00339406844699404	7.90365834307293e-05	0.00179158900172017	0.000836193144877148	0	0.00142526728813583	0.0109713024682568	0.00520485494101074	0	0.00160955300836717	9.98486996971873e-05	0.00193031824948664	0.000911507701256003	0.00404486721013304	0.0153080664519771	0.000135850482859278	0.000669280713863871	0.000203273072455764	0.000856654243127001	0	0	0.000386691141665664	0	0.000910689166670818	0.00015747057301813	0.0529432343252392	0	0.00392764024674366
C[C>A]A	0.0045730852793026	0.000791874957327112	0.021639010799069	0.0434806518441995	0.0108262791261231	0.00695067427348529	0.00108846122595872	0.0367064207305478	0.0132960889868306	0.00281090854018452	0.000655359229634139	0.0172868059122178	0.00211710103927279	0.0046070812833985	0.0079517948624163	0.0201969020256534	0.00121968865494028	0.0850010837484349	0.010523843227351	0.0158431134339012	0.00227174729170172	0.00571542437037957	0.000144635696078633	0.0545441043138125	0.017138237666754	0.00435304572903532	0.00743524120017228	0.00170908599732441	0.0463993661386308	0
C[C>A]C	0.00634124096916406	0.000311135397603239	0.0226189092011144	0.0721380513344292	0.00690304106787487	0.0206596766595463	0.000677928484081787	0.0367612782603446	0.00963326722272152	0.00101654929889241	0.00198258226099231	0.0178648726516235	0.00178773529329662	0.0104529514666117	0.00784945498325821	0.0158229898311415	0.000620837954705592	0.0246210948530976	0.0186103433648497	0.0414558714582177	0.00198088367810552	0.00589076360029209	0.000805884268141753	0.0360855757259642	0.0112581530865757	0.00582462937998979	0.00408529311796974	0.000609054336970075	0.0290345329919757	0
C[C>A]G	0.00163662180469838	2.09236795437682e-05	0.00598061385009389	0.021943964982971	0.00828562299214845	0.0165570997005681	0	0.00354741539464196	0	0.00167810978501604	0.00247524783136344	0.00947930129679084	0.000799182884906504	0.00195757164467877	0.00297500616564665	0.00738835277677723	0.000929090890171537	0.0434898167638178	0.00447163308560299	0.0300888018532112	0.00810832403247223	0.00298968216789489	0.000380571695288258	0.0508880447349134	0.00390084759770372	0.00252092945620767	0.00103356462581291	0.00020746870485469	0.0345902448850572	0.00587643794178647
C[C>A]T	0.00504992822761152	0.000493229392436605	0.0171917372529048	0.0412956688001298	0.0124905679317497	0.0398260567007832	0.00119509025627044	0.0337631084958555	0.0125130985828207	0.0147038356650027	0.00132841891939042	0.00921435568733388	0.00157689786180438	0.104809044506237	0.0173348379417723	0.0108141541745359	3.76912689837495e-05	0.0365652859142673	0.00914225259920183	0.0955463917437483	0.00644679242203904	0.0056527523659373	0.00064310350865399	0.0174702475535599	0.0147122914414425	0.0226653370533901	0.00461292621519626	0.000276715812197936	0.0369136033258637	0
C[C>G]A	0.000890911856046396	3.24631707058409e-05	0.0193933302683167	0.00990340226386323	0.00843453609647687	0	9.07051021632268e-05	0.00765869680184933	0.0024421387934995	0	0	0.00243295786912695	0.00660309209918114	0	0.000675152393978742	0.00508098164167382	0.00227412439374746	0.000439008133077499	0.000187925771916982	1.21407420359462e-05	0.000113587364585086	0.000731143392762015	0.000174758551876605	0.0115652839332481	0.00831991445497228	0.00150249121954122	0.00694432590698834	0.000151184575406197	0.0023636080658863	0
C[C>G]C	0.000606399214253767	0.000407182196345518	0.0194198956862641	0.0113964022466443	0.0106399996603624	0	0.000451952322721191	0.00875987299964332	0.00338009376235843	0	0.000233244971881448	0.0030306480391147	0.00140689916282107	0	0.000280337677973508	0.00791149491557073	0.00104390420349006	0.00435877137634485	0.00327729317116851	0.000622528308988649	0	0.00129145408055251	0.000310352090217335	0.0172166641958248	0.0066184037453689	0.00177776545415695	0.00230699875824845	0.000262923322818657	0.00124961960825253	0
C[C>G]G	0.000928054573778167	5.92176418998944e-05	0.0127217627020177	0.0157098840218997	0.00773277943973196	0	0.00143886575260954	0.00200687679070143	0	0	0.00198019826509075	0	0.000934364764622102	0	0.000793334977505774	0.00940335807953465	1.09876609153627e-05	0.0136855642808071	0.000496848120622555	0	0	0.00126910447693058	0	0.00180934577515354	0.00251622781940932	0.000645440684863287	0.00140049407400055	0	0.00362707859455905	0.00843153518512777
C[C>G]T	0.000970794174062631	0.000370552178299727	0.0280787288905502	0.00898563163706529	0.0106800985829358	0.00013949582031798	0.000275790059139333	0.00915287377237812	0.00536275653549461	0	0.000189774131341488	0.00246581349379357	0.00800902867710265	0	0.00129250984653565	0.0102991944519389	0.00114198514703454	0.00535674677877789	0.00076185438326682	0.000111559305604735	0.000345363879752091	0.00224163063790195	0.000174205425413038	0.0090355425394696	0.000229941875477321	0.00273461990378002	0.000398760621156232	0.000431367359626174	0.000127832786514873	0
C[C>T]A	0.0144880406111965	0.0175565125150205	0.016584996227758	0.0198068045277265	0.0254788892530954	0.00584957735887376	0.068391647031073	0.00563005422510531	0.0132960889868306	0.00108809362845852	0.0290230515980833	0.0239454274487758	0.00451535239745806	0.00493615851792697	0.00382586356587954	0.0266751536187876	0.0251222115852855	0.00935301057943196	0.041155744049819	0.0101613230548941	0.00386197039589292	0.00971229136072468	0.0531807518003687	0.00517938611943767	0.0165617387587798	0.00774610939435784	0.0255987097578868	0.00642311198684942	0.00823693369585313	0.0682279297794666
C[C>T]C	0.0159790099383494	0.00512089350100215	0.012263198941479	0.0169183703455339	0.024406562272355	0.00848675514230326	0.11377899724506	0.00573664308660412	0.0116613234801366	0.00271079813037975	0.177032933658019	0.0149937324040411	0.00154866160145947	0.0171141460286681	0.00822323855388956	0.0155065300345186	0.00566158382324847	0.00674509149741766	0.0881357770674959	0.0206160866739408	0.0128757439076859	0.0111272759674422	0.203830000780502	0	0.00854438062982073	0.00952641384673967	0.0130648548202088	0.00482383756079708	0.00794576504169435	0.0781273848028008
C[C>T]G	0.175197899948457	0.0153881375003659	0.0107174770087846	0.0189516061216568	0.0380527788297732	0.16393348165068	0.0498806794237973	0.0255087936050194	0.0272614366027784	0.0261305666523926	0.0334158457234064	0.0155731378447278	0.000422892294476561	0.06372983243232	0.0307417303783487	0.0053733474740198	0.0411540777354036	0.040970363930626	0.059124926354084	0.106988213402391	0.0954980386046729	0.018273710222113	0.0351642775727945	0.0066350734691506	0.0353110780558055	0.0369717265358582	0.0291215236476347	0.00883425517693117	0.0474254044748311	0.0449683608163775
C[C>T]T	0.0120253243661871	0.0106108237419495	0.0187712534752986	0.0192139570111715	0.0231694753337196	0.00606806818383212	0.0724408555339315	0.0220977255129708	0.0133381380498199	0.00395165583496948	0.0774278455873272	0.026604829801457	0.00076760274793284	0.0155087368959109	0.00729887913337781	0.0271641253669889	0.011551871456988	0.00500126798574031	0.11037365377578	0.0127952438208602	0.00460485173002789	0.00530890416877914	0.138826109963668	0.00345395271840365	0.0159640441385661	0.00742702900862414	0.0106346008242979	0.00359322837562305	0.0014947065649074	0.0340849629275463
C[T>A]A	0.00040625531151365	8.9540145344017e-05	0.0043221727711929	0.00350497542607479	0.00279617393591509	3.40984121823692e-05	0	0.00689354867697593	0.00369733770794054	0	0.000185553847772143	0.00107859524667404	0.000174919566335981	0	0.000594713611231959	0.00339867774272288	1.76069342886104e-05	0.000195640266817539	0.00200195078094003	2.03475785792556e-05	0	0.0540888185702356	0.00025863023517469	0.0011763843932226	0.0150543604711017	0.00207280046073695	0.240459593566717	0.00185999930021333	0.000789488951458838	0.00258569777201663
C[T>A]C	0.00127700362778635	0.000524923993511802	0.0141890586225049	0.0101320228144667	0.00672390123588872	0.00173163745287071	0.00122896018147956	0.0200230179452576	0.00643386548611229	8.7753223883253e-05	0.000996671694961686	0.0106575529278272	0.000266327182269969	0.0027070409412208	0.00312180532788251	0.0157353230483649	0.0116889758024123	0.00230882484153794	0.00481959201472841	0.00387268444875553	0.00406733371584567	0.0652941254821779	0	0.00223778838504845	0.017667317885926	0.00443534500709521	0.00399714184725864	0.0277590701960788	0.00033484707602793	0.00645331045155927
C[T>A]G	0.00112784017924772	0.000294443827799242	0.0144957899054779	0.0352646959036122	0.0128544561286754	0.000601886311340451	0.000694142559940438	0.020690644209904	0.0075646167446971	0.000297389199685934	0.000614117603885536	0.00433971888061111	0.000388374441237522	0.000179881607339107	0.00221432815919518	0.0180530216506278	0.00576934710077005	0.00578182642333444	0.0021572205965188	0.001124159082407	0.0031044805855768	0.292829627638712	0.000166167168963681	0.00648393989001394	0.0794028650248475	0.00306956949581252	0.00705619534461453	0.0141249212486141	0.00350951043385857	0.00887469855831246
C[T>A]T	0.00117149435580341	0.000521004076029245	0.014699684276365	0.00840949829465755	0.00848896124961307	0.00058691522267376	0.00126584738148361	0.0235465614268366	0.00725811848819508	0.000632709938371962	0.000290347771515802	0.0053610748767946	7.68301876277566e-07	0.00127568946478185	0.000407131277689633	0.00945444398472017	0.0286183315412305	0.00246013844849693	0.00160271445402724	0.00168626969243933	0.000880657724872159	0.0602178518956136	0.000311632969362106	0.00193960960098704	0.0328066615554237	0.00148985937712257	0.0061809836157753	0.0124087326325832	0.00156235940968502	0
C[T>C]A	0.0014348168535544	0.000316589169329589	0.00450695616664996	0.00243011629541186	0.00789458549260143	0.00211410155530689	0.000449428190316461	0.00296619172793042	0.0103525455822335	0.000224638204223699	4.63884619430357e-05	0.0197953951154295	2.62242051941734e-05	0.000244578170016823	0.00118942722246392	0.00918901760069521	0.0043474067290679	9.11759174427453e-05	0.00307276166376842	0.00671637979294351	0.0123254484979217	0.00250676698770662	0	0.000786149827543478	0.00516844085360373	0.0220521759334921	0.00356329999052093	0.0150288213180547	0	0
C[T>C]C	0.00352443124695157	0.000443828309997496	0.0160909440985963	0.0023732666051904	0.0135255728484134	0.00266405761980109	0.000702262960845462	0.0122469933604481	0.0154937985175765	0.00166731125378181	0.000362426070895159	0.0477111381071332	5.18876884961177e-05	0.00421979911425596	0.00363000619521222	0.0238488489951781	0.0453404897390238	0.00282665506663671	0.00636549888737715	0.0161965637007479	0.0109927938266099	0.00164423437335251	0	0.0036988511076884	0.0120447634384813	0.0247148320767885	0.00813244320933808	0.0612678726434919	0.00242379816989142	0
C[T>C]G	0.00531586463462748	0.000462636041214102	0.010609286895389	0.0103113145916995	0.0229276131425662	0.0203136630077402	0.000991632228486341	0.00715684992679903	0.0228421760526148	0.00148694599842967	0.000102352933980923	0.0580962366275358	7.34550646138222e-05	0.00143905285871286	0.010497555717666	0.0263851854893791	0.0369505102748965	0.00271812077220248	0.00410899161241677	0.0739088307594193	0.0262018161422682	0.00377628945996925	0.000307824051812727	0	0.016863991918328	0.0606645720716197	0.00908569483903404	0.0593041086599185	0.00681055682094234	0
C[T>C]T	0.00360897255684771	0.000508329411103008	0.0106587911072335	0.00394880789488268	0.0165309464044097	0.00176074566802128	0.00316461845370903	0.00997595650442707	0.028927283829763	0.00140602208527103	0.000653282485910555	0.0321664492607676	7.3326571507758e-07	0.0017221807774555	0.00203565638844816	0.025901237166473	0.0933061455815374	0.000972580249477291	0.00386108482106562	0.00777637013858078	0.017965417587392	0.0023018245288844	0	0.00106281245853605	0.00802737859138277	0.0188887958762692	0.00443932206962053	0.00572969366239657	0.00212822175136476	0
C[T>G]A	0.000103983773543609	6.59014039072566e-05	0.00112698336639158	0	0.00113198898720237	3.40984121823692e-05	0	0.00138972123924809	0.014520453543912	0.000988408098584275	0	0.000824808129809563	9.25894816883084e-06	0	0	0.000125876953434181	5.3541993599579e-05	2.89430346126276e-05	0	1.05093901657649e-05	0	0.000697350685376648	0	0	0	5.55220285240223e-05	0	0.00694975396393581	0.000499445344332403	0.00225054717974406
C[T>G]C	0.00140807161439472	2.49951846910699e-05	0.0064941658699475	0.0011866333025952	0.00376706290426851	0.00266405761980109	0.000702262960845462	0.00234730976096401	0.00840341614512626	0.00157955802989855	9.06065177237896e-05	0.00607232666818059	0.000176872465128804	0.00159237702424753	0.00137940235418064	0.0100804413278588	0.022654001717017	0.00186797382153079	0.00100029268230212	0.00747923726242228	0.000549639691330497	0.00129426800121675	0.000161562112788066	0.001815035984764	0.0032276128918576	0.0044556301725046	0.000541616052463103	0.0480038999379094	0	0.00570513223719833
C[T>G]G	0.00121242123654536	0.000291678600405362	0.0131809200147884	0.00474320471218176	0.00874385528670432	0.00376178944587782	0.000892469005637707	0.00835384579882864	0.0186890531339575	0.00366780012945985	0.00112588227379015	0.00629959192346774	6.224142939254e-05	0.000449704018347768	0.00057408507830986	0.00930424961993894	0.0173709765767972	0.00556085794415449	0.00133542227403545	0.0153336248037001	0.000496716893692288	0.00575242406841226	0	0.000106868163171231	0.0148667262075843	0.00705957026717673	0.000647158135375154	0.0296078431827012	0.00214081889308768	0.00792383799849327
C[T>G]T	0.00148283641315978	6.08212877109138e-05	0.00779316687102255	0.000877512865529483	0.0099657310179092	0.00458860992272212	0.000914223108849275	0.0043658656519181	0.0535417726158159	0.0127948009759663	0.000653282485910555	0.00625458735626037	0.000445092974379446	0.00401842181406284	0.00261727249943335	0.0183179852203953	0.239477676150781	0.00173845215271287	0.00138416248302352	0.00154479184537691	0.00281810471959091	0.00158698851611149	0.000143515183393213	0.00168579312799389	0.00765989726409563	0.00618258821425918	0.00163785798449123	0.134906662753437	0.000800272599535863	0.00696811777368792
G[C>A]A	0.00575310667330723	0.000414734065238105	0.0112602151270516	0.0357446428202862	0.0134128666949182	0.00166473381290895	0.000274271680486468	0.0276191197419638	0.0161364442038195	0.00127950224666174	0.000377458637039513	0.00800203917024707	0.000164848592853863	0.00149258251142601	0.00181467367952498	0.0122909899456372	0.00778195599325003	0.124238314672672	0.0030306397937136	0.0010256597810216	0.000114487486090615	0.00164396632384677	0.00030964159699115	0.0472930272520371	0.0156813179567458	0.00162830052470817	0.0159141316036772	0.00314982566835926	0.0709977680381261	0.00876649346932441
G[C>A]C	0.00531170500540366	0.000208121495605424	0.0166221998684723	0.0500716016250552	0.0137688331242847	0.00531076425313502	0.000120685524871789	0.0243578770338813	0.0166076862435562	0.00265418486724599	0.0012456752821064	0.00954096892232988	0.00124239034177298	0.0124786086782335	0.00988138825730613	0.0158868924229505	0.00203366876006419	0.0205033440367701	0.00387562284962558	0.00396847710181589	0.00574297712807	0.00302466837554996	0.000663908218422299	0.125536979965872	0.00994379543261429	0.00306582920266932	0.0243015900699986	0.000835258773094883	0.0882150030931173	0.0122153405331716
G[C>A]G	0.00108911168236588	0.000531614779218624	0.00272835914811076	0.0545681455120072	0.00801182831035913	0.00368335072883489	0	0.00250934970630088	0	0.000462203503830372	0	0.00489542569602944	0.000305498794354929	0.00230647498804689	0.00248554065655838	0.0116548946375457	0.00386507250005965	0.0226272521065297	0	0.00871764454371959	0.000868499343734134	0.00106885908493785	0.000334347985341037	0.1017588511813	0.0019379868974258	3.96070424723619e-05	0.0060969989017239	0	0.0399864657522906	0.00221674702477432
G[C>A]T	0.00334159832569001	0.000155190811956869	0.0152118044279343	0.0263018666443571	0.0124593374524863	0.0064713749032611	9.80400358738263e-05	0.0263398334440619	0.0124648916489585	0.00862460945095136	0.000607161709614762	0.00373694319582566	0.000737441847566688	0.0654466477855734	0.0250547184402287	0.00864967776460765	0.00396322826842963	0.0745374771334786	0.00731241091531197	0.01274896167829	0.00282377184703452	0.000704903163359841	0	0.0467754978586084	0.0130793111229389	0.0024567290721829	0.0117608116313763	0.00208441243958232	0.0581431656232897	0.00866979425971781
G[C>G]A	0.000420775272493669	5.28277096080946e-05	0.0138385690118613	0.00665458775909584	0.00627032805580581	0	0	0.00434371503987976	0.00150424479866114	0	0	0.00154878177488653	0.00168382802754107	0.000165842501269557	0.0016634508728979	0.00396896550327869	0.00154358268543346	0.000891683884152297	0.001894149871071	0.00123117840685708	0.000457949944362459	0	0	0.00427728750635271	0.00485586790223196	0.00156353328209175	0.00209828518009381	0.000120282328576328	0.000241757543678316	0.00730541122443701
G[C>G]C	0.00220783842278891	2.25826934187039e-05	0.0150590789736003	0.0114198389671178	0.00802321021836752	0.00274694702748363	0.000482742099487155	0.00469024899833818	0.00523503153329488	0.000241289533385999	0.00024913505642128	0.00187411889545765	0.00129932370310719	0.000109461479633627	0.000499060012995259	0.00540830380355763	0.000409877645926916	0.000826418429045853	0	0.0021970564008251	0.0063475010362879	0	0.000160622956220641	0.0106985795303132	0.00367848894097515	0.00288431807443128	0.0026303229151766	0.000204760957705563	0.00113481182286823	0.00861501175164215
G[C>G]G	4.39178662538507e-07	0.000121152132312959	0.00490693922341474	0.0149040749856584	0.00313889056803395	0	0	0.000947258431287074	0	0	0	0	0.000258075989020187	0	0.00114717261071925	0	1.31806797192754e-05	0.00132482199050524	0	1.48145088418974e-06	0	0.000687397998528998	0	0.0123045476957175	0.00123150057086449	0.000613912107220149	0	0	0	0.00394096706460216
G[C>G]T	0.000667019222125542	0.000339144279135048	0.0223087035398684	0.0061167131731063	0.00730686255422333	0.00126452153282113	0	0.00722322368119562	0.00645241450063736	0.000392027702315971	0	0.00124564773194189	0.00358632166174677	0.000266766227386848	0.00145949816156672	0.0039815977011686	0.0023244763255582	0.0014249066183733	0	0.00122024776429925	0.000491090756006004	0.000731096137910399	0	0.00283440063315622	0.00249022305806665	0.00155597310813584	0.00723621137279176	0.000252435191621022	0.00467930128050526	0
G[C>T]A	0.0174312312190476	0.00752950337815502	0.0187279764945998	0.00827070192916197	0.0226006284033039	0.0452946324928978	0	0.00263715976744249	0.00847847068336281	0	0.0246291760668282	0.0160040783404941	0.00366126529316329	0.0461871366035716	0.0359910279772455	0.0160038931583818	0.00246334520028923	0.00260887084519267	0.0354206025890277	0.0521906878320708	0.0186614602327702	0.00242519835732241	0.0471505814098073	0.0204814695404117	0.0116901134020239	0.0113736339177006	0.0210326393508866	0.00498905910802911	0.0105876261222138	0.0481185726592419
G[C>T]C	0.02505614924762	0.00310403573259609	0.0125833474715008	0.0100394188721915	0.0268328323455395	0.0707796684081615	0.0253439602230757	0.00248883831598547	0.0124557646826671	0.0161663987368619	0.121453340005374	0.0156744489438277	0.0041429886006698	0.0676471944135816	0.134247143495725	0.0155488734352282	0.000511611839592059	0.00535018307972245	0.0767623364409711	0.0660273135415413	0.0592433430053537	0.00539729142309834	0.190314338887064	0.0181766387359095	0.0106902791716187	0.0304879928591166	0.0393433087460584	0.00328378345000956	0.00454128887416775	0.0646769007307341
G[C>T]G	0.183017490014448	0.000902762447886143	0.0035616670052166	0.00552893104306681	0.0376288750410818	0.234857458376663	0.000462359652941208	0.0342282613339672	0.0304297739444622	0.0623974730171001	0.0214754417545774	0.00750631940057847	0.0101135779548717	0.205066594391805	0.349696450834253	0.00291372365938643	0.022615704242648	0.0290359704131727	0.0665762546581883	0.0106720581371012	0.00550049584364952	0.0105676241660192	0.0291937656747108	0.0276637822787174	0.0308273137186609	0.0673687618318983	0.0350506557130641	0.00816121198308712	0.0452796217118627	0.0394089194609912
G[C>T]T	0.0132566322332044	0.00412616245356061	0.0132146767056292	0.00835950800324528	0.0235886898873305	0.038977016658722	0.015784445775686	0.00786012675223337	0.0148112241946448	0.0148970526880069	0.0528230687364843	0.0159166099081463	0.0022583829405142	0.0493517520665669	0.064866584958521	0.0159263908046744	0.00118203124395803	0.00198034417679793	0.0931316779075149	0.0488594752445353	0.0203802663742492	0.00151267821800933	0.102099431384224	0.0168164011811541	0.0122684829631665	0.0219740834823552	0.012042078303071	0.00165043711469806	0.00562027629404455	0.0200553701128251
G[T>A]A	0.000309123487228166	8.69464236089487e-05	0.00330496921021601	0.00420956660580971	0.00487877279294991	0	0	0.00609159725123162	0.00263276603192864	0	0.000181675267688184	0.00124241137938528	0.000110476616274351	0	0	0.00246491565499739	6.53023085287787e-06	0.00116161570037682	0.00158023933902649	9.62032045595024e-05	0	0.0436423183898033	0	0.00123514192308513	0.0270678611967199	0.00170414229978966	0.104306162036971	0.000521719650404675	0.00171055870442538	0.00237541735113778
G[T>A]C	0.000400429743087463	0.000359131959929291	0.00676414765863257	0.00512774508042761	0.00470499314533382	0.00201461264967539	0	0.00956899405326112	0.00411361646333656	9.48010141538466e-05	0.000293650400146825	0.00522123879986272	0.000327298144558997	0.00215033348824293	0.00298037465327777	0.00531221431608023	0.00317859236360721	0.00151203375195322	0	0.00362143538620776	0.0168634461388811	0.0124632974287138	0.000168166902816712	0.00435432078904789	0.007063303875037	0.0063950635965236	3.59985727823815e-05	0.00483829252067868	0	0.00343531539693741
G[T>A]G	0.000764931966916631	9.53305791260609e-05	0.00854681564839312	0.0115310354218803	0.00700936486280789	0.000379558182058542	0.000500270059409329	0.00963331929366229	0.00349202555404091	0	0.000344241254586323	0.00223643424074473	0.000174703679908307	0	0.00179289227049529	0.00595496694245807	0.00384298432092377	0.0013250490152221	0.0013819676415008	0.000694208361451913	0.00323678059354194	0.0580768796082724	0	0.000154422748020152	0.0406154726914569	0.00146644453338894	0.00211302776644624	0.00289443699702272	0.000442717195863429	0.00453051036936808
G[T>A]T	0.000930563406803782	0.000160642482588077	0.00636932953233112	0.0027034831054986	0.00363585614283663	0.000920536224041661	0.000577760360608319	0.0131278002425111	0.00311111713969242	0.000231026095247477	5.96344757132427e-05	0.00252847524855849	9.67931264799633e-05	0.000471624526733655	0.00205467805941516	0.00267003896727926	0.00291894019523561	0.00220249048182455	0.00311225888972499	0.00110383258415415	0.00296640131754703	0.0084829710712893	0	0	0.0148428250006474	0.00188032714268695	0	0.00187047291097647	0	0.00400119132401751
G[T>C]A	0.00504428157185989	3.53387110427153e-06	0.00510492283649719	0.00372150091238249	0.0117945023409692	0.00543073445408973	0.000117342378344891	0.00428159652986856	0.00798605696351688	0.00375368797506692	0.000605584225627279	0.0474601146925178	0.000844092380599295	0.00415074089845685	0.00946209028809556	0.0132283806818193	8.7123869802653e-06	0.000327732986693939	0.00237035900853974	0.00145624014231397	0.104771394113779	0.00342696709878818	0.0001426384545783	0.000704823150496153	0.0130712554095281	0.0745004106311236	0.00453620134399979	0.00345792573074177	0.00413953249303493	0
G[T>C]C	0.00507394902485026	0.000227393155276902	0.00754147279938371	0.00157776771705465	0.0112015818055541	0.00424507665467314	9.48330413755008e-05	0.00626762928050936	0.013759337825643	0.00957490242953851	0.00156613546744974	0.0366825495169843	0.000685874100678899	0.0109236941202741	0.0391370250522529	0.0131477304322986	0.0119286294681751	0.00228173242117585	0.00294717255347812	0.00149238497499856	0.0789731808616613	0	0.000494042865952049	0.00602062125043447	0.00488709666687898	0.049401953667448	0.00301571122619269	0.0108130685245009	0.00671029015311521	0.00676955887428785
G[T>C]G	0.00317232811105024	5.31921960209278e-07	0.00645899894819192	0.00364137960690956	0.014507554441159	0.00727486515612206	0.000250135029704664	0.00536130442870643	0.0117232286457088	0.00450090996401972	0.00163514595928503	0.0482598967739652	0.000717052248728023	0.00620116439006371	0.0106194388329337	0.0172810805388979	0.00505415143256026	0.0051677953369263	0.00518237865562799	0.0229145270225611	0.0923004530545509	0.00170312279187016	0	0.000219049742613797	0.0142343561913194	0.0481796140025541	0.00165860141215107	0.0110679929252588	0.00468165214110751	0.00710674313805991
G[T>C]T	0.00471098868311609	0.000430799912375403	0.00551086700018043	0.00144185765626592	0.0111668565179139	0.00184107244808332	0.00467985892092739	0.00625590427850163	0.0108889099889235	0.00716180895267177	0.00137159294140458	0.0330333056666512	0.000533219645852448	0.00450663436656604	0.0044916218043029	0.0114892585864744	0.00613226794373363	0.00291034471809472	0.00592526211697642	0.000870096788718245	0.0725683054024311	0.00124910001488097	0.000556868922620788	0.00231683307409447	0.0104209803245198	0.0415464550848103	0.00350376626938056	0.000379999150306398	0.00646033625692573	0.00529387042722885
G[T>G]A	4.44184039208588e-05	7.2246583125188e-05	0.00308863063957927	0	0.001178122956922	0	0	0.00072940292906065	0.00631863847662874	0	0	0	1.48063992473538e-05	0	0	0	2.99501537133369e-05	0.00083092505811597	0	2.11074572156094e-06	0	0	0	0	0.00414504738208666	2.8411329778703e-05	0	0	0	0.00206282564567372
G[T>G]C	0.000146690488722904	5.74421114786757e-05	0.00542292938197865	0	0.000383427487004219	0.00115120722838594	0	0.00063488790719233	0.000851093061379978	0.00189602028307693	0	0.000535511671780792	0.000120857718122489	0.00163425345106463	0.00172548006242397	0.00424977145286418	0.0112131723098143	9.21481657582943e-07	0	0.00269814698794447	0.000712539977699199	0	0	0.000963279573974966	0	0.00302198911798396	7.79507567767081e-05	0	0	0.00191975017995994
G[T>G]G	0.000757363349052794	0.000118114542176338	0.0173596474032402	0.0015605912601041	0.00611912435619683	0.000632596970097571	0.0014174318349931	0.00647494420401768	0.00623575991793019	0.000750151660669953	0.000860603136465807	0.00129477771832589	1.20391785418069e-05	0.00090748747171664	0.00255142361570484	0.000934112461562051	0.00519385491193566	0.0085336898055884	0.00371403803653339	0.00229065141818282	0.000417649108844122	0.00216814594920007	0.000151024922668624	0.00230712562640459	0.0092244882310819	0.000882380935311268	0.00639994940572385	0.00567071432073703	0.0030203441191891	0.0030203703491043
G[T>G]T	0.000353619104348101	6.43872859397962e-05	0.0051864186711462	0.000120154804688827	0.00235745836904858	0.00153422704006944	0.000519984324547487	0.00400007365558938	0.0159876853011972	0.00173269571435607	0	0.00261003896625392	4.23785576062006e-05	0.00199130355731988	0.00907881002997394	0.00356005195637234	0.0477818195513745	0.00176304962072152	0.00149627831236778	0.00206658421671433	0.000578810013179909	0	0	0.000451014513790586	0.00203756038608473	0.00586112053923067	0.00214914310108276	0.0294852876124898	0.0035533590651503	0.0035087004230022
T[C>A]A	0.00628299998398566	0.0130809462967932	0.00993206489855847	0.023025049253414	0.0122298919546759	0.000865457989705489	0.000671001087413018	0.0231383970394197	0.0222813919827077	0.0250869653822671	0.000623326221409233	0.00625196344696345	0.0441118477855169	0.00030429818299266	0.00316319281377211	0.0114640737757928	0.0015945477119235	0.0475177888020297	0.00354501461847079	0.000464228765514325	8.40275170142206e-05	0.00376520102455404	0.00134527313683785	0.0199663380372898	0.00593025910378213	0.00232885151907823	0.00768758984063944	0.000839514488885694	0.0179562700225057	0
T[C>A]C	0.00798069988878804	0.00787434293184479	0.0197305889075208	0.0523275293091307	0.0138975046322437	0.00205805223858443	0.00187074479519968	0.0215845692661577	0.00601615651251227	0.00963108196640573	0.00241364959984337	0.0130728119867261	0.0221239682050082	0.0140831163985172	0.00479627223010298	0.0189936516996642	0.00156731789057236	0.0413440500241536	0.00610449482243309	0.00381550787961565	0.000585669841139724	0.00354922459586821	0.000630515859182253	0.0553436350106741	0.0122087617924359	0.00246096704200224	0.00948957189898576	0.00125080595739975	0.029418084261716	0
T[C>A]G	0.00313795257672615	0.00385119469814911	0.00311022306563824	0.0195101951718745	0.0086854693433437	0.00150567556331276	0.000360823542699236	0.00390057207506478	0	0.00559087611106901	0.000186214945338308	0.00483913504665161	0.00564663519464995	0	0.00373020298208459	0.0101060345703562	0.00510586771311158	0.0288780594190295	0.00336404662215121	0.00181540926787398	0	0.00128216756849123	0.000173568046860107	0.0218524349283205	0	0.00061930116973909	0.00422310541298707	0	0.0224399604530889	0.00326759954049718
T[C>A]T	0.00782962389529601	0.0107223547295095	0.0139223206066565	0.0258268565269865	0.0151082069140641	0.00295398483658907	0.000872669453052055	0.0326608871546903	0.0323316905977643	0.206887023270618	0.000277150761680595	0.00464356760291253	0.0170732845487873	0.0314168222082405	0.00805011361442093	0.0147591719297829	0.0043822934852784	0.0835361381900315	0.00604992937439565	0.00825148903095055	0.000336251878847205	0.00335216027995995	0.000134779775884337	0.0192421188822726	0.0210573404320127	0.00262290391777643	0.0106533997793221	0.00216279615469877	0.0275239155846498	0
T[C>G]A	0.000961603379416467	0.0322036698191586	0.0136721191874753	0.0022327320488159	0.0022193719302157	0	0.000134200217482604	0.00352470277419739	0.00331209880824033	0	6.92584690454703e-05	0.00227344125344126	0.256647199340013	0	0.000499451496911386	0.00469839089171838	0.000343181380438002	0.00127716578248054	0.000347550452791254	1.63882802780015e-05	0.000168055034028441	0.000209549376610539	0.000149777201514227	0.00648855002793389	0.00837528796156234	0.0036512558602912	0.00311708295424666	0.00056411446905892	0.000547776726712418	0
T[C>G]C	0.00147814996709893	2.34011530464522e-05	0.0239402169428309	0.0102126218911872	0.00914392148620321	0.000141934637143754	0.000935372397599841	0.00453371075971355	0.00349776541425132	0	0.00106200582393108	0.00356531236001621	0.0815598484115779	0	0.00201133996746254	0.00838340488812766	0.000798696270766955	0.00776441928326157	0.00106586417534546	0.000142907572894654	0.000351401904683835	0.000814440287014351	0.000150100240161317	0.00670651940877898	0.00389202065921243	0.00340109244174769	0.00470477264406972	0.00100651486894441	0.000413347316511335	0
T[C>G]G	0.000420458867588415	0.00377914428458577	0.00579291072385815	0.00581553894546259	0.00293586037682482	0	0.000541235314048855	5.90376482168403e-05	0	0	0.000558644836014922	0	0.023462797036961	0	0	0	3.20541941638212e-05	0.00288206438565578	0	0	0	0.000988972259682457	0	0.00271856568141975	0.00472822721039479	1.44783820712401e-08	3.7402917491368e-05	0	0.000257236965219233	0.00384424624806847
T[C>G]T	0.00161710970316731	0.0578565979386397	0.0278595532487585	0.00349011574689007	0.00550269963114668	5.09307730446391e-05	0.000469898936258799	0.00534985652010577	0.00492003987357283	6.71057487092501e-05	0.00055430152336119	0.00142150028660588	0.302557565430812	6.08853143570553e-05	0.000832770373905613	0.0158872615040338	0.00249385055530561	0.00252788746543785	0.00730163890013268	0.000460889175999692	0.000252188909135404	0.000239280720455087	0.000285215788863387	0.00387458443543391	0.0140243106276396	0.00697141670907094	0.002314639765765	0.0013484824070305	0.000914990137999422	0
T[C>T]A	0.0074329296770155	0.363130538155931	0.00756861842068294	0.00244205067839239	0.00910375163190702	0.00376728771989448	0.0806543307070448	0.00614630088095764	0.00501833152763686	0.00248186555920824	0.020916057651732	0.0130722872072872	0.104259853159621	0.00559908656706495	0.00621539640600836	0.0161624646675112	0.0140710602694972	0.0105712548024605	0.0151531997416987	0.00722365511797574	0.00537776108891012	0.00187414794410559	0.00945561078200668	0.0168687477426033	0.00946831661261824	0.00982204033092953	0.020369585555018	0.00824716190942127	0.00806302927592856	0.0617678808739806
T[C>T]C	0.0126412885604042	0.0988106071553039	0.0160745502239233	0.00680841459412482	0.0238231684021031	0.00475481034431574	0.270042011187074	0.00484559122644533	0.0117524917918844	0.0197296921836079	0.153411568566045	0.01254461756302	0.0191816247026007	0.0240091683179541	0.0120680398047752	0.0171597818803863	0.0204424363417246	0.00983782998811543	0.0319759252603638	0.00768653555186699	0.0100735212676033	0.00257901774808116	0.039393487912374	0.0106687555348879	0.00768368571688315	0.0130913533302422	0.0120938508550368	0.00771729888195038	0	0.0914856222455183
T[C>T]G	0.104808534213184	0.110947586609953	0.00390808122287062	0.00206357833548673	0.016769477487266	0.0535199222959353	0.178968477178821	0.0127384839138702	0.0126832002403228	0.386131153348347	0.0148971956270646	0.00254691318244822	0.0150257119253864	0.0153815058507294	0.0155176444054719	0.00909543111332062	0.0382353365859799	0.0219974288534958	0.016820233110756	0.0420056573536989	0.0284664769900983	0.00374410911690588	0.00480685159108757	0.00915458994936466	0.0323653164575885	0.0242147361502248	0.0134574115014769	0.00557978556541951	0.0284172549285412	0.0296012627910666
T[C>T]T	0.00706129123297812	0.197822557593439	0.00878617887103962	0.00537477825021071	0.00976174690107242	0.00239374633309804	0.0566563860289181	0.0104547760838814	0.00963926179312228	0.026305453494026	0.0661004566608219	0.00852900171963527	0.0257828981194261	0.0139427369877657	0.00421936989445511	0.0181434406525356	0.0173352110938709	0.0038253943018843	0.018567024631766	0.00643709644918061	0.00538003006155528	0.001099111598136	0.0158078638676888	0.00351370165297932	0.0106190469471992	0.00630183309332074	0.0129072749833013	0.0067037266357969	0.00899189808899607	0.0331141284659398
T[T>A]A	0.00149913863846946	3.64454223739948e-05	0.00317292091589511	0.00163874789338113	0.00397732348322557	5.31422661965966e-05	0.000350216197726667	0.00676375251188321	0.0112626557302044	0	0.000108444404090264	0.00281812566382926	0.000192758618163692	0	0.000231714814679621	0.00416880011295909	0.000318752306498225	0.00172410343789361	0.00141489908578129	0.000325459479438593	0.00118412704205579	0.0197944232600976	0	0	0.00973875598598242	0.000284885259825836	0.0299338086033094	0.000114772509608669	0.00041510174811282	0.00291041233729277
T[T>A]C	0.00105847512434931	4.28745302887517e-06	0.00800922044008389	0.00331334294378075	0.00584125773833646	0.000420444801278838	0.00103904991871081	0.0106862378423411	0.00279753184148324	0.000553972804536059	0	0.0129082793519664	0.000729706827553268	0.00100524348504253	0.00108849475397297	0.00843957008147701	0.00232709138983218	0.0018853415881478	0.00344437970305348	0.000493101703734298	0.00390351609084755	0.0245311146510254	0	0.00523906054103607	0.0030050854404486	0.00455143363698828	5.2791976143227e-05	0.011371866775285	0.00115977434979959	0.00487094000691905
T[T>A]G	0.000487015056792314	5.01697802639791e-05	0.00487468148149939	0.00498381008203506	0.00515156505984145	0	0.000584499612945366	0.00623517275368697	0.0122399145002331	0	0	0.00305305917977367	0.000195607483217522	0	0.000290043451101989	0.0051568048302449	1.60884821345989e-05	0.00124442740252705	0.00314856165368406	5.69903351213545e-05	0	0.0565399713059771	0.00013098742985366	0.00619473119503432	0.00758804992919604	1.5243428672941e-05	0	0.00306353146870911	0.00141835034103089	0.00230416524104333
T[T>A]T	0.00120106163564269	0.000140547092410989	0.00737583265916267	0.00184689014246851	0.00498657082751197	0.000209622082775346	0.00197349099860522	0.0139231584080208	0.0082062749966782	0.00110478172387471	0.000325915335285968	0.00523771990049041	8.63802031103932e-05	0.000429588376860534	9.79296011967886e-05	0.0044219217198509	0.00199619839284945	0.00117448266989049	0.00347543124778365	0.000917833371362413	0.000395415272072465	0.0128892113272125	0	0.000101040610911778	0.0073040574195823	0.000631531596829777	0.00123267472718026	0.0104968147192529	0	0
T[T>C]A	0.00216127398433508	4.60043746791242e-05	0.00405496103822617	0.00101966535588159	0.00737066953010447	0.0015676968527996	0.000805497254771335	0.00218954087554917	0.00817197346005528	0.00105029376584465	7.22962693935095e-05	0.0247204005599058	0.000374778258841144	0.000571761442177836	0.00196957592477678	0.0120649979739757	0.000779345106562477	0.000111767432886908	0.00188653211437505	0.00201856413385131	0.017060200717026	0.00232993630201083	0	0.000557409627328635	0.00647532754240814	0.0130571003174311	0.000975435521782827	0.00560742607474735	0.0040069564765844	0
T[T>C]C	0.00257189259539191	0.00041986657751045	0.00963784189172679	0.00115246711088026	0.0121311806559678	0.00183944600559492	0.00124685990245297	0.00537336913588977	0.0141948837882668	0.00671692025499972	0.000643483368194032	0.0334441783210038	0.000125720413130302	0.00351835219764887	0.00567163056017496	0.0177521991368999	0.00999107448513715	0.00457836219225184	0.00143515820960562	0.00782205142264529	0.0271511230318952	0.000875083854032127	0.000154620702288369	0.00153651787352407	0.00653492682823701	0.0328676208801799	0.00391156176935371	0.032404026939681	0.0024704163327807	0.00686359728247685
T[T>C]G	0.00371961211097753	0.000144889450748689	0.0045384878792585	0.00218801418235686	0.00908311896327337	0.00470071519793389	0.00111054926459619	0.00127684047214506	0.00856794015016315	0.00379796439399477	0.000422310550262104	0.0264048361493939	2.98383468109553e-05	0.00180247510757613	0.00188528243216293	0.0135059174125462	0.00451587729282764	0.000951037004632285	0.0034513079665383	0.0139637161963413	0.0182256019716313	0.0014423218508594	0.000135506792176224	0.000266142283650974	0.00364271175389135	0.01449050911236	0.00109051930146246	0.0147814518599011	0.000985381997912872	0.00379874522264986
T[T>C]T	0.00188774843639493	0.000297726156659497	0.00540164286713456	0.000902924069651273	0.00846046553657616	0.000868434342926432	0.000947275679330507	0.00503663302722423	0.0182427264314645	0.00390619252369986	0.00020369708455373	0.0206722774795952	9.68079699973492e-05	0.000930774816531156	0.00153423041874969	0.0096176797406757	0.00370552409907712	0.000565764635618834	0.00155372220489151	0.00214043892292066	0.0135429730684819	0	0	0.000133741066183406	0.00855457575902967	0.0117928343331966	0.000976009155661425	0.0110051782974908	0.00149226534255979	0
T[T>G]A	0.000374119406732713	3.23765071774032e-05	0.00241424305083085	0	0.00224791764436332	0.000239140197884685	0	0.000778779445001438	0.0262969915188958	0.00175048960974109	0	0.000939375221276421	0.000261265728600356	0	0	0.00333504009036728	6.08531778555185e-05	1.34276113536062e-05	0.00116094283961542	9.4745157140899e-08	0	0.000801127702680121	0	0	0.000928571669866885	3.87088360828377e-06	0.000673913098465188	0.00530253698257791	0	0.00328355476830637
T[T>G]C	0.000683950603251455	1.27487762146828e-05	0.00542018009645146	0.000216087583290049	0.00438530136224185	0.00099855640303724	0.000692699945807208	0.00225311579026509	0.00839259552444971	0.00637068725216468	0	0.00264032986744767	0.000222507671938873	0.000942415767227376	0.000229156790310099	0.00669345213358522	0.00867313793143422	0.00236482599679955	0.00129164238864505	0.000262656246614352	0.00156140643633902	0	0	0	0.000510875140915563	0.00243865143836089	0.00031422350291936	0.0336399733781156	0	0.00324734335632714
T[T>G]G	0.000907436155834284	0.000155631422349883	0.00822352478366879	0.00182334515196405	0.00436633873094221	0.000487810067710121	0.000584499612945366	0.00449630448653526	0.00769366054300365	0.00128546487181361	0.000180990235826616	0.000907666242635415	3.82147216154272e-07	0.000106027947504478	0.000435065176652983	0.00401084820130159	0.00344283131776499	0.000465626648689852	0.00066604188827932	0.000302815492286083	0.000219585565923269	0.00208265255476318	0.000140026155064546	0.000752352598127885	0.00702046469538827	0.00103636435911815	0.00222584043662841	0.0119685875135557	0.000205705192615455	0.00523102993562283
T[T>G]T	0.00121587657501446	1.20031422960085e-05	0.00651795822314456	0.000451462034825636	0.00651021441646082	0.00215611285140356	0.000552577479609463	0.00363721127502323	0.0321756825409325	0.0249759582575961	0.000122218250732238	0.00178305358314567	0.000361253569911678	0.000894975785126112	0.00107722561316467	0.0090096655041962	0.0298367943172046	0.00088604212533905	0.000531536543778676	0.000244250239204657	0.000148280727027174	0	0	2.59588611813308e-05	0.00395665995687421	0.00131264354363015	8.91472022239054e-05	0.148712264125646	0.00239756258770362	0
