Type	Signature_1	Signature_2	Signature_3	Signature_4	Signature_5	Signature_6	Signature_7	Signature_8	Signature_9	Signature_10	Signature_11	Signature_12	Signature_13	Signature_14	Signature_15	Signature_16	Signature_17	Signature_18	Signature_19	Signature_20	Signature_21	Signature_22	Signature_23	Signature_24	Signature_25	Signature_26	Signature_27	Signature_28	Signature_29	Signature_30
A[C>A]A	0.00519105037156494	0.000537109379414319	0.0172827833070101	0.0234775889164255	0.0112565731518126	0.000789786103257191	0.000248180472886277	0.0286122109301552	0.0107815962423614	0.000427987800525553	0.000128503499787544	0.0066006255629757	0.000278051025601106	5.57874686368645e-05	0.000656151232629753	0.013685512461227	0.00145070089917228	0.0329594899158403	0.00685387011417172	0.000735212740964614	7.63026913277959e-05	0.00127375079705254	0.000274882188555075	0.0167393744305137	0.00770553416364312	0.00160382374593048	0.00504417759993575	0.00134497732485878	0.0429874047967311	0
A[C>A]C	0.00627653985533513	0.000714374933747962	0.0204315259144908	0.029150891379663	0.00990138266357898	0.0019078811975434	0.000454998904455546	0.0379962606544875	0.00882895596742863	0.000896739045673415	0.000942361837610458	0.00590914925959307	0.000790306244581617	0.0034365184216491	0.00296110166339623	0.0120931559344261	0.000397471329823005	0.0104645152957189	0.00695210851298662	0.00202099778189414	0.000783376657806457	0.00304434806686834	0.000326186044493269	0.0173250324789965	0.00799233472941782	0.00171500706144216	0.00673388913384229	0.00129471174529506	0.0496880284747494	0
A[C>A]G	0.00175786343423078	0.000196999610497633	0.00420397431537011	0.0296887754647706	0.00419527039868922	0.000585883323707233	0	0.00496326925637886	0.00113305864355741	0.000462631468597827	0	0.00367556289872284	7.99112923331583e-05	0.000703537459058204	0	0.00471670196311117	3.14808640103905e-06	0.00376379884932543	0.000807797793394414	2.54104037014951e-07	0	0	0	0.030183151721375	0.00284440435647263	0.000563106512568949	0.00191289919990857	0	0.027650332444122	0.00331780196188697
A[C>A]T	0.00295857701292304	0.000258555204367953	0.0128643272012285	0.0158596361640844	0.00703802174804024	0.0008956544420741	0.000251822148261912	0.0265655738391289	0.00619921997753867	0.00570752068423849	0.000130389095480939	0.0040010918411625	0.000713557804594048	0.0167553955003596	0.00291918601090273	0.00759004196921342	0.00255479182658881	0.0128541407020317	0.00480961295606059	0.00190173825426818	0.000464533911750642	0.00079265946350683	0	0.0145861051725217	0.00392366392400905	0.000476985008701513	0.00267258691967861	0.000501386651987268	0.0167067695676001	0
A[C>G]A	0.000842418621174921	0.000207289343285264	0.0187094649892472	0.00623924965724184	0.00879264394061218	0.000603954078961381	0	0.00651200451288206	0.00431263849694457	0.000305705571803966	0.000449762249256405	0.00265739470717204	0.00313567153652359	5.57874686368645e-05	0.000555204889148255	0.0040801527834714	0.00131583544904347	0.000989303204634707	0.00371518193104636	0.000434313690697107	0.000381513456638979	0.000446845458617604	0	0.00700816936721988	0.0062540846073964	0.00100083555373789	0.0012830951393354	0.000245614672157099	0.0057138645599524	0
A[C>G]C	0.00177052922824877	0.000311392810341454	0.013902085541136	0.0050943305323683	0.0080574065627172	0.000817663370375746	0	0.00492172638925966	0.00303083563060983	0.000269021713702025	0.000282708551283138	0.00188589869987013	0.00112177134582939	0	7.40275415849056e-05	0.00299212105594047	0.00188947446895942	0.00239021825375025	0.00178500083441548	0.00188191330150068	0.000895287608921665	0	0	0.00722078084748477	0.00186817491330462	0.00176232614811904	0.00251703498520102	0.000379580603047549	0.00313435523197098	0
A[C>G]G	0.000699039759037477	0.000435026684556117	0.0103714712704758	0.005029246116983	0.00437767314432235	0	0	0.00114861504673753	0	0	0	0	4.16697233985102e-05	0	0.000763822439657305	0	5.15323643938588e-05	0.00430077502112091	0	2.00135087235273e-05	0	0	0	0	0	0.000609315264850561	0	0	0.00023926385774422	0.00812880875123023
A[C>G]T	0.00140669604321495	0.000487726423527577	0.0184106183374925	0.00352436359201874	0.00894094479383175	0.000848514734596518	6.29555370654781e-05	0.00682741548278747	0.00346426998744808	0.00012407653661388	0.000586750929664228	0.0021745064354144	0.00325371395034751	5.66060658795932e-05	0.000512137896649602	0.00629628481537022	0.00106742708834844	0.00263580854504385	0.00467962341670761	0.000536497746866128	0.00139360173525192	0.000257320160071025	0	0.00230137921435751	0.00270852881141376	0.00199313791130304	0.00130050344852666	0.000300492173466893	0.00247864267601514	0
A[C>T]A	0.0138049129103688	0.00585452145701953	0.0139309300165068	0.00771865936978371	0.0164530754918077	0.0144948978950732	0	0.0140783215464562	0.0083557370878301	0	0.0144566437260988	0.0103724115989618	0.0012294456862706	0.0163457283106012	0.00590536109366782	0.0114754297035133	0.00740426854765038	0.00249504448831255	0.0141561242545042	0.0204732552987191	0.00389143725771759	0.00263663367848823	0.011985244550378	0.00369049257652169	0.0163407698255172	0.00464471263954061	0.0132976665393793	0.00522980143519106	0.00319246517057419	0.0435418647518252
A[C>T]C	0.00982554866567063	0.00314583509844825	0.0101702583678627	0.00707545907273374	0.0140948821606402	0.0111065941142705	0.0179269568355485	0.00645735539012045	0.00737942588322393	0.00286956494615493	0.10356556595339	0.00678923531953246	4.93486984575512e-05	0.026264819365461	0.012510654527849	0.00947505001047816	0.004906075415942	0.00235810653634948	0.0190713247045444	0.0202839960008953	0.00693847896914291	0.00189399617043574	0.0728142509390766	0.00329479495355094	0.0150065162158616	0.0122545134371881	0.00770893248456911	0.00256265957840173	0.00808710849459838	0.0533466289558115
A[C>T]G	0.202495030012891	0.00659202250674048	0.00702394232436293	0.00454254487985561	0.0318470919391018	0.106396411585234	0.00015649057355409	0.0378638100345642	0.0283264660889353	0.0194305216811088	0.0116680430407322	0.00410798206327848	0.000663252289574798	0.0697909159385738	0.0393368556423512	0.00750384403222231	0.0184328766026067	0.0139229104171539	0.0594539175938289	0.0543313388115143	0.0492674843984237	0.00774429166276636	0.0141437546055021	0.0045846805219596	0.0386074488462857	0.0395248042587662	0.0163903888465211	0.0131863811232074	0.0490182971753414	0.0345059499115499
A[C>T]T	0.0059911875277156	0.00265549296136445	0.0117036348798812	0.0038506935542427	0.0125962198814283	0.00702381641416007	0.00270708809381555	0.0164507835545953	0.00692853997489615	0.00291579861042619	0.0416593160061601	0.0058276772469106	0	0.0156798802486473	0.00338011011788737	0.00871129816921087	0.00460872065868558	0.00370967003863063	0.0172886087339476	0.0118981906959736	0.00232266955875321	0	0.0204311771895888	0.00202806063283405	0.00452561972799733	0.00904283640059826	0.00440044172763037	0.00159105937232802	0.00297282466191787	0.0148826776805502
A[T>A]A	0.00115112249788745	6.37343628845844e-08	0.00402059091045417	0.00188944990091416	0.00410464717493696	0.000170586764037156	0.000379700466297545	0.00637349315813435	0.00665304869797196	0	7.86408990566394e-05	0.00304267719516629	0.00063214284372411	0	0.000648654455484859	0.0042136040361744	0.000297059598925784	0.00121222844523178	0.00043119954262544	0.000219025219399412	0.0038757116909619	0.0257157884039487	0	0.000417239679668087	0.00973469718604016	0.00214574894692962	0.0848435467826857	0.000567814680515736	0	0.00309938351197105
A[T>A]C	0.00123747187834325	9.92551225142039e-05	0.00641257346858915	0.00279901261917478	0.00621978173665434	0.00171062228778211	0.000553830951653319	0.0108084919130614	0.00421047146302834	0.000136440394192894	7.16909903813518e-05	0.00621709277701832	0.000982383017331597	0.000497973534922578	0.00506853822376573	0.00692369085730702	0.00165981202884386	0.000590290819934851	0.00378797916647921	0.00137060778823505	0.0248600688942494	0.0110241589941563	0	9.89300112910864e-06	0.00772530824156792	0.0112491171539659	0.00158293600064914	0.00361437343022837	0.00209014708831136	0.00278880545139702
A[T>A]G	0.00135942529263775	0.000433518809368991	0.00592968911916774	0.00665076009277688	0.00896443783116371	0	0.00057737872675381	0.0113095857594278	0.0063171528216376	0	0.000465043579505836	0.00407720789157514	8.80763630343858e-05	0	0.000469692644163096	0.00703130323666673	0.000890282325639365	0.00303674690212913	0.00298040483098741	0.000122785816773408	0.00213017004542105	0.0594696761799192	0.000148842855715537	0.00382611618347401	0.00502504775012266	0.00095310475902344	0.00122862103351733	0.00177711016613857	0.00248336390760603	0.00455653707599718
A[T>A]T	0.00271366756900633	8.14033980696078e-05	0.00473490960608982	0.00133902058990399	0.00585176215927214	0.00170860552699034	0.00150688819845733	0.0130368729966573	0.0115339726488333	0.000509119775939976	0.000133755480463752	0.00356903652984254	0.000560121526986795	0.00034840512594834	0.00276689742293471	0.00495472831187102	0.00112396133814148	0.00123845583404409	0.00146680169457566	0.00320862537012728	0.00227674128570978	0.00857969968442698	0	2.01415906860567e-06	0.00802355531036764	0.00217868508740551	0.00170464746329748	0.00377549025490891	0.00217621069993227	0.00433580793754899
A[T>C]A	0.00398325958441162	0.000627589016166674	0.0062182902748747	0.00330653732659978	0.016305686785535	0.00213233455046446	0.000189850233148772	0.00772850289868352	0.0138559361313135	0.0011599213914704	0.000235922697169919	0.0244463374646119	0.000279292694666711	0.000887653597923101	0.00355215535146471	0.0372981986905807	0.00130711226756662	0.00117065666102757	0.00568399397097171	0.00625160824003008	0.0123742602181314	0.00872750551621041	0.000396451425585679	0.00169006505057937	0.00984560013718567	0.0264787335276673	0.00299302301629367	0.0024106299791191	0.00380394160350902	0
A[T>C]C	0.00327482714943295	0.000373581222635521	0.00798955448130154	0.0014353910867563	0.01157601100414	0.00290287418532722	6.92288689566646e-05	0.00677121997366811	0.0105261786575709	0.00354745024901524	0.00107536485572028	0.0303202832356125	0.000134851905116177	0.00286334782580482	0.00411114767038776	0.0162185087205411	0.00713738958667531	0.0011012256019832	0.00343062264133966	0.013384309466494	0.0140476416696957	0.00104722143636523	0.000149899269157529	0.000409429921705033	0.00825516717655917	0.0242090980171471	0.00199551960345021	0.00846307475589102	0.00435197705053246	0.00653160917210955
A[T>C]G	0.0049028105475884	0.000468126482285663	0.0094433682603506	0.00538711567514928	0.022160984931955	0.01042391719741	0.000449072343030741	0.00793840286278341	0.0163502778912973	0.00164368030183175	0.000531478376578099	0.0431652226781977	0.000239765378995555	0.00201890253178704	0.00380972922487845	0.0305861690795003	0.00362947310209047	0.00224536903907612	0.00894121449296222	0.0352952953663823	0.017672521858308	0.00430257265984323	0.000312709562279656	0.00164571497462626	0.0160296421362976	0.0421056269372445	0.00569966995702511	0.00549411142081543	0.0093108222205191	0.00625675192400681
A[T>C]T	0.00300428632303165	0.000812425960290253	0.009183685027353	0.00160682470788479	0.0142733508382465	0.000741470323033545	0.000473593433800874	0.0118037715456842	0.015399412131145	0.00169706591979992	0.000133755480463752	0.0148709855410106	0.000154156246723077	0.000967792016523166	0.00220651313474541	0.0293154758452369	0.00172557597558013	0.00248518067281968	0.00711176579188201	0.00317410811108547	0.0100070721627709	0.00154583786067084	0.000131791099813256	0.00288805299463554	0.00782771251154708	0.021318102670532	0.00174334809275648	0.00215885715318886	0.00336410972379179	0
A[T>G]A	0.00045444604369749	1.623409990078e-05	0.00112164890725079	0	0.00159621083275862	0	0	0.00201228472476702	0.0184195976348811	0	0	0.000629519419689577	0.000196308967523267	0	0	0.00270502975161813	2.57511597142187e-05	0.000154117621858002	0.000548799417886924	6.73123841359038e-07	0	0.000856169010956701	0	0	0.00251660429627466	3.88088839607747e-05	0.000673842101739114	0.00374879710866925	0	0.00217357450046708
A[T>G]C	0.000931095979632001	2.1809372963469e-05	0.00127347980230778	0.00014353910867563	0.0018884894686561	0.000881229663402902	0	0.000690069237712482	0.00511271534796299	0.00272880788385787	0	0.000956475811848969	0.000104153929495908	0.00124493383730645	0.000337902548251049	0.00398349336995746	0.00571533769289515	0.000913257326259175	0	0.000265150040047771	0.00263925388945798	0	0	0.000954512054449101	0	0.000143152182458963	0.00103682356859298	0.017838366538136	0	0.00183473257519411
A[T>G]G	0.000670221789804021	0.000222445004446245	0.00729698213001942	0.000997614013916534	0.00427671945148956	0.000336255393464838	0.00057737872675381	0.00553189821238972	0.00483076392242876	0.000948277097210621	6.64347970722623e-05	0.00159542917496418	3.09183380441999e-05	0.000403780506357409	0.000626256858884129	0.00536136871795839	0.00285056554849767	0.00159768568259835	0.000662312184663869	0.00042440624355481	0.00126232298987914	0.000951712268084389	0	0.00051213371826499	0.00574513865998922	0.00102036771931658	6.77897281038806e-05	0.00656093127813981	0.00185787689745091	0.00435251405971235
A[T>G]T	0.00102515472213937	0.000118845069751904	0.00380297804459694	8.92680393269326e-05	0.00199764718587898	0.000934897363824903	0	0.00158969413925668	0.0120327390336477	0.00581245077531471	0	0.00178451826492127	0.000110947265975437	0.00216785411701189	0.00101569652234312	0.00448284942502616	0.016993477345589	0.00015323996365066	0.000755625115387463	0.000230072317540348	0.000953054491692465	0	0	0.00043608694151615	0	0.00100958278309529	0.000172151074431808	0.0576986381409037	0	0.00442716673803519
C[C>A]A	0.00441135870605021	0.000762086299255641	0.0209334503356662	0.0423998260472161	0.0104222097938722	0.0067094119842537	0.00106461206182953	0.0353475636090465	0.0125901357705846	0.0027101764279588	0.000643110381120861	0.0165474341004693	0.00203102826489716	0.00446711571605608	0.00765013293453	0.0193256821583568	0.00116899079987581	0.0827819224405039	0.0102582347870949	0.0154819349477631	0.00218208855818805	0.00550935704714985	0.000142824495389184	0.053107623059512	0.0165135083745991	0.00416644051592294	0.00701787425498578	0.00160812276718958	0.0451551062106419	0
C[C>A]C	0.00618217643611419	0.000302622373866515	0.0221146023855217	0.0710945812348805	0.00671622309000878	0.0201551070307271	0.000670141273362796	0.0357776751116148	0.00921900760788683	0.000990565867396116	0.00196626197812273	0.0172830304161536	0.00173333162675663	0.0102434046030873	0.00763215852765443	0.0153018058795822	0.000601373703795147	0.0242338531264761	0.0183339784424699	0.0409425436730508	0.00192298276561528	0.00573889258865748	0.000804273855820686	0.0355096795892635	0.010963378425249	0.00563435644449609	0.00389706642565656	0.000579182445038914	0.0285570755650884	0
C[C>A]G	0.00164901652768675	2.10329024379557e-05	0.00604314169292908	0.0223509883601711	0.00833142639121627	0.0166938070452513	0	0.00356814993316594	0	0.00168999266869094	0.00253710470573461	0.0094777627658843	0.000800818613200871	0.00198258855969301	0.00298954631777012	0.00738433345433767	0.000930109141933824	0.0442397052632531	0.00455279429150205	0.0307116537741031	0.00813499052367714	0.00301017025377245	0.000392534014013889	0.0517533439524516	0.0039259591395191	0.00252026525060131	0.00101897084928789	0.000203901998580628	0.0351610680986029	0.0059734072479348
C[C>A]T	0.00489330302369788	0.000476815457514811	0.0167061743537131	0.0404507300817437	0.0120786002584541	0.038617011612204	0.00117417534458563	0.0326598136634827	0.0119021439453338	0.0142408306095649	0.00130946828357625	0.00886002013047145	0.00151960872362899	0.102083116800762	0.0167524153371745	0.0103943290862399	3.62874708731929e-05	0.0357712280708748	0.00895169575873316	0.0937891995143032	0.00622027909966337	0.00547351394260695	0.000637913685060932	0.0170868473835834	0.0142399131673102	0.0217915423647398	0.00437361812307469	0.000261542995097693	0.0360856965853139	0
C[C>G]A	0.000859404872741183	3.12419750067923e-05	0.0187609923477853	0.00965722719079759	0.00811973381504245	0	8.87176718191275e-05	0.00737517488705932	0.00231247391704614	0	0	0.00232889813265864	0.00633463705339383	0	0.000649539588780846	0.004861806832291	0.00217959762378384	0.000427546751412344	0.000183182764055266	1.18639672184565e-05	0.000109104427909402	0.000704782312275256	0.000172570137686834	0.0112606989780128	0.00801663389781638	0.00143808282328849	0.00655451581042926	0.000142253437298772	0.00230022481204903	0
C[C>G]C	0.000591188215598121	0.000396041221292975	0.0189869134559716	0.0112315543644681	0.0103520478429677	0	0.00044676084890853	0.00852548945607062	0.00323473951153924	0	0.000231324938602673	0.00293194265988319	0.00136408495358297	0	0.000272577090273373	0.00765090293979108	0.001011176157163	0.00429021641712004	0.00322862513452299	0.000614819845342458	0	0.00125815883209211	0.000309731908325576	0.0169419003823681	0.0064451126462373	0.00171969126101707	0.00220070559080701	0.000250027893611975	0.00122907027953045	0
C[C>G]G	0.000935083063394426	5.95267616329575e-05	0.0128547698478989	0.0160012757578498	0.00777552668793733	0	0.00146998294989375	0.00201860692644829	0	0	0.00202968376458769	0	0.000936277176551359	0	0.000797212351405367	0.00939824257824792	1.09997030150203e-05	0.0139215424482524	0.000505866032389118	0	0	0.00127780156245699	0	0.00184011185177629	0.00253242592982545	0.000645270626426941	0.0013807193090462	0	0.00368693421761142	0.00857066710905285
C[C>G]T	0.000940684669804857	0.000358220757194238	0.0272856741337709	0.00880177923074978	0.0103278443549598	0.000135260986382501	0.000270963541058222	0.00885378050803416	0.00510091883371449	0	0.00018706689765375	0.00237099130252053	0.00771805843632358	0	0.00124908359970161	0.00989936103451416	0.00109945231025524	0.00524041877290016	0.000745974646561096	0.000109507620121345	0.000333229237481967	0.00217055263638756	0.000172799593514002	0.00883724949669263	0.000222558963935564	0.0026291947631006	0.000378073829516742	0.000407714724821405	0.000124965723533114	0
C[C>T]A	0.0139756729167223	0.0168960737129112	0.0160442267012465	0.0193144543815952	0.0245279403955003	0.00564653483823329	0.066893124551622	0.00542163185305267	0.0125901357705846	0.00104910055275825	0.0284806025924952	0.0229212605687981	0.00433177641269241	0.00478619541006009	0.00368072433642479	0.0255244858695278	0.0240779760447722	0.00910882734934546	0.0401170253281034	0.00992967343037815	0.00370955054891969	0.00936211860828587	0.0525147957678147	0.00504298107322863	0.0159580242151487	0.00741405122536492	0.0241617617148135	0.00604367049898676	0.0080160495032409	0.0663982391183526
C[C>T]C	0.0155781903248381	0.00498077994187939	0.0119897810347104	0.0166736477163238	0.0237460440216955	0.00827948380100409	0.112472043712723	0.00558315059477178	0.0111598513148104	0.00264150897972297	0.175575628399428	0.0145054005278432	0.00150153333271351	0.0167710643991723	0.00799559464801893	0.0149957697619905	0.00548408422411638	0.00663900438418145	0.0868269545105646	0.0203608077535155	0.0124993879764993	0.0108404013324069	0.203422683802573	0	0.00832066126066372	0.0092152148658098	0.012462901829971	0.00458724593741835	0.007815101168695	0.0768425415700716
C[C>T]G	0.176524736381756	0.015468464524608	0.0108295291717887	0.0193031263110569	0.0382631367734102	0.165287034590894	0.05095940892965	0.0256578917525051	0.0269630390629546	0.0263156001267588	0.0342509135274174	0.0155706102582385	0.000423757849663751	0.0645442719988947	0.030891978616958	0.00537042433042738	0.0411991811936581	0.0416768098762622	0.0601980578543049	0.109202918213688	0.0958121106121973	0.0183989386990236	0.0362695786272089	0.00674789611563018	0.0355383916308517	0.0369619853556829	0.0287103321289162	0.00868238073693649	0.0482080390550714	0.0457104006013951
C[C>T]T	0.0116523549305655	0.0102577114314552	0.018241078768412	0.0188208258019224	0.0224052927203374	0.00588385290763878	0.0711730901179596	0.0213756265282567	0.0126869006889822	0.00382722322632057	0.0763232942427301	0.0255817482640373	0.000739715526473984	0.0151053776650292	0.00705364856302086	0.026109564728531	0.0111216260510373	0.00489265961658121	0.108073076920539	0.0125599266874181	0.00444305649975955	0.00514056854195108	0.137705787945321	0.00337815264429096	0.0154514749274162	0.00714070198490066	0.0100829019860739	0.00339620531246779	0.00146118294410812	0.0333204628861615
C[T>A]A	0.000423297670581695	9.30784394426376e-05	0.00451636765997751	0.00369178804508546	0.00290755894101733	3.55529328512666e-05	0	0.00717041094265828	0.00378163295190331	0	0.000196679827017408	0.00111521386290729	0.000181257725951524	0	0.000618009919007849	0.00351272227257454	1.82276048681567e-05	0.000205803636523017	0.00210782918780102	2.1477374701961e-05	0	0.0563175411578255	0.000275860968204582	0.00123720611243955	0.0156682053127676	0.00214295576279214	0.245152531661122	0.0018903917727305	0.000829897832242958	0.00271804024298741
C[T>A]C	0.00125744918610262	0.000515678718744461	0.0140117453408667	0.0100855462989302	0.00660749976721582	0.0017062777730794	0.00122701951830715	0.0196825889524509	0.00621890205665139	8.63672654008168e-05	0.000998374464206834	0.010413785839725	0.000260810526620603	0.00267936198817865	0.00306580742258174	0.0153695438063274	0.0114359910917869	0.00229528844922328	0.00479560915870051	0.0038630653762302	0.00398802066137051	0.0642483214498985	0	0.00222414606396578	0.0173771701253099	0.00433345811806695	0.00385119333102758	0.0266621667019368	0.000332641607800563	0.00641079908633956
C[T>A]G	0.00108430442795744	0.000282416844249543	0.0139760966227767	0.0342727353591969	0.0123331749797284	0.000579045359247711	0.000676655612358031	0.0198578421884014	0.00713894483353629	0.000285770001139538	0.000600617860250672	0.00414016927036212	0.000371334772388454	0.000173831582262336	0.00212317793795522	0.0172163297641635	0.00551098682714338	0.00561198743707031	0.00209572077654312	0.00109484610073685	0.00297195272712658	0.281324818583347	0.000163535869654832	0.00629199871759413	0.0762517751547997	0.00292812776350404	0.00663776253902794	0.0132459135256572	0.00340394045279873	0.00860772878252477
C[T>A]T	0.00118240195925137	0.000524626873312634	0.0148789843361776	0.00858025079726771	0.00855060824076084	0.000592781667314675	0.00129545291886789	0.0237250320689302	0.00719105186451043	0.000638289017184838	0.000298116808928969	0.00536944803935151	7.71201991902069e-07	0.00129422016954739	0.000409826605677176	0.00946559533212841	0.0286991005932943	0.00250687373492929	0.00163461803210748	0.00172414428884152	0.000885077639478397	0.0607350736598663	0.000321982651904881	0.00197599227174114	0.0330747899692054	0.0014920353127193	0.00610421722325047	0.0122164375284859	0.0015908807788058	0
C[T>C]A	0.00149500723955587	0.000329099597866669	0.00470945335912061	0.00255963971125925	0.00820906465789191	0.00220428183677853	0.00047481287043809	0.0030853214535224	0.0105885722653293	0.000233947398631433	4.91699567543519e-05	0.0204674544251219	2.71744316427809e-05	0.000256154961523492	0.0012360198380157	0.00949736021844229	0.00450065927206168	9.59124401038547e-05	0.00323527270685737	0.0070893057319749	0.0127878884006715	0.00261005798860122	0	0.000826795541944977	0.00537918516011417	0.0227985464080713	0.00363284325980483	0.0152743929367225	0	0
C[T>C]C	0.00347046250027986	0.000436011340824494	0.0158898639439022	0.00236238021416382	0.0132914235816463	0.00262504272781445	0.000701154010461227	0.012038771421777	0.0149761314833645	0.00164097804261552	0.000363045259711575	0.0466198552127225	5.08128958015272e-05	0.00417665251098436	0.00356489235183923	0.0232944648314649	0.0443591847153733	0.00281008269127423	0.00633382341715163	0.0161563342622383	0.0107784342199203	0.00161789897296287	0	0.00367630165002511	0.0118469540617898	0.0241470932990538	0.00783550152823406	0.0588468641908823	0.00240783383800399	0
C[T>C]G	0.00511066697906933	0.000443739003708619	0.0102289298972718	0.010021267648888	0.0219978396537519	0.0195427808746102	0.000966650874797187	0.00686878547476152	0.0215568138110704	0.00142885000569769	0.000100102976708446	0.05542484668388	7.0232272783551e-05	0.00139065265809869	0.0100654361503062	0.0251623281168545	0.0352958093566603	0.00263827699228006	0.00399184909817738	0.0719816229156021	0.0250832810169483	0.00362792506964077	0.00030294957979859	0	0.0161947471236246	0.0578692282374868	0.00854691259215333	0.0556135557288529	0.00660568768943691	0
C[T>C]T	0.00364257514426921	0.000511864075214748	0.0107888021909498	0.00402898733089092	0.0166509944381669	0.00177834500194402	0.00323863229716973	0.0100515690463422	0.0286599893150778	0.00141842003818853	0.00067076282009018	0.0322166882361091	7.36033579406523e-07	0.00174719722888898	0.00204913302838588	0.0259317872119767	0.0935694819999962	0.000991056370837673	0.00393794344098621	0.00795103192713892	0.0180555838453594	0.00232159530625941	0	0.00108274840633328	0.00809298625112274	0.0189163829116347	0.00438418671225267	0.0056409019967302	0.00216707311793591	0
C[T>G]A	0.000108345879725994	6.85055827104068e-05	0.00117761864200045	0	0.00117708153223175	3.55529328512666e-05	0	0.00144553594209486	0.0148515039565657	0.00102936855397831	0	0.000852810601046745	9.59444346301285e-06	0	0	0.000130100824910168	5.54294283825332e-05	3.04466042302305e-05	0	1.10929224133506e-05	0	0.000726084927777451	0	0	0	5.74012082885976e-05	0	0.00706331325738596	0.000525008751318679	0.00236573580620575
C[T>G]C	0.00138651016094925	2.45549545754995e-05	0.00641301165862609	0.00118119010708191	0.00370184902927885	0.00262504272781445	0.000701154010461227	0.00230740107687277	0.00812264758419774	0.0015546107772147	9.07613149278936e-05	0.00593343611798287	0.000173208759172643	0.00157609528716391	0.00135465909369891	0.00984611400092847	0.0221637007560292	0.0018570220914442	0.000995315108409537	0.00746066014192272	0.000538921710996015	0.00127353794802243	0.000162855328156955	0.00180397090647233	0.00317460628051145	0.00435327730114719	0.000521839906845923	0.0461070191993835	0	0.00566754951713817
C[T>G]G	0.00116562057242245	0.000279764566563679	0.0127083665605666	0.00460978311848848	0.00838926953959429	0.00361903349529819	0.000869985787317469	0.00801760205513431	0.0176373931181485	0.00352449668072098	0.00110113274379289	0.00600992313439662	5.95106283074786e-05	0.00043457895565584	0.000550453539469872	0.00887303149383816	0.0165930774171255	0.00539750982422782	0.00129735095690765	0.0149337932586438	0.000475512436340252	0.00552642050092414	0	0.000103704592736992	0.0142767425799302	0.00673427453782281	0.00060878161927574	0.027765318020287	0.00207642067736636	0.00768547212725426
C[T>G]T	0.00149664287453351	6.12442080027676e-05	0.00788822437428816	0.000895330517975765	0.010038102338001	0.00463447485355109	0.000935604885849036	0.00439895663416675	0.0530470347686349	0.0129076223475156	0.00067076282009018	0.0062643560459101	0.000446773070614025	0.00407679353407429	0.00263459960792471	0.0183395909559988	0.240153550104692	0.00177147755392784	0.00141171557318373	0.00157948876718686	0.00283224844633088	0.00160061944073456	0.00014828148456869	0.0017174147781982	0.00772250150377674	0.00619161786764921	0.00161751616565572	0.132816047093828	0.000814881830975899	0.00709531559718188
G[C>A]A	0.00555971683345135	0.000399856745220306	0.0109128270716422	0.0349193509657616	0.0129356832328147	0.00160986514145844	0.000268748816037152	0.0266449219308572	0.015307402919266	0.00123588788252268	0.000371075806492993	0.00767368115081996	0.000158433420693881	0.00144986260730388	0.00174899886221842	0.0117821381304359	0.00747202045752719	0.121214275207833	0.00295950964139417	0.00100409592665684	0.000110168527584306	0.00158756869336283	0.000306318819534412	0.0461310496692443	0.0151371084792487	0.00156132635949461	0.0150480643103919	0.00296912837269785	0.0692192180881214	0.00854687701108
G[C>A]C	0.00514778900856607	0.000201227902583503	0.0161553224250726	0.0490549942421023	0.0133168480603509	0.00515036803318135	0.000118592526183998	0.0235657137131874	0.0157993546957037	0.00257102165486842	0.00122810263725082	0.00917554992642679	0.00119744662909868	0.0121560145393392	0.0095509263286112	0.0152725918552441	0.00195824056861385	0.0200613179508103	0.00379545188243952	0.00389611980220163	0.00554208467621395	0.00292923300759425	0.000658656482124985	0.122801718246582	0.00962607161396946	0.00294810963537004	0.023044586968764	0.000789587106068561	0.0862503748701889	0.0119432813713959
G[C>A]G	0.00112889054092786	0.000549744553654013	0.00283609840210899	0.057177289993798	0.00828759594574165	0.00382047130274962	0	0.0025965397773387	0	0.000478851030411698	0	0.00503526940218559	0.000314919988463211	0.00240306999897832	0.00256945508055823	0.0119832541389815	0.00398048597425111	0.0236787735800748	0	0.00915377446369253	0.000896392454099524	0.00110710607447435	0.000354766222080518	0.106462727721534	0.00200650557425655	4.07343428717035e-05	0.00618362268443377	0	0.0418142378124737	0.00231807160261386
G[C>A]T	0.00323438346875205	0.000149860694585824	0.0147658460678193	0.0257352736590901	0.0120351007501123	0.00626798970168251	9.62179437830266e-05	0.025450988901747	0.0118432036938438	0.0083438113686612	0.000597839582204959	0.00358927381971497	0.000709865960677	0.0636741161394962	0.0241861939593986	0.0083047046753837	0.00381140752084265	0.0728383207218374	0.00715209120313282	0.0125006821579734	0.00272154893612149	0.000681798571047108	0	0.0456984698912779	0.0126453906716596	0.00235940998035572	0.0111383793618644	0.00196794579268065	0.0567763781092265	0.00846598218724124
G[C>G]A	0.00040663097321613	5.09326766037626e-05	0.0134116363534318	0.00650094299894499	0.00604725144450033	0	0	0.00419050097210872	0.00142696128908412	0	0	0.00148522860983612	0.0016183009490415	0.000161095845255987	0.00160324895703355	0.00380464877128658	0.00148210570882793	0.000869979732233124	0.00184969352587136	0.00120529365213261	0.000440674110337222	0	0	0.00417219564638243	0.00468734830833314	0.00149922307966737	0.00198409383043545	0.000113382044631115	0.000235701326995681	0.00712239750923334
G[C>G]C	0.00213970586731763	2.18346885222634e-05	0.0146361058204207	0.0111879811429356	0.00775983487270317	0.00266398346543863	0.000474370104735991	0.00453771340518131	0.00498023137147182	0.000233729241351673	0.000245620527450165	0.00180234016411955	0.00125232041499404	0.000106631706485431	0.000482370016596525	0.00519918020604055	0.000394675401512634	0.000808601896147559	0	0.00215699744012423	0.00612546201055226	0	0.000159352374857195	0.0104654735957272	0.00356095398552584	0.00277356804459273	0.00249426909926983	0.000193564697837896	0.00110953853310179	0.00842313884646405
G[C>G]G	4.55219281864721e-07	0.000125283809830332	0.00510070769107101	0.0156167047560153	0.00324693137921209	0	0	0.00098017195055771	0	0	0	0	0.00026603472415163	0	0.00118590234487303	0	1.3574263032029e-05	0.00138638840453919	0	1.55556552058324e-06	0	0.000711995164261722	0	0.0128733343179342	0.00127504100436486	0.000631385347341847	0	0	0	0.00412110346250305
G[C>G]T	0.000645617975325393	0.000327496174516519	0.021654688239181	0.0059849473625791	0.00705806607635887	0.00122477959688049	0	0.00697947411608977	0.0061305995591662	0.000379264153120964	0	0.00119642460657165	0.00345221481546364	0.000259541234264251	0.00140890450248924	0.00382280056485917	0.0022354318119465	0.00139242444551597	0	0.00119648406202823	0.000473312858455911	0.000707133019164667	0	0.00276913721764419	0.00240760718457103	0.00149433591276666	0.00685324023027144	0.000238330362955744	0.00456930364800324	0
G[C>T]A	0.0168452829296507	0.00725940540279919	0.0181502010913055	0.00807974344154591	0.021796576118844	0.043801747390515	0	0.00254414031943027	0.00804287272029226	0	0.0242126963736678	0.01534736230164	0.00351878517384661	0.0448651929037923	0.0346884774339986	0.0153413256906717	0.00236523641954256	0.00254536927230578	0.0345892689337943	0.0510934113155964	0.0179574699962418	0.00234199991291238	0.0466446064681231	0.0199782450726317	0.0112844159648604	0.0109058212347691	0.019888016352478	0.00470284977975685	0.0103223977575669	0.0469131157065645
G[C>T]C	0.0242829316693364	0.00300122098487494	0.0122299116360884	0.00983558781796538	0.0259519995738914	0.0686419739594687	0.0249044304986395	0.00240789667963847	0.0118495160217778	0.0156598591705622	0.119740007131955	0.0150741177362726	0.00399311518084293	0.0658983946079965	0.129757534464465	0.0149476430923666	0.000492636303092305	0.00523483992000877	0.075174434058641	0.0648234365917501	0.0571709787651544	0.00522699424371451	0.188808888745465	0.0177805971541125	0.0103487037295449	0.0293173362145541	0.0373082706697771	0.00310422728233272	0.00444015024720152	0.0632364215765698
G[C>T]G	0.189702044929735	0.000933549551986169	0.00370231247207087	0.00579329369981213	0.0389240632915298	0.243600527351511	0.000485931097315196	0.0354175593141236	0.0309614699073543	0.0646448891055791	0.0226445946133305	0.00772074641668457	0.0104254678307165	0.213654769000073	0.361502564795462	0.00299581353474537	0.0232910232691062	0.0303853143923234	0.0697322966285882	0.0112059642671273	0.00567715220929698	0.0109457655099989	0.0309765944788238	0.0289425606352373	0.0319172316892387	0.0692862196216145	0.035548641760506	0.00825137428641975	0.0473493427012918	0.0412102491043248
G[C>T]T	0.0128312944786828	0.00398444703953478	0.0128272673367398	0.00817942806219144	0.0227855020734292	0.0377520299273751	0.0154910889490673	0.00759488472705265	0.0140725126244496	0.0144120378185966	0.0520120436518314	0.0152876477506379	0.00217393301035806	0.0480151283388864	0.0626179778884106	0.0152912022594367	0.00113675076678784	0.00193520024874094	0.0910898282399	0.0479079619069991	0.0196424836259203	0.00146309720412812	0.101163704041949	0.0164291955882452	0.0118614626228861	0.0211036180034991	0.0114047602026923	0.00155821886027741	0.00548815890102101	0.0195839025757036
G[T>A]A	0.000315452324462659	8.851929012707e-05	0.00338227943649051	0.00434254241171134	0.00496855199376512	0	0	0.00620565007789441	0.00263728716434915	0	0.000188599511396324	0.00125811395419112	0.000112120080414513	0	0	0.00249511628949569	6.62108705465456e-06	0.00119677407495763	0.00162952035079488	9.94518577138887e-05	0	0.0445039853946098	0	0.0012722268792482	0.0275908947930653	0.00172550597481581	0.10414996804119	0.000519315318933688	0.00176104907375959	0.00244552973214191
G[T>A]C	0.000394558580598627	0.00035303981883449	0.00668403296366528	0.00510759609200904	0.00462659705291942	0.00198642041790916	0	0.0094125180478327	0.00397880255956731	9.33653915220541e-05	0.000294346440076791	0.00510518578919922	0.000320730318891165	0.00212975299262994	0.00292884754600355	0.00519215623945306	0.00311185272914158	0.00150416202952948	0	0.00361482717330117	0.0165455334413984	0.0122717778983475	0.000169624985989555	0.00433063479946592	0.00695189447744282	0.0062522871371391	3.47070654124248e-05	0.00465017714567243	0	0.0034149399786607
G[T>A]G	0.000744608070051131	9.25809496550051e-05	0.00834352562362337	0.0113469251388471	0.00680927874754328	0.000369724079113416	0.000493770097697204	0.00936128045222336	0.00333676612883723	0	0.000340887338457679	0.0021602991356561	0.000169129081256376	0	0.0017406035453251	0.00575004553078381	0.00371682896057905	0.00130222144581165	0.00135937097911252	0.00068456769639879	0.0031373824978063	0.0564933808031376	0	0.000151726759010238	0.0394917661472227	0.0014163789119259	0.00201260051482909	0.00274828166253731	0.000434773500816237	0.00444921458029918
G[T>A]T	0.000965786472423912	0.000166333615092247	0.00662932339861946	0.00283637574446086	0.00376581825875107	0.000956027710781143	0.000607992519442908	0.0136013332167722	0.00316953052112843	0.000239653601941838	6.29615744417258e-05	0.00260403420845784	9.9905862693623e-05	0.000492005303944609	0.00212676581883183	0.00274877851574432	0.0030099506859195	0.00230779463491648	0.00326396922594186	0.00116053967138039	0.00306559184942592	0.00879776782602003	0	0	0.0153872790982311	0.00193632140227181	0	0.0018935587394636	0	0.00418943793529234
G[T>C]A	0.00514755563013193	3.59779906483106e-06	0.00522433778849842	0.00383905923354191	0.0120115448307764	0.00554567922678473	0.000121414892724962	0.0043617607572003	0.00799977106519244	0.00382866768131694	0.000628665037987748	0.0480599530501006	0.000856649205792547	0.00425760734848445	0.00963007249457516	0.0133904574202935	8.8336038877942e-06	0.00033765241108269	0.00244428052619232	0.00150541541826796	0.106461781795837	0.00349462859305639	0.000149005564699745	0.000725985362830081	0.0133238319125591	0.075434371698949	0.00452940857740049	0.00344198996974004	0.0042617186091288	0
G[T>C]C	0.00499955400375299	0.000223535767629722	0.00745215145049866	0.00157156802831048	0.0110149374863617	0.00418567159488003	9.47458484417752e-05	0.0061651385079306	0.0133084085613114	0.00942990454372747	0.00156984768040955	0.0358672027241177	0.000672110803824865	0.01081914520256	0.0384603927751518	0.0128505866926463	0.0116781687990132	0.00226985360944857	0.00293444463393547	0.00148966174605708	0.0774843643558444	0	0.000498326441242086	0.00598787116629426	0.00481001255648616	0.0482990035677571	0.00290751767924753	0.010392650694913	0.00667049726879129	0.00672940751184368
G[T>C]G	0.00308804078597948	5.16579681671777e-07	0.00630536862431654	0.00358323951753068	0.014093428444448	0.00708637818300714	0.000246885048848602	0.00520990458396691	0.0112020005753821	0.00437918234164548	0.00161921485767397	0.0466169813483684	0.000694171915003967	0.00606759279792753	0.010309728691541	0.0166864066383531	0.00488823654923903	0.00507876602148404	0.00509764117167194	0.0225963065974812	0.0894660041309924	0.00165668619052183	0	0.000215225463443254	0.0138405348679371	0.046534722387518	0.00157977197886313	0.0105091117992446	0.00459764904099422	0.00697921925134179
G[T>C]T	0.00488930588569234	0.000446061998372915	0.00573581871773638	0.00151273373037912	0.0115660110070266	0.00191205542156229	0.00492473940748756	0.00648156104543648	0.0110933568239495	0.00742926166019701	0.0014481162121597	0.0340204469169493	0.000550367269468299	0.00470138401547071	0.0046492089993068	0.0118280772495664	0.00632346772078805	0.00304949237311235	0.0062140952570816	0.000914796188972792	0.0749948445115658	0.00129545318851721	0.000591632828776847	0.00242703404432386	0.0108032354166789	0.0427836669178136	0.00355809649844811	0.000384689191609723	0.0067642868784057	0.00554293454032736
G[T>G]A	4.53278037569948e-05	7.35535285627297e-05	0.0031608802487091	0	0.00119980278134165	0	0	0.000743059522299585	0.00632948919443797	0	0	0	1.50266611184046e-05	0	0	0	3.03668552466101e-05	0.000856074489577983	0	2.18202277285932e-06	0	0	0	0	0.00422514233393819	2.87675033309515e-05	0	0	0	0.00212371162747615
G[T>G]C	0.000144539690212736	5.6467691246123e-05	0.00535870010207642	0	0.000377038696250035	0.00113509738166238	0	0.000624505967036519	0.000823200529565651	0.00186730783044108	0	0.000523608798892228	0.000118432490737501	0.00161861227439875	0.00169564857926521	0.00415372499156244	0.0109777338088837	9.16684378542256e-07	0	0.0026932235452075	0.000699107046819649	0	0	0.000958039668359591	0	0.00295452006157007	7.51541465477577e-05	0	0	0.00190836382721389
G[T>G]G	0.000737240546945433	0.000114707752570048	0.0169467400356568	0.00153567407894172	0.00594445063821861	0.000616206798522363	0.00139901527680874	0.00629209587667099	0.00595851094435221	0.00072986372360758	0.0008522183461442	0.00125069949959037	1.16550218457102e-05	0.000887940409452813	0.00247701273757802	0.000901967926397461	0.00502335392018664	0.00838667381287688	0.0036533095063649	0.00225884050333015	0.000404823548104038	0.00210903022977655	0.000150493480072806	0.00226684668166992	0.00896927471008653	0.00085225572505773	0.00609577482765542	0.00538437015461041	0.00296614994547143	0.00296617261622393
G[T>G]T	0.000367004058909945	6.66683548697807e-05	0.00539812651820554	0.000126061144198261	0.00244172470572018	0.00159337951796857	0.000547193267498619	0.00414436034036547	0.0162878651780211	0.00179740201456379	0	0.00268803531195648	4.37413947800861e-05	0.00207735572776613	0.00939733733902438	0.00366503802099242	0.0492716228882971	0.00184734349109291	0.00156921597401051	0.0021727506527481	0.00059816426330262	0	0	0.00047246717585891	0.00211230074725112	0.00603565884029612	0.00218246822268154	0.0298492021544868	0.00372054009927002	0.00367377649938076
T[C>A]A	0.0063346894201591	0.0131577582542634	0.0100424148147721	0.0234673360014843	0.012305475678335	0.000873169806804688	0.000685956915008663	0.0232887356123589	0.0220517984527108	0.0252809956682951	0.000639317645995663	0.00625500310293154	0.0442308033308206	0.000308386872159933	0.00318071439576892	0.0114652688020027	0.00159733064144432	0.0483684825768171	0.00361169851395831	0.000474145845163877	8.43585446370823e-05	0.00379346253930235	0.00138845840368301	0.0203190156261266	0.00597230603379481	0.00232974802065596	0.0075839580123216	0.000825617092622145	0.0182644308362422	0
T[C>A]C	0.00787541203821748	0.00775230948245349	0.0195259733849751	0.0521996379072347	0.0136863187621036	0.00203227815779533	0.00187181187121991	0.0212632705525095	0.00582766875858104	0.00949937778904673	0.00242297846400117	0.0128013022462606	0.0217123404374142	0.0139691290328617	0.0047203790197599	0.0185920712843996	0.00153669766806768	0.0411901425099077	0.00608719517651911	0.00381422487038405	0.00057548558020051	0.00349989609497726	0.000636931100255344	0.0551246648965751	0.0120341118113135	0.00240961127183936	0.00916276131435578	0.00120396665212481	0.029287239601668	0
T[C>A]G	0.00307548476394173	0.00376571242109795	0.0030570256396961	0.0193300854196423	0.00849528617884227	0.00147670265565474	0.000358572860998414	0.0038163648252355	0	0.0054769004622038	0.00018566274385432	0.00470638853160949	0.00550387096218511	0	0.00364619935329043	0.00982505486071809	0.00497205355931751	0.0285747988027987	0.00333168859154278	0.00180245066110246	0	0.00125574470235774	0.000174141032617285	0.0216178757309474	0	0.000602251634449245	0.00404992120170288	0	0.0221881471950116	0.00323092833599619
T[C>A]T	0.00794857990118131	0.0108598364879677	0.0141742671385921	0.026504837672012	0.0153066124121132	0.00300089883626196	0.000898284206058232	0.0331002286493233	0.0322196252483327	0.209927662380771	0.000286225120317065	0.00467792491799092	0.0172376092083109	0.0320589395377247	0.00815063404239543	0.0148626974051963	0.00442027346638407	0.085619169195945	0.00620631965455194	0.00848599171615217	0.000339908983676274	0.00340065662805994	0.00014006754230762	0.0197173031341662	0.02135316610547	0.00264204316259329	0.010582403467382	0.00214168918461308	0.0281897099812452	0
T[C>G]A	0.000969514367261635	0.0323927713459447	0.0138240228673456	0.00227562046074999	0.00223308819159329	0	0.000137191383001733	0.00354760404882783	0.00327797004026782	0	7.10352939995178e-05	0.00227454658288419	0.257339294753848	0	0.000502218062489829	0.00469888065655846	0.000343780327454435	0.00130003041923909	0.000354088089603755	1.67383746558371e-05	0.000168717089274165	0.000211122249548519	0.000154585272260303	0.00660316123879412	0.00843467072049293	0.00365266142720373	0.00307506341206723	0.000554776068806984	0.000557177527749494	0
T[C>G]C	0.00145864901667785	2.30384912407994e-05	0.0236919455900308	0.0101876616733451	0.00900497085681644	0.000140157114330712	0.000935905935609954	0.00446622387048324	0.00338817951080292	0	0.00106611052416051	0.00349126424898017	0.0800423856302234	0	0.00197951378247995	0.00820615560139018	0.000783092379768419	0.00773551542718672	0.00106284360224937	0.000142859518548791	0.000345291348120305	0.000803120879820346	0.000151627448734646	0.00667998469851168	0.00383634414211627	0.00333011801634499	0.00454274536668284	0.000968823605218534	0.000411508845704415	0
T[C>G]G	0.000412088713743876	0.00369526126020726	0.00569382846103703	0.00576185238470108	0.00287157470670996	0	0.00053785929149762	5.77631177384754e-05	0	0	0.000556988231562959	0	0.022869585665057	0	0	0	3.12141205252959e-05	0.00285179861852342	0	0	0	0.000968591552613047	0	0.00268938519941252	0.00462887718940684	1.40797881429137e-08	3.58690711550796e-05	0	0.000254350343451553	0.0038011035255384
T[C>G]T	0.00164167856036143	0.0585984337595648	0.0283637161696256	0.00358173482054216	0.00557496273074163	5.17396351079647e-05	0.000483691495569819	0.00542182070002788	0.00490298645083323	6.80920085568509e-05	0.00057245024063413	0.00143201783203804	0.305469580912287	6.2129727786288e-05	0.00084316903886849	0.0159986997546381	0.0025154639861014	0.00259092207637461	0.00749038578997646	0.00047398738760088	0.000254931737757205	0.00024274244070223	0.000296405557223265	0.00397026732345755	0.0142213322386826	0.0070222869106864	0.00229921455970467	0.00133532241607877	0.00093712344621084	0
T[C>T]A	0.00749407943749629	0.365262858465187	0.00765270933401324	0.0024889598789453	0.00916001504373085	0.003800856806091	0.0824520211840417	0.00618623563104963	0.00496662127313307	0.00250106106878856	0.0214526587878545	0.0130786428515841	0.104541008638444	0.00567431844774277	0.0062498247776512	0.0161641494585611	0.0140956181856514	0.0107605081511297	0.0154382407067237	0.00737797033600516	0.00539894685677329	0.00188821525669194	0.00975914993968639	0.0171667107075419	0.00953544920142788	0.00982582136831251	0.0200949952820063	0.00811063766996829	0.0082014048773055	0.0628278596848441
T[C>T]C	0.0124745144529307	0.097279279483652	0.0159078495486839	0.00679177444889671	0.0234611525811608	0.00469526333007886	0.270196043610593	0.00477346181729547	0.0113842831562978	0.0194598904222219	0.154004511171914	0.0122840779130784	0.0188247407439006	0.0238148404596377	0.0118770826948797	0.0167969747465955	0.0200430585555801	0.00980120764564632	0.0318853080674811	0.00768395086422297	0.00989835197944877	0.00254317355849899	0.039794300545375	0.0106265440210197	0.00757376829952182	0.0128181613202419	0.011677351722048	0.00742830687956095	0	0.0910786210652465
T[C>T]G	0.102722090988388	0.108484960573075	0.00384123718723651	0.00204452826553909	0.0164022811770277	0.0524900671237274	0.177852139055213	0.0124634799716949	0.0122022376829424	0.378259480308979	0.0148530195083456	0.00247704659558394	0.0146458159065506	0.0151531985446552	0.0151681893096881	0.00884254937464629	0.0372332680840589	0.0217664246252404	0.016658442957714	0.0417058159870946	0.0277811491423966	0.00366695064213524	0.004822720050452	0.00905632660810105	0.0316852529313955	0.0235480976571933	0.0129055400777509	0.00533429370653862	0.0280983665969808	0.0292690574679095
T[C>T]T	0.00716857390871081	0.200359033373876	0.00894517875030295	0.00551587162363493	0.00988994108498533	0.00243176285007435	0.0583193746087039	0.0105954096474767	0.00960585100571409	0.0266920673542855	0.06826469119562	0.00859210699222823	0.0260310498996473	0.01422770766306	0.00427205646360036	0.0182707044535216	0.0174854500023374	0.00392078313734307	0.0190469810087973	0.00662003511595607	0.00543854373882038	0.00111501265721798	0.0164280480995956	0.00360047253832534	0.0107682294484164	0.0063478173650093	0.0128212584120665	0.00663830421618654	0.00920940912386316	0.0339151129455357
T[T>A]A	0.00169595013098732	4.11337912417434e-05	0.00359973778839245	0.00187408110397666	0.00449034502523606	6.01597192054468e-05	0.000401719445765358	0.00763859284050012	0.0125070681503666	0	0.000124801973611878	0.00316362111824681	0.000216868458763282	0	0.000261436260049419	0.00467809839948744	0.000358280896129593	0.00196916709234503	0.00161745399800557	0.000372983687973643	0.00133388644462069	0.022377084183412	0	0	0.0110048690953327	0.000319779148828072	0.0331345216247513	0.000126648884611644	0.000473759126726452	0.00332167469275357
T[T>A]C	0.0010783546386504	4.35777498845551e-06	0.00818298097351391	0.00341234001966316	0.00593888399203059	0.000428631803660446	0.00107332862967567	0.0108682636191009	0.002797688904195	0.000564101396959649	0	0.0130497484845711	0.000739333990880916	0.00102941496307034	0.00110598194178847	0.00852880685344154	0.00235555598080648	0.00193918379842689	0.00354590558732403	0.000508907781188363	0.00395991814364651	0.0249739708408757	0	0.00538741397239531	0.00305807333409949	0.00460084977102172	5.26255104488622e-05	0.0113006891616927	0.00119202729902049	0.00500639405877786
T[T>A]G	0.000496427868375708	5.10199978902115e-05	0.0049831085594092	0.00513547010232192	0.00524047281341578	0	0.000604106264946158	0.00634478089914298	0.0122471652242103	0	0	0.00308817440467754	0.000198294441085524	0	0.00029486116040334	0.00521412527193493	1.62940060742385e-05	0.00128065250378297	0.00324310611549899	5.88486642502716e-05	0	0.0575915427543712	0.000136680802923705	0.00637356189839209	0.00772598858242592	1.54171930854622e-05	0	0.00304598894386503	0.00145857588887799	0.00236951073929658
T[T>A]T	0.0013238696961613	0.000154556147377807	0.00815326091717754	0.00205790804422254	0.00548528826757005	0.000231212562999141	0.00220561873551511	0.0153204698195857	0.00887911006807627	0.0012171502783378	0.00036544983371425	0.00572895019758759	9.46902963512242e-05	0.000475960292997184	0.000107655115912313	0.00483479424916309	0.00218616372360477	0.00130699681923059	0.00387100595539	0.00102486207787586	0.000433992940329172	0.0141969696420771	0	0.000112414384239277	0.00804181802512341	0.000690691184967358	0.00132946186881582	0.0112857308562576	0	0
T[T>C]A	0.00244501262443262	5.19224149699604e-05	0.00460042871117193	0.00116609490914104	0.00832138733415828	0.00177471171656068	0.000923954725260321	0.00247274145920747	0.00907489596026604	0.0011875990542938	8.32013157412519e-05	0.0277510624407615	0.000421654731431226	0.000650166216503275	0.00222220821042006	0.0135389671326342	0.000875991977096403	0.000127654029334615	0.00215660533067409	0.00231331868518286	0.0192178454428685	0.00263393280455836	0	0.000636490200830098	0.00731716987838825	0.0146563863227725	0.00107973528588976	0.00618766863537643	0.00457317322754703	0
T[T>C]C	0.00262019602213744	0.000426753146364725	0.00984693546840493	0.00118690087640458	0.0123339318053575	0.00187526414101445	0.0012879943556108	0.00546489729624027	0.0141956807361006	0.00683972943813574	0.000666900906738269	0.0338107119827524	0.000127379066859613	0.00360295237074619	0.00576274801247676	0.0179399040710322	0.010113283629933	0.00470911257798498	0.00147746066138502	0.00807278255924389	0.0275434306435857	0.000890881599340859	0.000161254829871344	0.00158002714338202	0.00665015550131572	0.0332244734432	0.00389922768198748	0.032201207002205	0.00253911781126178	0.00705446435555062
T[T>C]G	0.00379150312846383	0.000147344864430661	0.00463943703475609	0.00225459663028767	0.00923987903387176	0.00479481830810825	0.0011478019033977	0.00129928605973719	0.00857301565694721	0.00386947842769969	0.000437913892825195	0.0267085353918057	3.02482206021472e-05	0.00184680608136585	0.00191659754262171	0.0136560423788772	0.00457356582331713	0.000978721553944657	0.00355494324198927	0.0144190421827623	0.0184988583485204	0.00146914720012515	0.000141396599482514	0.00027382533078895	0.00370893044751158	0.0146556907691294	0.00108766353760635	0.0146968096784408	0.00101332821793909	0.00390647660184503
T[T>C]T	0.00208076994115445	0.000327402061170604	0.00597098737353388	0.00100608837717547	0.00930661449546027	0.000957880618139297	0.00105869699304725	0.00554210345272411	0.0197384533168026	0.00430349562698007	0.000228406146071406	0.0226110693968616	0.000106121252765455	0.00103124730149389	0.00168659681595957	0.0105156774919297	0.00405815493658531	0.000629598544230476	0.001730567368292	0.00239003587203919	0.0148642582062741	0	0	0.000148795810583916	0.00941864741531329	0.0128975442568628	0.00105264343257461	0.0118323018565624	0.00165942544860205	0
T[T>G]A	0.000423234943434601	3.65414474746869e-05	0.00273900364074721	0	0.00253786895988685	0.00027071873642451	0	0.000879508687295295	0.029202549820856	0.00197933175715633	0	0.00105454037274894	0.000293944293796032	0	0	0.00374247871958995	6.83996026065778e-05	1.53362088521926e-05	0.00132714174195328	1.08580024121628e-07	0	0.000905654173853819	0	0	0.00104929312195809	4.34500495471849e-06	0.000745972169135508	0.0058512303751591	0	0.00374754485348939
T[T>G]C	0.000696796068851737	1.29578791295438e-05	0.00553777123929636	0.000222543914325858	0.00445859388972367	0.00101800053369356	0.000715552419783782	0.0022914946058879	0.00839306671258499	0.00648716606503596	0	0.00266926673548045	0.000225443258695807	0.000965076527878441	0.000232838303534416	0.0067642261251433	0.00877922629769293	0.00243236148182443	0.00132971459524651	0.00027107553404804	0.00158396725745861	0	0	0	0.000519883270026088	0.00246512853018522	0.000313232681256284	0.0334294175323886	0	0.0033376474485078
T[T>G]G	0.000924974680443947	0.000158268878160558	0.00840643986556615	0.00187883052523973	0.0044416947370109	0.000497575484803686	0.000604106264946158	0.00457534505455853	0.00769821814093218	0.00130966962168297	0.00018767738263937	0.000918105904093322	3.87396572939049e-07	0.00010863565184505	0.00044229174060501	0.0040554307670605	0.0034868121140901	0.000479180972921214	0.000686041678278628	0.000312689637591674	0.000222877811427957	0.00212138723949908	0.000146112396631672	0.000774071659062133	0.0071480855537334	0.00104817818708847	0.00222001158549313	0.0119000524761489	0.000211539156078907	0.00537938051891959
T[T>G]T	0.00134019945701845	1.31995575139598e-05	0.00720496471331189	0.000503044188587731	0.00716131465755105	0.00237818636227688	0.000617573245944228	0.00400223741865559	0.0348137768856228	0.0275162902209938	0.000137043687642844	0.00195028091832769	0.000396007492007839	0.00099158394374413	0.00118420627503545	0.00985089328266977	0.0326761696625858	0.000986012198571168	0.000592036204942	0.000272732301399529	0.000162747352623439	0	0	2.88809555773581e-05	0.00435631013457923	0.00143560722716148	9.6146861337382e-05	0.159889131401776	0.00266613199354135	0
