Type	DBS1	DBS2	DBS3	DBS4	DBS5	DBS6	DBS7	DBS8	DBS9	DBS10	DBS11	DBS12	DBS13	DBS14	DBS15	DBS16	DBS17	DBS18	DBS19	DBS20
AC>CA	3.66682102619546e-05	0.000268366676780923	0.00561087286827005	0.00343977498206836	0.00196048636408	0.00232627342321618	0.0576135646522656	0.201964209184847	0.0210921089925497	0.0058015903758414	0.00110185744988601	0.0026263965253998	0.00194296799121602	0.0257884255139058	0.0135031390213008	0.0550936667225643	0.0181228415820096	0.00876338694035254	0.00467776748270025	0.00560289657171884
AC>CG	1.94776811049417e-05	2.27417835643146e-05	4.11048229898742e-05	4.11923538428754e-05	0.000423245579175803	0.000127682378807287	0.00784498471766113	0.000914005440969439	0.00177482422176315	1.06628975310615e-05	0.000156029585315673	0.00125296338460157	4.64302707586372e-05	0.00060924588042282	1.07170923316623e-05	0.00416456351732331	0.00156146700991993	0.00229916984604058	0.000573022527689996	0.00212614597820657
AC>CT	0.00316592810948051	9.04125790933716e-05	0.00266847825784417	6.90968516074039e-18	0.00185055256639685	0.000209889752158424	0.0170706855903489	0.29871915584068	0.0244359800559083	0.00813307087369412	0.000608031739035153	0.000241959746972138	0.00257250566450784	0.0019086096030676	0.0131890585113175	0.0135043747298011	0.0126756560853498	0.0171125323242076	0.0151468087442234	0.00264180748406184
AC>GA	9.37230600804149e-05	0.000170061192237249	0.00516907204295207	0.00365579981078907	0.000511192617322325	0.00750354290134221	0.0122130711335405	0.00108966779685569	0.0216922908023447	0.00322310596516419	0.000355489779325253	0.0037841679719509	0.00249037457254976	0.00102028831769605	0.0141643862320893	0.00825945269872445	0.0167909250564998	0.00623092628339194	0.00314009232184382	0.00176617183957349
AC>GG	4.21278632989459e-05	2.99158477801868e-18	0.000397620654388717	5.82174194432574e-18	1.01697237626718e-17	9.09517596146817e-05	0.00318820218104869	0.000760888428586369	0.00611328238223209	0.000355445580715373	0.00180961968809101	0.00391687846522237	0.00132016496108084	0.000343707778014605	0.00151717171074417	0.00342964191924115	0.00705565220556741	0.00423356371652539	0.000726426192728348	0.00293443959768829
AC>GT	0.00218441677138255	0.000200916125023293	0.00892438038411696	9.30149925484284e-09	0.000753046972225261	0.000115438839076418	0.0056483884944196	0.000141844340631481	0.0103745743467712	0.0172903064285872	0.00459241205154883	0.00104313479324923	0.00400241465604764	0.0041607161307992	0.0809029030706422	0.00348562263882598	0.0267216613614577	0.010374428481572	0.0110951893973015	0.000352356816803317
AC>TA	0.000885574167373751	0.00106198605215903	0.000892437861616759	0.00105519695609158	0.00135585047682266	0.00883284262485945	0.00680317046586974	0.0116481684319725	0.0353249957088786	6.3257488997125e-05	0.0002123286714615	0.00371930203923442	0.00232594289560637	0.00206454923841941	0.00222299679778249	0.0055419187776706	0.00757895780786154	0.0194718201523304	0.00580933119183841	0.0103915303945689
AC>TG	0.00012693250636434	4.56270484129467e-06	9.81211903629256e-18	4.40990723600138e-05	0.0010260490837732	0.000392667622579023	0.00125268707733952	0.00241417665718582	0.0153475106900111	4.6145646942334e-06	0.0001922220273373	0.000834525912075628	0.00386271543770078	9.99936441836522e-05	0.000322310888370666	0.00106372428733301	0.00770346676471829	0.011780733895069	0.000947788174404315	0.000145441846632469
AC>TT	0.0195564306976727	0.0020952701082032	1.57347494455863e-06	0.000133768847140718	0.00684338028006325	0.00278103309564078	0.00148113274299507	0.000251751010804374	0.0380686849624421	0.00042773942355238	0.0022680564827015	0.00174704678372347	0.0141902979308792	0.000986864827677714	0.00604980384907329	0.00407542542162068	0.015282830526793	0.0142983484258625	0.0622745121931011	0.00279608052398524
AT>CA	0.000248595633665759	1.89521891203308e-05	0.00434742078340952	0.000531897009207092	6.91474330214891e-05	6.96762068934204e-05	0.00973727306459497	1.82573407706777e-05	0.0076101101693527	0.00148627036952996	0.0053286278634053	0.000707748194864197	0.00265145285164838	0.00211540462506523	0.00070460273673582	0.00535543617821879	0.00620632841749114	0.00270561664414473	0.00281532369893791	0.00174191922430429
AT>CC	0.000153180405139122	2.0907573712111e-18	0.00560718478850168	4.06289215695757e-18	1.36385469470393e-05	3.90471271003435e-05	0.00549147098129951	9.38801656772521e-05	0.00106661388135924	0.000488406010213504	0.00106797364238616	0.00126774237834954	0.000635139811196763	0.000334717609639771	0.0060975790499484	0.00142353791364715	0.0043112380898676	0.00107908281896825	0.00133395967590332	0.000960783524254802
AT>CG	2.0521954397316e-06	2.0907573712111e-18	0.00901595801509174	5.49070854354552e-18	6.7232273682588e-18	1.11214039628521e-06	0.000973727745265353	0.000174630150993779	5.52665829654145e-18	0.00109049288213967	9.78105942907631e-06	0.000492794852423473	1.468088477701e-06	3.95072373089294e-08	1.82681865339622e-07	0.00248533646927448	0.000866114920896294	0.000440710756646156	0.000194037284222886	0.001209085427713
AT>GA	0.00109340715215402	8.42500013498388e-05	0.0011177318130589	0.000188138025459573	0.000710682270652322	0.000990139816945029	0.0126321384804103	0.000106353607161334	0.00381703930152263	3.39343342297387e-05	0.00629542487794545	0.00233062153364421	0.00134439099703908	0.00380037925573333	0.00477402579585989	0.00323594388369792	0.00869004758847472	0.0015666044575058	0.00663821494394049	0.00658349112915447
AT>GC	8.97417847016701e-05	2.93307688767024e-06	0.00324203986434995	1.02152717089219e-05	6.7232273682588e-18	1.05103378110471e-05	0.00814948391579369	0.000148370447011205	0.00108459050633899	0.00171784230812026	0.00234954257537941	0.00146665746640574	0.000189212661701773	0.000427034360911259	0.0089460180240371	0.00102845270781094	0.00668210671031474	0.000293438533202383	0.00152387389825244	0.000286812319980507
AT>TA	0.00120687396614537	0.000229680978292492	0.00145119853753912	0.00263045103826868	0.000507721482859326	0.00134463395719479	0.0298258823525443	0.000206799191388387	0.0055128356565937	0.00123364651307173	0.00215843135460245	0.000979365292337663	0.00662674598197161	0.00839431426007926	0.00751431832354664	0.00445564101095469	0.00766624505404805	0.0047464711826648	0.00799968970716342	0.00228154760327714
CC>AA	1.09482769158995e-05	0.727281131967201	0.0112441641198694	8.13840984678603e-18	1.34673473235854e-17	1.01594590101253e-17	1.5891873608735e-17	0.0501034367498938	1.08303500150761e-17	0.0115544146820932	8.27614804121358e-18	0.0119205440832824	6.47467444377289e-07	0.00479372861258142	0.0207707662215335	0.0466323532710006	0.000431604073422459	0.0126098223740923	0.026864125096543	0.000590807716268893
CC>AG	1.27041326476947e-05	0.0729290194552615	1.3736288139351e-17	0.00631591294777642	0.031164697376589	0.0754165039845583	0.000145909901496129	0.0203832882411871	0.0316880432289219	6.01309524852169e-05	0.001094404036774	0.0143596463544411	0.0147410339256723	0.000198982179975775	1.09047562823109e-05	0.0145824796854843	0.00148642259310848	0.0566098266183408	0.00820559370785148	0.00619682398855488
CC>AT	0.0193193232486584	0.100453194551452	0.00728582251687635	0.0182614802219288	0.00311646986591935	0.000536240727178535	0.00149712524483192	0.0378734630158704	0.0234059412942501	0.00885557308104009	0.0388445771322008	0.0108442943349188	0.0546263032402856	0.000870033414947547	0.0356335123561634	0.0250857663017565	0.00089527834540075	0.117932413525465	0.110172958462329	0.00863672765151441
CC>GA	0.000138437863032611	0.0177802152297216	0.000785483030924915	0.00412918849185376	8.67040646737499e-05	0.0434624337081503	0.000530670795840179	0.00106387566573553	0.0132033517456188	0.00285908510764237	0.00107301103859236	0.00916177821342288	1.31260456559918e-05	0	1.08925585683486e-05	0.00406233908082957	0.000917285576062649	0.0189909355535723	0.00503466059089953	0.00132783628885206
CC>GG	0.000101426489918994	0.000452039131934086	8.97189991083738e-05	8.48719884021972e-05	1.52629936333968e-05	0.0221597201905449	0.00360223946969201	7.36690407477445e-05	0.00367293190131014	6.24923363135284e-18	0.00388445793842138	0.0157253517568633	0.000971120390900358	0.00325955443690002	7.20884895172901e-07	0.000239189958951102	0.0040413753570194	0.00619581656458703	0.00139531661985367	0.00418666527754152
CC>GT	0.00714918247897357	0.00110498532586506	1.41075391701443e-17	9.2894135251172e-05	3.18085917738017e-05	0.00421157068380489	0.0002864211366369	0.000301147198909516	0.0214854536802907	0.000910859114148683	0.0782521192482891	0.00537919071241593	0.0296024261172913	0.000759815334878875	0.000633844447880604	0.00370334612741196	0.0115873911737341	0.0226056034897763	0.0157447982473856	0.00648161089358665
CC>TA	0.0107444365254265	0.0160725107265046	0.0257292210382068	0.000197735456157426	0.00162877176782259	0.00271793191626109	1.5891873608735e-17	0.000941575849464185	0.00082460988254477	0.0201569713893893	0.0662046701695049	0.00786544003735664	0.0521975632459224	0	0.0629693260876378	0.00964061639398609	0.000356142837430124	0.0269426150684458	0.0473318658467665	0.0155036980851774
CC>TG	0.00263445288858352	0.000238073909341306	3.58875996433495e-05	9.64982881833201e-06	0.00616881463690632	0.00841089860748697	0.000414697035459443	0.00553636391060723	0.0186047222593516	6.24923363135284e-18	0.0363675316534982	0.0210155825121268	0.0120465874278781	0.000854548230144511	3.46415076529787e-05	0.000571746594074791	0.0387521121207153	0.0214734419452704	0.00731093693538061	0.00310833518172216
CC>TT	0.886416008183403	4.18801182009384e-18	1.3736288139351e-17	8.13840984678603e-18	1.34673473235854e-17	1.01594590101253e-17	1.5891873608735e-17	0.00575992313890494	1.08303500150761e-17	0.0173737912782053	0.373808683992945	0.00102790423788376	0.000125833341529075	0.00975765119524342	0.10576395286171	0.0221137504133541	0.00100768693892575	0.0380794294807452	0.101581010933435	0.00913577121805882
CG>AT	1.24725287149192e-06	0.00231344263374985	0.000703523326964391	0.000675509478102212	0.00421209236078614	0.0184864837238928	0.00021862285634117	0.000848001007022448	0.000526420232643734	1.25148040310126e-17	0.00410374154778461	0.0437634976309299	0.001043340290961	2.33551491794741e-08	0.000452877538918252	0.000355005537242351	0.00615894079278936	0.00196735762394259	0.000663692333645687	0.00455861253223548
CG>GC	1.12107969543718e-05	0.000742313389761231	2.75084857309593e-17	1.1874326468553e-05	0.00025480135071566	0.0014465560547524	0.000658047756593159	2.97695810919197e-17	2.88545624419318e-05	3.20892411051605e-05	0.000374298004795503	0.125003076178894	0.00295897219946753	0.00438783414578985	6.74193900373453e-06	0.000514491831529827	0.00572818661077219	7.66359861302232e-05	0.000118624269012177	0.000471284543346993
CG>GT	3.516301627755e-06	0.00257496330267044	2.75084857309593e-17	1.62980951529159e-17	0.0166428973257	0.00789475835970316	7.28742854470567e-05	0.00318658338065073	0.000239011958894002	1.72268557511914e-05	0.00266066848898608	0.140245144673271	0.00597401532382569	0.000579697287405495	0.000557350723429383	0.00396606096854628	0.0116785875053212	0.00383845616530639	0.000239861407385857	0.000756459304455403
CG>TA	0.000736543154664061	8.38697195526239e-18	0.242517613095792	1.62980951529159e-17	2.69699010334116e-17	2.03454769133507e-17	3.18252918087629e-17	0.00133257075291282	2.16890127688521e-17	0.604655063805919	1.66415803179175e-17	0.0444287837953211	0.00165698631641389	2.27386312663513e-07	0.000212517642509023	0.00480830758332665	0.0143442072224653	0.00060624301028059	0.00495149979342828	0.00159602953666103
CG>TC	2.60620002998311e-05	0.00432513327962921	0.00178853730793608	1.62980951529159e-17	7.65431476948253e-05	0.0218454337168449	0.000171448198129066	0.00238335266221909	0.000319698933669124	0.00447579890481066	0.0015445393446475	0.174139481093952	0.00559662847765637	0.000719088360986592	0.0015077784753602	0.00329551923492242	0.0138264913068504	0.00287319498000182	0.000775773977776664	0.00398595263862365
CG>TT	0.000256549366761005	0.0111849965317147	0.0177615055898288	0.000840893234516772	0.00570173246309358	0.0458484415275314	0.00011019155239096	0.000866434437013612	0.000199336935536345	0.0131233798663868	0.00157610648324784	0.160483138405483	0.00415307513593323	0.000385983732526364	0.00652970716081371	0.0097572422783466	0.030223256911191	0.0060582175035683	0.00425040423487269	0.00122100006102777
CT>AA	2.19096083052878e-05	0.00246935578331387	9.75702075852073e-05	6.23238814837261e-18	0.457675313070249	0.00420028336376874	1.21699848740881e-17	0.0207455373962836	8.29387390748618e-18	0.00253825251797794	0.00379383913444525	0.00448829435726803	0.0596251283825981	0.000295882502314609	0.00350037822239898	0.0639441328293753	0.00976610581911821	0.0241514670004493	0.0101401211726986	0.0114696838002336
CT>AC	0.000331497119422536	3.2071763064507e-18	0.0275658395931611	6.23238814837261e-18	0.205266395896284	0.00182824900240785	1.35969963748108e-17	0.0140989090665886	8.29387390748618e-18	0.00839625557415604	0.00202625518823666	0.00442230739896515	0.025030125983164	0.012447269413831	0.0713945525862896	0.0867537702152935	0.0136932403048264	0.0237971952426566	0.00667385587845186	0.00680330423314188
CT>AG	2.25423767761986e-18	0.000451561194663924	0.107989887339549	0.000323338968161063	0.0262230275650705	0.0370337520614305	0.00169552525437993	0.020544124294484	0.000534969579004313	0.0171154449244075	0.000427668982011108	0.00235642480488558	0.0128435852164167	0	2.7462540562521e-06	0.0346346594491632	0.00762321670088232	0.00661377632818965	0.00264420083856519	0.000680868871930226
CT>GA	7.05536845065585e-05	1.39208372054575e-05	1.63000822718763e-05	0.000599468486439368	0.0158123876583039	0.00688171473404042	0.00251637457928999	0.00560935120802507	0.00261050600736343	4.78565842144654e-18	0.0100019394578743	0.00109967589851225	0.00105746831893264	0.00028059717197231	0.000263348016094213	0.00116509415106217	0.00517770395029756	0.00331950640267428	0.0031737819838479	0.00373567531291715
CT>GC	0.000199372689814587	0.000103081876738843	2.5492570529853e-05	6.42826320446433e-05	0.00476335937197184	0.00167823824620606	0.0209922115373787	0.00023867466163468	0.00285868869031726	4.78565842144654e-18	0.00526826262712035	0.000495502250970075	0.00375051383723115	0.00609954298112216	0.000310612542962342	0.0092626476662883	0.0104061951850575	0.00111446500164956	0.00336155125533561	0.000756657603961528
CT>GG	8.54237435729631e-06	6.90658111077394e-05	5.6765984191011e-05	0.000824825409496374	0.000559817849634406	0.00638480685762339	0.00538261872262557	0.000308161673006862	0.00955960090110979	4.78565842144654e-18	0.00346618946940634	0.00635208607886304	0.00256129196363273	0.000131330138215909	0.000226284795535039	0.00429536232210628	0.00726839791818786	0.00180682673773013	0.00100889651443956	0.000600710468203359
CT>TA	0.0061789722540355	0.00260013166591427	0.000174299054163257	6.23238814837261e-18	0.00328033362122266	8.28628165603665e-05	1.21699848740881e-17	0.0109770074998291	8.29387390748618e-18	0.00260283953153216	0.0359552483173188	0.00589983853551464	0.0300453660803968	0.00192663392965562	0.00319668455827836	0.0185844882776088	0.000855569758130246	0.00866607465427106	0.0713361827234996	0.0215940340339556
CT>TC	0.00830719725451583	2.95337098723518e-05	0.00600575299324319	6.23238814837261e-18	0.000232765919306261	7.78010607976292e-18	0.085045367470813	0.0179257559859351	2.75849464772268e-05	0.00177613092474091	0.00257808602150325	0.00505872521177819	0.00822612746093096	0.0382614367866353	0.062134547273515	0.0971200168437864	0.0175706314465972	0.00575265355770107	0.0457283745993022	0.000787901950484199
CT>TG	0.00177220177512528	0.000300015576774391	0.049448000655904	2.74225078528395e-05	0.000858386452703026	0.0105007098154651	1.21699848740881e-17	0.000972825211172567	8.69845312248551e-18	0.0295160688595735	0.00127610944865022	0.00176968335584957	0.00378250309306886	0.000515518637162369	6.74420213814291e-06	0.00676857282129178	0.0229242501618031	0.00236267814460675	0.0135169136252399	0.00716931796311724
GC>AA	0.00171022870554161	0.00534655651648908	2.80057286994267e-05	0.39972092486205	0.000178712608894883	1.06443046307868e-17	1.66502905003845e-17	0.0177737454661255	1.13472129474238e-17	0.00360524073548646	0.00117966336179764	0.0202324378204868	4.21830489601795e-08	0.000395708277302347	0.0559899741218066	0.0223756877810996	0.161599429819882	0.0433752610482249	0.0180317929158365	0.0166335213430331
GC>AG	0.000115819043299111	0.00034205355761499	0.000676519866703096	0.0137708733932593	0.00357425083408269	0.00469476032865237	0.000134454779483193	0.0117389396288721	0.155940846460243	6.54746934997052e-18	0.00388109212998604	0.00785350931521165	0.0224392054543832	0.000905276199697516	0.00501491613220839	0.0107937843701761	0.0242586526009457	0.0526660840957341	0.00541891819856617	0.0158677875056282
GC>AT	5.27006027326442e-05	0.00100300593174287	0.00517109962384445	0.0112604313104478	0.00210961346136298	0.0024115159470657	0.000644368084211175	0.00759173193995287	0.158456021626344	0.00684818993413942	0.0320868382500241	0.00530642364794705	0.022972420350882	4.68644098282403e-07	0.185330957871553	0.00580941033865584	0.0593513451974055	0.0631178251509121	0.00536580221748708	0.0274922279315675
GC>CA	6.23317190431275e-05	0.00111561973325293	0.00030715542263399	0.0145020699626656	0.00615416056391562	0.0111468504662257	0.00123350288174917	0.00665482160830529	0.034457896630579	9.27823237643258e-05	0.00248908907992636	0.00401313325905416	0.0137514200693132	0.000296590999187882	0.0015225713379083	0.00537532519580869	0.0145641453317196	0.0291627210132409	0.00142580101794202	0.0162827594149964
GC>CG	5.57306168527963e-06	7.03954637459827e-05	1.43918328038721e-17	1.19740687546153e-06	0.000434015951940439	1.15933149231702e-17	0.0048787800821698	0.000333430023582206	0.00314396927212863	6.54746934997052e-18	0.00476583965133427	0.000771356971784721	0.00114366179846838	0.00108605328892929	0.000449409195535404	0.00179329280051671	0.000474457220178795	0.00240977691600451	0.00025181152570048	0.00160477583970833
GC>TA	8.94936313344903e-07	0.000774619476971415	0.00548214343445852	0.0215703054971181	0.000298302734419417	0.00106337629218633	1.14931208763716e-05	0.011794050947328	0.0176062249047062	0.00248302127728446	0.000286657635358881	0.000586802894202522	4.48277542241405e-05	1.20291643040908e-05	0.00217315170887648	0.000952946231890872	0.0112350579160591	0.0236890169251211	0.00125150361081033	0.000513140820027658
TA>AT	0.000226769973027627	0.00120071693983928	0.000779606716058463	0.0153693004651805	0.0010424190373469	0.00456048144178034	0.0426183903995333	0.00554444999904366	0.0080866265698498	0.0038124567269929	0.00109134074240836	0.00259084565867291	0.00342641093663605	0.00823614969967476	0.0134228784229203	0.00498629591638349	0.00466482927172483	0.0053981116296122	0.00558575203288399	0.109065189325381
TA>CG	3.38946424739588e-06	8.25045396318395e-06	0.00179578342693304	0.000196666617517773	4.39859485853742e-06	0.000137825743155214	0.00232949997950276	1.19505383904042e-05	0.000704319079924153	0.00150665348697265	0.000285803938177304	0.000172581414981804	0.000134246140791194	0.000115494845212079	0.00812817862689606	0.000741561438868345	0.00387912442873309	0.000994769732542493	0.000331890554655446	0.00436608845774169
TA>CT	0.00031523274520635	0.000122254702988113	0.00018495494815421	0.00440856238083821	0.00126539657724356	0.0138889815181438	0.0222257196628668	0.00234353031175522	0.00740839318848157	0.000593863359358107	0.00165413996871961	0.000998068297556495	0.00898849319301701	0.0025787402210618	0.00135944825678625	0.00643861674431932	0.00900827964257927	0.00575555296485135	0.00528807160889236	0.079221529215772
TA>GC	9.02360680432545e-06	3.58829267605143e-05	0.00106994276548364	3.5475034495401e-05	2.91009697865214e-05	0.000140486428649931	0.00115329305668767	0.00045098644443738	0.000302074403778486	2.71625762642576e-18	0.000499178044155726	0.000568643103001925	6.95453521487674e-05	6.43868216339404e-05	4.2255278034212e-05	0.00053365634773656	0.000373353206361337	0.000135548866370061	0.000143971319402254	0.0019424255649
TA>GG	3.15601770320437e-05	3.44423713066251e-05	0.00293562184825388	0.00112236338624142	0.000908632624906874	0.000116007696473986	0.00329185026460473	0.000124035724366586	0.00169558293152915	0.00314894243708964	0.000183521210209768	0.000815445052188499	0.00032555839801128	0.000282029234130877	0.00123194070205664	0.000553770495938668	0.00313139906855925	0.00193399080044405	0.000651688130956089	0.0066441881890655
TA>GT	0.000516407100406026	0.000567611588729049	0.0001946326013138	0.00407488683415481	0.00106471695858352	3.32519183002937e-05	0.0200871624549497	8.74539255817591e-05	0.00405896454749103	0.00132336218186055	0.00130667254369589	0.000487459128858604	0.0033723603977855	0.00280688839038451	0.000436240945565298	0.00346479987310754	0.00659273321533222	0.00363200295973936	0.00437677801519783	0.0380699269411767
TC>AA	8.62279229124879e-06	0.0011156123298535	0.00520136325811037	0.33764245986886	0.03968437214004	0.0429469848762025	0.0263788727981191	0.0390801105714384	0.00339234023855191	0.00488349457310836	0.000187133759470678	0.0123602331487126	0.0658394564153269	0.00087810640403048	0.000454862479588089	0.0757180618518674	0.0545576252446096	0.0033451601315911	0.0130299768331004	0.215158022149028
TC>AG	2.44444295228979e-06	0.000153877297488431	5.81964245126227e-06	0.00166594036187273	0.0146360685093013	0.00776421478384218	5.38577469923596e-06	0.0116837439717632	0.0429328666501812	0.000175056641887395	0.0408762604908151	0.00433231987942046	0.0649769055631417	7.94759315026536e-09	0.00010745478883265	0.0102416904882879	0.000218179498587922	0.010786996260512	0.00281739362406783	0.00954735766085272
TC>AT	0.00194655580565633	3.20766804234489e-18	0.00106111607071283	0.00749227701386114	0.000734750480842657	0.000556997566691279	0.00308202168963085	0.0186335578651696	0.0476214668453057	0.00199603147101258	0.0729563640974939	0.0106262616222585	0.152650525845232	0.00276418815482192	0.00762756632834267	0.0265039309270429	0.00123078070474662	0.0669625009250601	0.0898288100225886	0.0286074684739294
TC>CA	3.49658182819446e-06	0.00052472218443101	0.0620563345944556	0.0753682111142371	0.00140466957461418	0.0110649433619343	0.00364728298030181	0.01772706044462	0.0448634670551051	0.0162783143824454	0.000243188075808472	0.0132174086637846	0.0362581661737949	0.00658733414879996	0.0191554543049389	0.0146324208335392	0.00501771195300282	0.0171193430724165	0.00452517109226263	0.0180548725249782
TC>CG	2.61057014322211e-05	2.99228505628816e-06	0.000109901199001028	0.000356350465258564	1.04131025525273e-17	0.000808303522711004	0.00219375260070424	0.0109786905343999	0.00716160655718345	0.000543902094771797	0.00279407343421966	0.0038054906715658	0.00698609417237784	0.00105272736997096	3.1764270116939e-06	0.000270305433851697	0.00154000427345736	0.00199552205703153	0.000634739198549187	0.000564932335311852
TC>CT	0.00150343762954581	0.00257744896366844	0.0183800440583912	7.37315514392536e-06	0.00103140110756902	0.00880506945708239	0.0123684612185562	0.00882324122415719	0.0472537334786364	0.0169242796695162	0.0173336045906867	0.00346742728104701	0.0314186532946171	0.0413972123748965	0.0448665690897732	0.00788524592277114	0.0194245214065687	0.0232232624272925	0.0181827370330465	0.0217642179281744
TC>GA	5.07874555135938e-05	0.000680907925994999	0.0737096615169989	0.0324279297385916	2.4166256867186e-05	0.00688276986348294	1.21718508202733e-17	0.00967937790080465	0.0159044664990812	0.0282932607123455	0.000202656586102531	0.00696049443907814	0.0111983254624338	0	2.19547161102373e-06	0.0041909017165068	0.00583884593746379	0.00173021032430568	0.00320184566564542	0.00840887171513242
TC>GG	0.000325216917623995	7.59225025849978e-06	0.000167693850275176	9.26096781362605e-06	3.41864121535802e-05	0.00141593765796781	0.000950177222650655	0.00192378908223061	0.0034291129314714	4.78639217593905e-18	0.00632115994211735	0.000949510374999472	0.0148717513859308	0.000131350274228644	1.07437972454353e-09	0.00233896509759925	0.000265922006323575	0.0016736992192461	0.00119947545995889	0.00114364438178918
TC>GT	0.00403554352724501	6.59225782323638e-05	0.0411182430009995	6.23334372070984e-18	3.79194111818447e-05	7.78129895382236e-18	1.21718508202733e-17	0.000277992676645567	8.41469864986269e-18	0.0296497869108826	0.0131079995086273	0.000761630727243713	0.0322017335017737	0.000726623614169008	0.000137983055144744	0.00445555931080544	0.000364511180679155	0.00739331429578935	0.025879622478616	0.00649039918965465
TG>AA	0.00104433612156564	0.00219394084545741	6.09947417749726e-05	0.00654832713248562	0.0170332949814435	0.0230353806471696	0.0293019562088218	0.00839321118819806	0.0139932339389672	0.000883660374480554	0.00650492921618314	0.00150759296169757	0.0179182256208406	0.000550852010688498	0.00320209533153813	0.00721623220223709	0.00745068553649441	0.00881093575202664	0.00885298904900894	0.0262466916661119
TG>AC	0.000180662372607799	0.00016306352143782	7.34128329147874e-05	0.000101271692001259	0.00138158988245937	0.0091238176700999	0.00339695247070091	0.00373570679798341	0.00643865887652048	0.000128815256278138	0.00071944688314514	0.000494018142013885	0.00411946331933	3.71461495849419e-05	0.000143135998379118	0.000804039697122027	0.00209788915809915	0.00395950602368889	0.00185191360969951	0.00444504625791609
TG>AT	0.0018371174555775	0.00317973236920164	0.000874376059053094	6.00494560925018e-18	0.0193044006004201	0.199639963200391	0.00167254574603112	0.00797597649877401	0.000660693299983805	0.00155573937723975	0.008723085232199	0.0104937673987379	0.0172466283093335	0.00135945019656897	0.00167726107332413	0.00900712305516226	0.00822664893414506	0.0236495819311938	0.0150245425541685	0.0561891738858761
TG>CA	0.000212678769029068	0.000106731920874582	0.0145120890189812	0.000690020579314583	0.000450435632306077	0.0102981703948081	0.0309874665509585	0.00490978632694755	0.0201927681083483	0.0181710387637063	0.0466061986441505	0.00836922737595591	0.0266691868662008	0.00791910879466033	0.0709323743034859	0.00548737620899915	0.131532456337877	0.0137995903803205	0.00675193890657898	0.00280465319224486
TG>CC	7.85156567969757e-05	4.40177469968075e-05	0.000441751678020429	0.000102988248596132	0.000478824925729721	0.00712741740588789	0.00136137468576638	0.00121289228394745	0.0104506427319088	0.000118236063238296	0.0026003105316161	0.0122236821803084	0.00484860866024182	0.00057928351323772	0.000174938797953587	0.00243916253410008	0.0156278393873527	0.00331690285134839	0.00180308654604343	0.000150831221701528
TG>CT	0.00141023496431095	0.00227547297669608	0.00554014965613595	7.04294335027771e-05	0.000310384750051099	0.248420769383004	1.17258578083553e-17	0.0189211122525748	0.000857306948076208	0.00269454118880105	0.00463569714118431	0.00979883001215752	0.0153702176127149	0.000570281584829312	0.00331050619362616	0.00990990100868249	0.00337576566808086	0.00927289090955367	0.0161859188938484	0.0139424898142758
TG>GA	0.000310251387310186	0.00108955854553237	0.000477347771034733	0.00673713892157853	0.00309438187904211	0.00672091121453953	0.0106965103850329	0.000262955298754517	0.00547330328201392	1.25698311513914e-05	0.00607292925412143	0.00123215560225028	0.00568544376379747	0.00473130640882648	0.00491780038787742	0.00119651885660984	0.00900626427511229	0.00067629885705771	0.0031612200003568	0.022030077867054
TG>GC	6.77502949668155e-05	0.000201605727482449	0.000454529528565324	0.000518373498321031	0.000276318165766449	0.00505875033768978	0.00503060183419894	0.00343490940285068	0.0034628829713453	4.61101231840645e-18	0.00508431280595096	0.00104640762687456	0.00204351193625017	0.00407033744369753	0.000584864248309738	0.00141475350138943	0.00675660122035027	0.000728666332090942	0.00131405730371044	0.000597239643038561
TG>GT	0.00144834964937479	0.0047436569836153	0.00940091319032082	2.77085347398258e-05	0.0782585264412933	0.0247517425301633	0.0112929220162431	0.00762666364524144	0.00295806325921972	0.00135038193874493	0.00435323518016037	0.00298056576748549	0.0178446087318433	0.0435860813326283	0.0052037915811076	0.029170064794235	0.00292595397522193	0.00272012461764193	0.00920078572812765	0.00604317621280855
TT>AA	0.00287355958859163	0.0021935045393352	0.00201797953975781	1.06025800039368e-05	0.00319682818960134	0.000119712523280469	0.209210773325707	0.00238519062642889	0.000207369046317221	0.00619573595108351	0.00272099181514962	0.00158024046036799	0.00843129942394838	0.177879010302325	0.0051061689466532	0.0231613908046244	0.000131455681421798	0.0163972269576772	0.0349662696845989	0.0494942303808279
TT>AC	0.000376860231021526	0.000175582148719811	0.00152288522540796	3.88761266811015e-07	0.000627670122353612	7.93947152057263e-05	0.0356103444337647	7.53135237156855e-18	0.00405007678801215	3.16609759229247e-18	0.00059325599696766	0.000151366987556142	0.000941565336025313	0.0113965107688555	0.00230112045307814	0.00598148016696445	0.0074318348240137	0.010517679505676	0.00636267249471429	0.00833021497969388
TT>AG	0.0002187881743272	0.000109421017447324	0.0143514679645914	4.12322555708652e-18	0.000580237464461572	0.00131497981544173	0.0479849387816	0.0097273141039593	0.00055825401660985	0.00297395349579332	0.000724456672404743	0.00112509571702858	0.00370372819245251	0.00623936083539174	0.000162976743322953	0.0211729281711817	0.00397273919794653	0.00484415483440289	0.00622253914291142	0.0122909855923342
TT>CA	0.000379477174236429	2.12180483596691e-18	0.000434930662576362	4.12322555708652e-18	6.82306638718831e-18	5.14716533393369e-18	0.0869782657851629	0.00419073971521336	5.49314725479266e-18	0.00055120690897739	0.00115228563156436	0.00121455505241918	0.00243528496013262	0.00685148756378565	0.00164977213571435	0.061833173832419	0.00862381078524824	0.0102171095209023	0.0145837786755676	0.00050601614616791
TT>CC	0.00283692029044704	1.51630177726173e-06	0.00511388532210839	4.12322555708652e-18	0.00050226606105217	5.14716533393369e-18	0.0315151547259109	0.000195878478340012	0.00313789740797795	0.00123060146126874	0.00228175387837388	6.92660664122781e-08	6.7140938330758e-07	0.343410811560668	0.00847918512436903	1.32685527534905e-06	2.35801622610427e-06	1.27647696926881e-07	0.0224684310206168	0.00217631017060737
TT>CG	4.38511980421697e-05	7.73415671623431e-06	0.0199291124702453	4.27048361269675e-18	6.82306638718831e-18	6.94557249880209e-06	0.00237699023222168	7.728567165086e-05	1.20447747115055e-05	0.00366616668423398	5.68195495057633e-18	0.000616269403783125	0.000547845118716177	3.08273575636567e-05	0.00166696749102127	0.00770733464502007	0.00395482758258693	0.00230326661378375	0.00245017144349813	0.000778541668945622
TT>GA	0.000973555727626606	2.43727701781331e-05	0.00770843026552102	4.12322555708652e-18	1.94294938073267e-05	5.14716533393369e-18	0.038815275664371	0.00241850319760019	5.57831232851037e-18	0.00371316891981294	0.000403300142190747	0.000162982685831567	0.00180758560655338	0.0145788565068678	0.00049261093207876	0.00562306200356987	0.00537544858718566	0.000817188513490333	0.0108644846802037	0.00106464489144959
TT>GC	0.000554821788746697	7.83592193618476e-07	0.0416756593923141	4.12322555708652e-18	3.6779576906177e-05	2.53637424286612e-07	0.00326724870946918	0.000190548546931567	2.16562616025048e-05	0.0110241373250005	3.29735939902924e-06	0.00240888441344597	0.000482843738286893	0.0058598815686684	0.00647776009335492	0.00916883808799881	0.0112777443960557	0.00162635208120405	0.0063893646876339	0.00214086913589434
TT>GG	0.000842701240905637	2.12180483596691e-18	0.107165981831921	4.12322555708652e-18	6.82306638718831e-18	5.14716533393369e-18	8.05142290043328e-18	0.000358445052000081	5.48706403524139e-18	0.0361916449138237	4.18730415032432e-18	1.08320337900052e-07	1.4834950183558e-06	0.16145237024042	8.83714576420132e-06	0.00018936574418781	2.94752028263033e-06	2.38436264070966e-07	0.00700124454034849	0.000149180927707813
