Type	Signature_1A	Signature_1B	Signature_2	Signature_3	Signature_4	Signature_5	Signature_6	Signature_7	Signature_8	Signature_9	Signature_10	Signature_11	Signature_12	Signature_13	Signature_14	Signature_15	Signature_16	Signature_17	Signature_18	Signature_19	Signature_20	Signature_21
A[C>A]A	0.00525072411670947	0.00635140594571239	0.00824051546539104	0.0188728750164124	0.0234775889164255	0.0112109280411106	0.000789786103257191	0.000248180472886277	0.0281065364701293	0.0107815962423614	0.000427987800525553	0.000128503499787544	0.0066006255629757	0.000554053553635492	5.57874686368645e-05	0.000656151232629753	0.013685512461227	0.00142228006107939	0.0319514639444116	0.00685387011417172	0.000807205462261976	7.63026913277959e-05
A[C>A]C	0.006325891447011	0.00833013827986961	0.00702146353826406	0.0227209129877138	0.029150891379663	0.00982150480498454	0.0019078811975434	0.000454998904455546	0.0321494938303389	0.00882895596742863	0.000896739045673415	0.000942361837610458	0.00590914925959307	0.000116087760989672	0.0034365184216491	0.00296110166339623	0.0120931559344261	0.000347669506841297	0.00712306782254286	0.00695210851298662	0.00218567060593043	0.000783376657806457
A[C>A]G	0.00177367074360269	0.002464546862296	0.00257329157367894	0.00376843465497259	0.0296887754647706	0.00417501983675656	0.000585883323707233	0	0.00327483180794372	0.00113305864355741	0.000462631468597827	0	0.00367556289872284	0.000199633890565321	0.000703537459058204	0	0.00471670196311117	0	0.00273999799023238	0.000807797793394414	0	0
A[C>A]T	0.00299687096264233	0.00415181172881954	0.00294640959791551	0.0137240276961435	0.0158596361640844	0.00702375639815912	0.0008956544420741	0.000251822148261912	0.0232491502525976	0.00619921997753867	0.00570752068423849	0.000130389095480939	0.0040010918411625	0.00016062384476681	0.0167553955003596	0.00291918601090273	0.00759004196921342	0.00256559979201704	0.0117361499207473	0.00480961295606059	0.00182711151399535	0.000464533911750642
A[C>G]A	0.000843866375899732	0.00311463176183972	0.00376709278417877	0.0169855875147711	0.00623924965724184	0.00880321195174453	0.000603954078961381	0	0.00649199891293746	0.00431263849694457	0.000305705571803966	0.000449762249256405	0.00265739470717204	0.00142470913791984	5.57874686368645e-05	0.000555204889148255	0.0040801527834714	0.00126424894318168	0.000894640990443526	0.00371518193104636	0.00031046363933153	0.000381513456638979
A[C>G]C	0.00178775193067702	0.00385156931219778	0.00356828474895386	0.0125714696226437	0.0050943305323683	0.00805584101981877	0.000817663370375746	0	0.00414470826384159	0.00303083563060983	0.000269021713702025	0.000282708551283138	0.00188589869987013	0.0016252286538554	0	7.40275415849056e-05	0.00299212105594047	0.00185423736982025	0.00159331780241091	0.00178500083441548	0.00200353138876957	0.000895287608921665
A[C>G]G	0.000709468297441077	0.001848410146722	0.000395891011335224	0.00753686930994515	0.005029246116983	0.00436479346570004	0	0	0.00154109732138528	0	0	0	0	0.00139743723395725	0	0.000763822439657305	0	0	0.00435176151389849	0	0	0
A[C>G]T	0.00142708141078206	0.00334623631875007	0.00493722689380437	0.0165964986092898	0.00352436359201874	0.00893238585418062	0.000848514734596518	6.29555370654781e-05	0.00627727056820135	0.00346426998744808	0.00012407653661388	0.000586750929664228	0.0021745064354144	0.00112436691336767	5.66060658795932e-05	0.000512137896649602	0.00629628481537022	0.00096209992200639	0.00278814611376868	0.00467962341670761	0.000378023071861107	0.00139360173525192
A[C>T]A	0.0139237952023456	0.0161838709193633	0.00580760137560894	0.0145478411584845	0.00771865936978371	0.0164778069865987	0.0144948978950732	0	0.0174902088360315	0.0083557370878301	0	0.0144566437260988	0.0103724115989618	0.00102895659960877	0.0163457283106012	0.00590536109366782	0.0114754297035133	0.00750647810014122	0.00223660247610881	0.0141561242545042	0.0183794474484266	0.00389143725771759
A[C>T]C	0.00990139530836503	0.0147792775933171	0.00414381454717223	0.010956785450928	0.00707545907273374	0.0141253102813261	0.0111065941142705	0.0179269568355485	0.00716922510502331	0.00737942588322393	0.00286956494615493	0.10356556595339	0.00678923531953246	0.00185740417583475	0.026264819365461	0.012510654527849	0.00947505001047816	0.00498326293139193	0.00131214407257368	0.0190713247045444	0.0203085227134369	0.00693847896914291
A[C>T]G	0.202198464770707	0.103665002395325	0.00950138427204535	0.00396677332102376	0.00454254487985561	0.0315024224046177	0.106396411585234	0.00015649057355409	0.0564426893957359	0.0283264660889353	0.0194305216811088	0.0116680430407322	0.00410798206327848	0.00798535562261286	0.0697909159385738	0.0393368556423512	0.00750384403222231	0.0187335910775757	0.0145058717129949	0.0594539175938289	0.0534042333170991	0.0492674843984237
A[C>T]T	0.00604131130564405	0.0117737944548614	0.0036631038244355	0.0117292562286808	0.0038506935542427	0.0125969544097419	0.00702381641416007	0.00270708809381555	0.016119410841801	0.00692853997489615	0.00291579861042619	0.0416593160061601	0.0058276772469106	0.000963743068600861	0.0156798802486473	0.00338011011788737	0.00871129816921087	0.00465014962303088	0.00311234915025342	0.0172886087339476	0.0114666998464536	0.00232266955875321
A[T>A]A	0.00114761094867093	0.00171920583986143	0.00100859750272935	0.00466801314647143	0.00188944990091416	0.00400597341903419	0.000170586764037156	0.000379700466297545	0.00528167252204749	0.00665304869797196	0	7.86408990566394e-05	0.00304267719516629	9.68762266185254e-05	0	0.000648654455484859	0.0042136040361744	0.000290133168612883	0.00113410239865278	0.00043119954262544	3.79991825308937e-05	0.0038757116909619
A[T>A]C	0.00115080960564541	0.00817706401857844	0.00210162846150278	0.00772127666487797	0.00279901261917478	0.00612855060567785	0.00171062228778211	0.000553830951653319	0.00801063578170456	0.00421047146302834	0.000136440394192894	7.16909903813518e-05	0.00621709277701832	0.000529888598477611	0.000497973534922578	0.00506853822376573	0.00692369085730702	0.00167511966651421	0.000570414246608638	0.00378797916647921	0.00131635782850931	0.0248600688942494
A[T>A]G	0.00135728128709627	0.00505169557877449	0.00235328068477024	0.00642339406402153	0.00665076009277688	0.00886892128807703	0	0.00057737872675381	0.00829200326458088	0.0063171528216376	0	0.000465043579505836	0.00407720789157514	0.00049103857156258	0	0.000469692644163096	0.00703130323666673	0.00089870250947206	0.00290726142649806	0.00298040483098741	0.000128404838227172	0.00213017004542105
A[T>A]T	0.00270012979257655	0.00381403270051744	0.00136147747092388	0.00540215931219524	0.00133902058990399	0.00569098138937898	0.00170860552699034	0.00150688819845733	0.0139916460591905	0.0115339726488333	0.000509119775939976	0.000133755480463752	0.00356903652984254	0.000714006931508029	0.00034840512594834	0.00276689742293471	0.00495472831187102	0.00109659934749268	0	0.00146680169457566	0.0022836102317736	0.00227674128570978
A[T>C]A	0.00401663832034825	0.01203444087903	0.002449451078057	0.00664109086817583	0.00330653732659978	0.0162080763620694	0.00213233455046446	0.000189850233148772	0.00766543622668838	0.0138559361313135	0.0011599213914704	0.000235922697169919	0.0244463374646119	0.00145314339927788	0.000887653597923101	0.00355215535146471	0.0372981986905807	0.00130559925875797	0.000743032606013889	0.00568399397097171	0.00626986511759745	0.0123742602181314
A[T>C]C	0.00329550023434821	0.00783635301780434	0.00157622134612708	0.00780901844516067	0.0014353910867563	0.0115854792271718	0.00290287418532722	6.92288689566646e-05	0.00639146471944513	0.0105261786575709	0.00354745024901524	0.00107536485572028	0.0303202832356125	0	0.00286334782580482	0.00411114767038776	0.0162185087205411	0.00722946382390344	0.000998224931565116	0.00343062264133966	0.0143413721316541	0.0140476416696957
A[T>C]G	0.00494438183156496	0.0114294612469773	0.00202869024549159	0.0104075245594273	0.00538711567514928	0.0221723032201925	0.01042391719741	0.000449072343030741	0.00671257407132739	0.0163502778912973	0.00164368030183175	0.000531478376578099	0.0431652226781977	0.000654718095416774	0.00201890253178704	0.00380972922487845	0.0305861690795003	0.00367651026602206	0.00231259431653255	0.00894121449296222	0.0372374030858798	0.017672521858308
A[T>C]T	0.00299291495080774	0.0130100893228762	0.00375767781974992	0.00954927151145622	0.00160682470788479	0.0141491372157955	0.000741470323033545	0.000473593433800874	0.0104937345443929	0.015399412131145	0.00169706591979992	0.000133755480463752	0.0148709855410106	0.000714006931508029	0.000967792016523166	0.00220651313474541	0.0293154758452369	0.00169972898861366	0.00239452782321022	0.00711176579188201	0.00344695884041297	0.0100070721627709
A[T>G]A	0.00045904437946837	0.000373740399969875	4.80284525109215e-05	0.000384990774966716	0	0.001519507158944	0	0	0.00252398509903153	0.0184195976348811	0	0	0.000629519419689577	4.84381133092626e-05	0	0	0.00270502975161813	0	0	0.000548799417886924	0	0
A[T>G]C	0.000941571495528058	0.000613279801393385	0.000437839262813079	0.00087741780282704	0.00014353910867563	0.00184696045650565	0.000881229663402902	0	0.000681756236740813	0.00511271534796299	0.00272880788385787	0	0.000956475811848969	0	0.00124493383730645	0.000337902548251049	0.00398349336995746	0.00573067254333809	0.000784319589086873	0	0.000277127963896697	0.00263925388945798
A[T>G]G	0.000678640643548133	0.00233640920518321	0.00137950936693428	0.00658601163526258	0.000997614013916534	0.00427886553372136	0.000336255393464838	0.00057737872675381	0.00481725903942319	0.00483076392242876	0.000948277097210621	6.64347970722623e-05	0.00159542917496418	0	0.000403780506357409	0.000626256858884129	0.00536136871795839	0.00285950798468383	0.00185007545322604	0.000662312184663869	0.0004494169337951	0.00126232298987914
A[T>G]T	0.00104101389593313	0.00152561308020698	0.000326754593021732	0.00349230500990399	8.92680393269326e-05	0.00193180102208278	0.000934897363824903	0	0.00222594369123485	0.0120327390336477	0.00581245077531471	0	0.00178451826492127	0	0.00216785411701189	0.00101569652234312	0.00448284942502616	0.0167779700166381	0	0.000755625115387463	0.000172347942020649	0.000953054491692465
C[C>A]A	0.00449136654898755	0.00785925827957355	0.00684537799737208	0.0218137871893735	0.0423998260472161	0.0104358913931079	0.0067094119842537	0.00106461206182953	0.0330906014643107	0.0125901357705846	0.0027101764279588	0.000643110381120861	0.0165474341004693	0.00396117718449015	0.00446711571605608	0.00765013293453	0.0193256821583568	0.00112983529218137	0.0881760399056636	0.0102582347870949	0.0158038632075367	0.00218208855818805
C[C>A]C	0.00624511438115982	0.00516704078581655	0.00169532835380254	0.0227908329515317	0.0710945812348805	0.00677224717451879	0.0201551070307271	0.000670141273362796	0.0279102065421089	0.00921900760788683	0.000990565867396116	0.00196626197812273	0.0172830304161536	0.001567306337272	0.0102434046030873	0.00763215852765443	0.0153018058795822	0.00056895786815828	0.0251925640622455	0.0183339784424699	0.0419159686849769	0.00192298276561528
C[C>A]G	0.00166608485904751	0.00313496946377712	0.00185938687379728	0.00558923999276813	0.0223509883601711	0.00831891637455797	0.0166938070452513	0	0	0	0.00168999266869094	0.00253710470573461	0.0094777627658843	0.0043755753904964	0.00198258855969301	0.00298954631777012	0.00738433345433767	0.000936024684620251	0.0484479512393052	0.00455279429150205	0.0323644403560971	0.00813499052367714
C[C>A]T	0.00498202641352409	0.008712536203062	0.00125672354842274	0.0179724987723869	0.0404507300817437	0.0121579474930364	0.038617011612204	0.00117417534458563	0.0329104038662147	0.0119021439453338	0.0142408306095649	0.00130946828357625	0.00886002013047145	0.00126744282720908	0.102083116800762	0.0167524153371745	0.0103943290862399	0	0.0375823653544891	0.00895169575873316	0.0961754785141667	0.00622027909966337
C[C>G]A	0.000871459181146836	0.0018338269319005	0.00471321108015783	0.0172036569070831	0.00965722719079759	0.00817657469975461	0	8.87176718191275e-05	0.00589733491443161	0.00231247391704614	0	0	0.00232889813265864	0.00588517753124251	0	0.000649539588780846	0.004861806832291	0.0021466870551446	9.1374134617268e-05	0.000183182764055266	0	0.000109104427909402
C[C>G]C	0.000590754063082686	0.003408048177879	0.0025429925307038	0.0175531881117388	0.0112315543644681	0.0104292606487589	0	0.00044676084890853	0.00536205938493717	0.00323473951153924	0	0.000231324938602673	0.00293194265988319	0.000569929577189821	0	0.000272577090273373	0.00765090293979108	0.000995676269276989	0.00448634702478345	0.00322862513452299	0.000670655498959631	0
C[C>G]G	0.000925602699470841	0.00289381796656351	0.000619795624599093	0.00900488665501535	0.0160012757578498	0.00772470806208955	0	0.00146998294989375	0.00331745949162858	0	0	0.00202968376458769	0	0.000312541099321171	0	0.000797212351405367	0.00939824257824792	0	0.0146353186035401	0.000505866032389118	0	0
C[C>G]T	0.000955457120401881	0.00328942693380912	0.00502689419369094	0.0249554441552888	0.00880177923074978	0.0104054505571032	0.000135260986382501	0.000270963541058222	0.00767168198232708	0.00510091883371449	0	0.00018706689765375	0.00237099130252053	0.00472410508323381	0	0.00124908359970161	0.00989936103451416	0.00103523063208702	0.00539548809544646	0.000745974646561096	9.03904873253445e-05	0.000333229237481967
C[C>T]A	0.0141444528632295	0.0216566228148248	0.0152618263547968	0.0172036569070831	0.0193144543815952	0.0246373106084712	0.00564653483823329	0.066893124551622	0.0057881250086088	0.0125901357705846	0.00104910055275825	0.0284806025924952	0.0229212605687981	0.00611153051321337	0.00478619541006009	0.00368072433642479	0.0255244858695278	0.0244044423111176	0.00603069288473969	0.0401170253281034	0.00976643231926424	0.00370955054891969
C[C>T]C	0.0156971793904827	0.0201184779532857	0.00861791913182954	0.0138726809270193	0.0166736477163238	0.0238383100543062	0.00827948380100409	0.112472043712723	0.0034372175544469	0.0111598513148104	0.00264150897972297	0.175575628399428	0.0145054005278432	0.00284964788594911	0.0167710643991723	0.00799559464801893	0.0149957697619905	0.00554733921454322	0.0040262088683954	0.0868269545105646	0.0207903204677485	0.0124993879764993
C[C>T]G	0.17586451289946	0.10779471925449	0.0151849928026778	0.00683129332449441	0.0193031263110569	0.0383264361542134	0.165287034590894	0.05095940892965	0.0392063394465196	0.0269630390629546	0.0263156001267588	0.0342509135274174	0.0155706102582385	0.0134392672708103	0.0645442719988947	0.030891978616958	0.00537042433042738	0.0418091025797046	0.0471862858424481	0.0601980578543049	0.113520726400552	0.0958121106121973
C[C>T]T	0.0117384731935088	0.0200921753254287	0.0117675023170492	0.0188882948881774	0.0188208258019224	0.0224538669916438	0.00588385290763878	0.0711730901179596	0.0180117750889418	0.0126869006889822	0.00382722322632057	0.0763232942427301	0.0255817482640373	0.00380232848162722	0.0151053776650292	0.00705364856302086	0.026109564728531	0.0112725113271698	0.00176748747954281	0.108073076920539	0.0126546682255483	0.00444305649975955
C[T>A]A	0.00043052392376386	0.000654303786809266	0.000180177767136634	0.00427267674579731	0.00369178804508546	0.00287899007095661	3.55529328512666e-05	0	0.00549417176225445	0.00378163295190331	0	0.000196679827017408	0.00111521386290729	6.05715337756622e-05	0	0.000618009919007849	0.00351272227257454	0	0.000146709040888292	0.00210782918780102	0	0
C[T>A]C	0.00125826059948021	0.00379581491105416	0.00177378460567337	0.0147738703044569	0.0100855462989302	0.00658965693226369	0.0017062777730794	0.00122701951830715	0.0142412877954779	0.00621890205665139	8.63672654008168e-05	0.000998374464206834	0.010413785839725	0.00111807136218233	0.00267936198817865	0.00306580742258174	0.0153695438063274	0.0114965004425122	0.00207617717444246	0.00479560915870051	0.00403472919172579	0.00398802066137051
C[T>A]G	0.00109560616781374	0.00266413725187661	0.00391270486128556	0.0140892116882012	0.0342727353591969	0.0123085424430792	0.000579045359247711	0.000676655612358031	0.014398157333365	0.00713894483353629	0.000285770001139538	0.000600617860250672	0.00414016927036212	0.000493259806188726	0.000173831582262336	0.00212317793795522	0.0172163297641635	0.00553971168343683	0.00647136872258111	0.00209572077654312	0.00116087114856316	0.00297195272712658
C[T>A]T	0.00119636960479574	0.00425039502638222	0.00227586554390104	0.0148681159361281	0.00858025079726771	0.00855308690259819	0.000592781667314675	0.00129545291886789	0.0181616326107152	0.00719105186451043	0.000638289017184838	0.000298116808928969	0.00536944803935151	9.18111055666906e-05	0.00129422016954739	0.000409826605677176	0.00946559533212841	0.0288711898644111	0.00281673419419453	0.00163461803210748	0.00180062079241053	0.000885077639478397
C[T>C]A	0.00150683373317351	0.00373887878176722	0.00102100734710759	0.00463374802009004	0.00255963971125925	0.00823391160293587	0.00220428183677853	0.00047481287043809	0.00356536678188853	0.0105885722653293	0.000233947398631433	4.91699567543519e-05	0.0204674544251219	0.000484572270205298	0.000256154961523492	0.0012360198380157	0.00949736021844229	0.00453511961486601	0	0.00323527270685737	0.00703262275114797	0.0127878884006715
C[T>C]C	0.00350988483012901	0.00845431502916607	0.00210636921923712	0.0154403606941316	0.00236238021416382	0.0133918834429875	0.00262504272781445	0.000701154010461227	0.0116519627417546	0.0149761314833645	0.00164097804261552	0.000363045259711575	0.0466198552127225	0.00122987849840055	0.00417665251098436	0.00356489235183923	0.0232944648314649	0.0448698366785431	0.00306913147526277	0.00633382341715163	0.0171914548169186	0.0107784342199203
C[T>C]G	0.00518586919431838	0.0113225833204756	0.00134499229606691	0.0109038246978253	0.010021267648888	0.0221553763975426	0.0195427808746102	0.000966650874797187	0.00963843590084764	0.0215568138110704	0.00142885000569769	0.000100102976708446	0.05542484668388	0.000493259806188726	0.00139065265809869	0.0100654361503062	0.0251623281168545	0.0357003641821485	0.0024889879702235	0.00399184909817738	0.0764240172804079	0.0250832810169483
C[T>C]T	0.00369786968755049	0.0112635468199129	0.00327724638321749	0.0106722059173435	0.00402898733089092	0.0166697918203699	0.00177834500194402	0.00323863229716973	0.0105426062471957	0.0286599893150778	0.00141842003818853	0.00067076282009018	0.0322166882361091	0.000367244422266762	0.00174719722888898	0.00204913302838588	0.0259317872119767	0.0942208989860783	0.000667121256519757	0.00393794344098621	0.00792273148660633	0.0180555838453594
C[T>G]A	0.000107630980940965	0.000420623862948812	6.00592557122113e-05	0.000421249820008185	0	0.00115159602838264	3.55529328512666e-05	0	0.0016365618015226	0.0148515039565657	0.00102936855397831	0	0.000852810601046745	0	0	0	0.000130100824910168	0	0	0	0	0
C[T>G]C	0.00139070908363602	0.00198417597623286	0.00133033845425502	0.00633165870191008	0.00118119010708191	0.00371996762305208	0.00262504272781445	0.000701154010461227	0.00129466252686163	0.00812264758419774	0.0015546107772147	9.07613149278936e-05	0.00593343611798287	0.000223614272436465	0.00157609528716391	0.00135465909369891	0.00984611400092847	0.0217652192843679	0.0021664457472443	0.000995315108409537	0.00798174687928364	0.000538921710996015
C[T>G]G	0.00116864657900132	0.00304472828785897	0.00171180837681244	0.0117614288875419	0.00460978311848848	0.00844014338954003	0.00361903349529819	0.000869985787317469	0.00713958214877604	0.0176373931181485	0.00352449668072098	0.00110113274379289	0.00600992313439662	0.000123314951547182	0.00043457895565584	0.000550453539469872	0.00887303149383816	0.0164960303462341	0.00637180920377218	0.00129735095690765	0.016155456817504	0.000475512436340252
C[T>G]T	0.0015226522242855	0.00502963411455229	0.00100138083931646	0.00948640525986089	0.000895330517975765	0.0101240620479733	0.00463447485355109	0.000935604885849036	0.00682168639524427	0.0530470347686349	0.0129076223475156	0.00067076282009018	0.0062643560459101	0.000550866633400143	0.00407679353407429	0.00263459960792471	0.0183395909559988	0.237476993456156	0.00155661626521276	0.00141171557318373	0.00122442213883917	0.00283224844633088
G[C>A]A	0.00561819693448541	0.0149018753080465	0.0105381825337831	0.0121486574979389	0.0349193509657616	0.0129276607429747	0.00160986514145844	0.000268748816037152	0.0294434341388361	0.015307402919266	0.00123588788252268	0.000371075806492993	0.00767368115081996	0.00102852275083092	0.00144986260730388	0.00174899886221842	0.0117821381304359	0.0075296404865258	0.129725025945579	0.00295950964139417	0.0010758201500395	0.000110168527584306
G[C>A]C	0.00519731303122343	0.00782097753608166	0.00645034938732844	0.0175858104472012	0.0490549942421023	0.0133748200929888	0.00515036803318135	0.000118592526183998	0.0167883129739756	0.0157993546957037	0.00257102165486842	0.00122810263725082	0.00917554992642679	0.000605150504759264	0.0121560145393392	0.0095509263286112	0.0152725918552441	0.00196338592234739	0.0185658162906156	0.00379545188243952	0.0040352399134259	0.00554208467621395
G[C>A]G	0.00110151269963466	0.00358727665861091	0.00338060823896428	0.00307938438224757	0.057177289993798	0.00824993275463737	0.00382047130274962	0	0	0	0.000478851030411698	0	0.00503526940218559	0.000619898779207792	0.00240306999897832	0.00256945508055823	0.0119832541389815	0.00402247218437367	0.0242733418340707	0	0.00996923141047401	0.000896392454099524
G[C>A]T	0.00327161466703759	0.00767131835442882	0.00328607369635486	0.0164630025643356	0.0257352736590901	0.0121349248484083	0.00626798970168251	9.62179437830266e-05	0.0240438497742322	0.0118432036938438	0.0083438113686612	0.000597839582204959	0.00358927381971497	0.00122744533573849	0.0636741161394962	0.0241861939593986	0.0083047046753837	0.00379859301798788	0.0761080215100435	0.00715209120313282	0.0129030979267461	0.00272154893612149
G[C>G]A	0.000406134718155572	0.00202806587032584	0.002832844767146	0.0126028129184227	0.00650094299894499	0.00608360505551749	0	0	0.00363907612951907	0.00142696128908412	0	0	0.00148522860983612	0.0011428030564788	0.000161095845255987	0.00160324895703355	0.00380464877128658	0.00148311100492175	0.000830387790547804	0.00184969352587136	0.00125512350837942	0.000440674110337222
G[C>G]C	0.00215061228878211	0.00338519923203535	0.00345018688159428	0.0135275464978471	0.0111879811429356	0.00776602457012255	0.00266398346543863	0.000474370104735991	0.0036496332552121	0.00498023137147182	0.000233729241351673	0.000245620527450165	0.00180234016411955	0.00166416388808797	0.000106631706485431	0.000482370016596525	0.00519918020604055	0.000302059372668829	0.000366430584683203	0	0.00225498701044389	0.00612546201055226
G[C>G]G	0	0.000478303554481457	0.000307328021724024	0.00338732282047232	0.0156167047560153	0.00324104501075041	0	0	0	0	0	0	0	0	0	0.00118590234487303	0	0	0.00125120318732323	0	0	0
G[C>G]T	0.000654322933407518	0.00340947482419059	0.00474655089473479	0.0199994994114892	0.0059849473625791	0.00711760015147025	0.00122477959688049	0	0.0052114748279124	0.0061305995591662	0.000379264153120964	0	0.00119642460657165	0.00159567893646003	0.000259541234264251	0.00140890450248924	0.00382280056485917	0.00220563465560586	0.00148648479511803	0	0.00115550130687279	0.000473312858455911
G[C>T]A	0.0169222799231488	0.0203688354802292	0.0062322584877212	0.0205505327768874	0.00807974344154591	0.0219444325216882	0.043801747390515	0	0.00396990123220262	0.00804287272029226	0	0.0242126963736678	0.01534736230164	0.00434265161461943	0.0448651929037923	0.0346884774339986	0.0153413256906717	0.00239579470025821	0.00295248992194775	0.0345892689337943	0.0488601651476274	0.0179574699962418
G[C>T]C	0.0243736059395306	0.0296496760323096	0.00435023563331454	0.0147299950754335	0.00983558781796538	0.0261743791067094	0.0686419739594687	0.0249044304986395	0.0036496332552121	0.0118495160217778	0.0156598591705622	0.119740007131955	0.0150741177362726	0.00347961540236576	0.0658983946079965	0.129757534464465	0.0149476430923666	0.000453089059003243	0.00622931993961446	0.075174434058641	0.0627835857118323	0.0571709787651544
G[C>T]G	0.188358671637527	0.117184370847957	0.00614656043448051	0.0027714459440228	0.00579329369981213	0.0391871805845276	0.243600527351511	0.000485931097315196	0.0529382840341978	0.0309614699073543	0.0646448891055791	0.0226445946133305	0.00772074641668457	0.0099183804673247	0.213654769000073	0.361502564795462	0.00299581353474537	0.023515991231723	0.0335322454202625	0.0697322966285882	0	0.00567715220929698
G[C>T]T	0.0128683510236812	0.0218774634552229	0.00498996376113145	0.0142679355557575	0.00817942806219144	0.0228696660604618	0.0377520299273751	0.0154910889490673	0.00627745831543993	0.0140725126244496	0.0144120378185966	0.0520120436518314	0.0152876477506379	0.00294586880577237	0.0480151283388864	0.0626179778884106	0.0152912022594367	0.00110281732780293	0.00158558378145924	0.0910898282399	0.0473755535817843	0.0196424836259203
G[T>A]A	0.00032109501703765	0.00101582711656989	0.000307156294340173	0.00346237165974475	0.00434254241171134	0.00493246994548126	0	0	0.00470797784629533	0.00263728716434915	0	0.000188599511396324	0.00125811395419112	0.000154888098731885	0	0	0.00249511628949569	0	0.00131302924785499	0.00162952035079488	0	0
G[T>A]C	0.00035795114394096	0.00279775937365051	0.00143813249223461	0.00744510941174825	0.00510759609200904	0.0045958713238174	0.00198642041790916	0	0.00641467673271222	0.00397880255956731	9.33653915220541e-05	0.000294346440076791	0.00510518578919922	0	0.00212975299262994	0.00292884754600355	0.00519215623945306	0.00313717349679902	0.00146374218333797	0	0.00379274202540709	0.0165455334413984
G[T>A]G	0.000746188141101171	0.00162006502657198	0.00145733378943546	0.00896997417038933	0.0113469251388471	0.00678625427711384	0.000369724079113416	0.000493770097697204	0.00628083119413017	0.00333676612883723	0	0.000340887338457679	0.0021602991356561	0.00041993262345624	0	0.0017406035453251	0.00575004553078381	0.00377294988357797	0.00118662832767842	0.00135937097911252	0.000658865315728113	0.0031373824978063
G[T>A]T	0.000964741790769535	0.0013165878176138	0.00146119877729978	0.00678109945105923	0.00283637574446086	0.00376024456451348	0.000956027710781143	0.000607992519442908	0.0104031517232931	0.00316953052112843	0.000239653601941838	6.29615744417258e-05	0.00260403420845784	7.75611650813242e-05	0.000492005303944609	0.00212676581883183	0.00274877851574432	0.00301972811941282	0.00244217051458934	0.00326396922594186	0.00109522630056831	0.00306559184942592
G[T>C]A	0.00518339098932208	0.0069315262071828	0.000998257956605562	0.00623226898754054	0.00383905923354191	0.0120735085232676	0.00554567922678473	0.000121414892724962	0.00508162688171559	0.00799977106519244	0.00382866768131694	0.000628665037987748	0.0480599530501006	0.00061955239492754	0.00425760734848445	0.00963007249457516	0.0133904574202935	0	0.000250100809115236	0.00244428052619232	0.000121508059118614	0.106461781795837
G[T>C]C	0.00501131601517344	0.00923260593304671	0.000958754994823075	0.00768527423148207	0.00157156802831048	0.0110300911771617	0.00418567159488003	9.47458484417752e-05	0.00664793770481084	0.0133084085613114	0.00942990454372747	0.00156984768040955	0.0358672027241177	0.00120866592215576	0.01081914520256	0.0384603927751518	0.0128505866926463	0.0118247308725502	0.00243957030556328	0.00293444463393547	0.0012326411582573	0.0774843643558444
G[T>C]G	0.00310911725458821	0.00818132838418852	0.00104095270673961	0.00719683974135888	0.00358323951753068	0.014171295696326	0.00708637818300714	0.000246885048848602	0.00536909763369192	0.0112020005753821	0.00437918234164548	0.00161921485767397	0.0466169813483684	0.00010498315586406	0.00606759279792753	0.010309728691541	0.0166864066383531	0.00492579568133791	0.0055941049733411	0.00509764117167194	0.0236367932017461	0.0894660041309924
G[T>C]T	0.00491558912439713	0.00867751061609095	0.00130738837968927	0.00662698355444424	0.00151273373037912	0.0115756548358552	0.00191205542156229	0.00492473940748756	0.00531384008887635	0.0110933568239495	0.00742926166019701	0.0014481162121597	0.0340204469169493	0.00054292815556927	0.00470138401547071	0.0046492089993068	0.0118280772495664	0.00634917194338081	0.00300574832564842	0.0062140952570816	0.0004259213391099	0.0749948445115658
G[T>G]A	4.58707167196643e-05	0.000298772681344086	0	0.0027698973277958	0	0.00117790327056269	0	0	0.000149459614168106	0.00632948919443797	0	0	0	0	0	0	0	0	0.00100040323646094	0	0	0
G[T>G]C	0.000143180457576384	0.000839327812095155	0.000599221871764421	0.00552379085387774	0	0.000344690349286305	0.00113509738166238	0	0	0.000823200529565651	0.00186730783044108	0	0.000523608798892228	0	0.00161861227439875	0.00169564857926521	0.00415372499156244	0.0109801072387966	0	0	0.00293937506969049	0.000699107046819649
G[T>G]G	0.000746188141101171	0.00380715281244415	0.00176961960145733	0.018461458466964	0.00153567407894172	0.0059878714209828	0.000616206798522363	0.00139901527680874	0.00587561627837983	0.00595851094435221	0.00072986372360758	0.0008522183461442	0.00125069949959037	0.00031494946759218	0.000887940409452813	0.00247701273757802	0.000901967926397461	0.00503059984477063	0.0100015816190038	0.0036533095063649	0.00247074493398043	0.000404823548104038
G[T>G]T	0.000367520682197918	0.0013165878176138	0.000384525994026257	0.00531699843321689	0.000126061144198261	0.00243309942409695	0.00159337951796857	0.000547193267498619	0.0056132113614891	0.0162878651780211	0.00179740201456379	0	0.00268803531195648	0.000853172815894572	0.00207735572776613	0.00939733733902438	0.00366503802099242	0.0490125102458542	0.00200383221709894	0.00156921597401051	0.00219045260113663	0.00059816426330262
T[C>A]A	0.00642705601163828	0.00904754084532953	0.0214314351816731	0.011997620778944	0.0234673360014843	0.0123113657617408	0.000873169806804688	0.000685956915008663	0.0241498683694587	0.0220517984527108	0.0252809956682951	0.000639317645995663	0.00625500310293154	0.0309774873885521	0.000308386872159933	0.00318071439576892	0.0114652688020027	0.00157244094449512	0.0456396701611445	0.00361169851395831	0.000480538293595931	8.43585446370823e-05
T[C>A]C	0.00799105659053354	0.0109624614349981	0.0163368661686374	0.0207581887237243	0.0521996379072347	0.0137329946895334	0.00203227815779533	0.00187181187121991	0.0191245923168815	0.00582766875858104	0.00949937778904673	0.00242297846400117	0.0128013022462606	0.0200579974453356	0.0139691290328617	0.0047203790197599	0.0185920712843996	0.00154946065974425	0.0377860425469212	0.00608719517651911	0.00393382118985092	0.00057548558020051
T[C>A]G	0.00311579458256385	0.00600005530282609	0.00634984194560904	0.00363568801966216	0.0193300854196423	0.00847929427807667	0.00147670265565474	0.000358572860998414	0.00397257241083595	0	0.0054769004622038	0.00018566274385432	0.00470638853160949	0.00891986160250361	0	0.00364619935329043	0.00982505486071809	0.00502313790876349	0.0289908009265012	0.00333168859154278	0.00197366404384776	0
T[C>A]T	0.00809274154719904	0.0129907042113613	0.0131104963481025	0.0158514206901156	0.026504837672012	0.0153344845199829	0.00300089883626196	0.000898284206058232	0.03963767975329	0.0322196252483327	0.209927662380771	0.000286225120317065	0.00467792491799092	0.0161312339421492	0.0320589395377247	0.00815063404239543	0.0148626974051963	0.00431192791370639	0.0800637770977443	0.00620631965455194	0.00836736868093678	0.000339908983676274
T[C>G]A	0.000984790840492961	0.0013503792306462	0.111148455334912	0.0152143741761971	0.00227562046074999	0.00224599240247974	0	0.000137191383001733	0.00447532525727731	0.00327797004026782	0	7.10352939995178e-05	0.00227454658288419	0.198378429123864	0	0.000502218062489829	0.00469888065655846	0.000349431320998914	0.00155429217267056	0.000354088089603755	0	0.000168717089274165
T[C>G]C	0.00148506361416995	0.00331637488789858	0.0401318668925225	0.021232661608838	0.0101876616733451	0.00907966591043528	0.000140157114330712	0.000935905935609954	0.00564521098510356	0.00338817951080292	0	0.00106611052416051	0.00349126424898017	0.0711581337941669	0	0.00197951378247995	0.00820615560139018	0.000715135689112731	0.00809700911719739	0.00106284360224937	9.36624092821649e-05	0.000345291348120305
T[C>G]G	0.000406407989030068	0.00141177771831202	0.012472903821732	0.0045446100245777	0.00576185238470108	0.00282643142602556	0	0.00053785929149762	0	0	0	0.000556988231562959	0	0.0242437264068047	0	0	0	0	0.00258516696159883	0	0	0
T[C>G]T	0.00167075954522819	0.004692976914052	0.12996872046419	0.0264482267868227	0.00358173482054216	0.00561426482425603	5.17396351079647e-05	0.000483691495569819	0.00884617745566983	0.00490298645083323	6.80920085568509e-05	0.00057245024063413	0.00143201783203804	0.231743246086941	6.2129727786288e-05	0.00084316903886849	0.0159986997546381	0.00246395880783222	0.00234853746153384	0.00749038578997646	0.000345759036402347	0.000254931737757205
T[C>T]A	0.00751550904586733	0.015461842190899	0.183598853621135	0.00921556378672504	0.0024889598789453	0.00923352432130556	0.003800856806091	0.0824520211840417	0.00540416634841034	0.00496662127313307	0.00250106106878856	0.0214526587878545	0.0130786428515841	0.132573145179821	0.00567431844774277	0.0062498247776512	0.0161641494585611	0.0143266841609555	0.0115865416508169	0.0154382407067237	0.00734537105925208	0.00539894685677329
T[C>T]C	0.0125876820629644	0.0215564367713408	0.0606121411474087	0.0168437874215363	0.00679177444889671	0.0236071313671317	0.00469526333007886	0.270196043610593	0.00760375357177215	0.0113842831562978	0.0194598904222219	0.154004511171914	0.0122840779130784	0.0365342096325756	0.0238148404596377	0.0118770826948797	0.0167969747465955	0.020262177858194	0.00462686235268422	0.0318853080674811	0.00730566792400886	0.00989835197944877
T[C>T]G	0.102685751894931	0.0674123860493992	0.0603234984832859	0.00227230501228885	0.00204452826553909	0.0160889173481455	0.0524900671237274	0.177852139055213	0.0207456559232544	0.0122022376829424	0.378259480308979	0.0148530195083456	0.00247704659558394	0.0494023104138663	0.0151531985446552	0.0151681893096881	0.00884254937464629	0.0376735343157262	0.0245590861351889	0.016658442957714	0.043779456972623	0.0277811491423966
T[C>T]T	0.00720515053879657	0.018159780232636	0.0911616512738065	0.00796949880000287	0.00551587162363493	0.00988780969048079	0.00243176285007435	0.0583193746087039	0.0123336127987705	0.00960585100571409	0.0266920673542855	0.06826469119562	0.00859210699222823	0.0661116145170048	0.01422770766306	0.00427205646360036	0.0182707044535216	0.0176877042990813	0.00106751702796993	0.0190469810087973	0.006776877113486	0.00543854373882038
T[T>A]A	0.00166947186892043	0.00173982051252163	0.00101627282746268	0.00336036146750866	0.00187408110397666	0.00428699727220693	6.01597192054468e-05	0.000401719445765358	0.00949458484697881	0.0125070681503666	0	0.000124801973611878	0.00316362111824681	5.12470585623887e-05	0	0.000261436260049419	0.00467809839948744	0.000306958105239672	0.000372373275433968	0.00161745399800557	4.02027700800482e-05	0.00133388644462069
T[T>A]C	0.00108134683017263	0.00387376311642212	0.00217225176978714	0.00870626522979269	0.00341234001966316	0.00590062544318101	0.000428631803660446	0.00107332862967567	0.00872024216436105	0.002797688904195	0.000564101396959649	0	0.0130497484845711	0.000456412518085283	0.00102941496307034	0.00110598194178847	0.00852880685344154	0.0023692986276814	0.00176874749186838	0.00354590558732403	0.000501271043789962	0.00395991814364651
T[T>A]G	0.000502110826746126	0.00136763463674343	0.000382068125178179	0.00512988167749189	0.00513547010232192	0.00520138940317416	0	0.000604106264946158	0.00498241660943071	0.0122471652242103	0	0	0.00308817440467754	0.000462392390469707	0	0.00029486116040334	0.00521412527193493	0	0.00118217040060338	0.00324310611549899	0	0
T[T>A]T	0.00129992592756005	0.00238809743920922	0.00161813927495857	0.00810676615763225	0.00205790804422254	0.00540293187785334	0.000231212562999141	0.00220561873551511	0.0130866767977247	0.00887911006807627	0.0012171502783378	0.00036544983371425	0.00572895019758759	0.000393916857088794	0.000475960292997184	0.000107655115912313	0.00483479424916309	0.00213475989215211	0.000954097753364933	0.00387100595539	0.000441462238598992	0.000433992940329172
T[T>C]A	0.00245867675241008	0.00336101689918951	0.00121952739295522	0.00463322565974679	0.00116609490914104	0.00828169927585429	0.00177471171656068	0.000923954725260321	0.00326376354114896	0.00907489596026604	0.0011875990542938	8.32013157412519e-05	0.0277510624407615	0.000256235292811944	0.000650166216503275	0.00222220821042006	0.0135389671326342	0.000869714631512403	8.2749616763104e-05	0.00215660533067409	0.00160811080320193	0.0192178454428685
T[T>C]C	0.00259523239241431	0.00732493389287094	0.00135765735611696	0.00952247759508575	0.00118690087640458	0.0123218943078191	0.00187526414101445	0.0012879943556108	0.0065181608097244	0.0141956807361006	0.00683972943813574	0.000666900906738269	0.0338107119827524	0.00054769502170234	0.00360295237074619	0.00576274801247676	0.0179399040710322	0.0102062094730891	0.00508514903912159	0.00147746066138502	0.00809194684975226	0.0275434306435857
T[T>C]G	0.00383430085878861	0.00445967816329379	0.000611309000285086	0.00505331627932037	0.00225459663028767	0.00923063471549217	0.00479481830810825	0.0011478019033977	0.00215656838318643	0.00857301565694721	0.00386947842769969	0.000437913892825195	0.0267085353918057	0.000154130796823236	0.00184680608136585	0.00191659754262171	0.0136560423788772	0.00461604028398464	0.000684414442454593	0.00355494324198927	0.0146305896270487	0.0184988583485204
T[T>C]T	0.00203321747644007	0.00612221343506363	0.0013391497447933	0.00603814306913298	0.00100608837717547	0.0092545268798874	0.000957880618139297	0.00105869699304725	0.00640758449017226	0.0197384533168026	0.00430349562698007	0.000228406146071406	0.0226110693968616	0.000675286040723646	0.00103124730149389	0.00168659681595957	0.0105156774919297	0.00404480821670927	0.000636065168909952	0.001730567368292	0.00180999517825587	0.0148642582062741
T[T>G]A	0.000424956475725199	0.000355872377561242	0.000203254565492536	0.0016292661660648	0	0.00248450978275629	0.00027071873642451	0	0.00143407791959576	0.029202549820856	0.00197933175715633	0	0.00105454037274894	5.12470585623887e-05	0	0	0.00374247871958995	0	0	0.00132714174195328	0	0
T[T>G]C	0.000702875439612212	0.00246512198317771	0.00126714686570916	0.00507865471737908	0.000222543914325858	0.00442546908238575	0.00101800053369356	0.000715552419783782	0.00273058087974941	0.00839306671258499	0.00648716606503596	0	0.00266926673548045	0.000365130014468226	0.000965076527878441	0.000232838303534416	0.0067642261251433	0.00874817954836208	0.00265312123780257	0.00132971459524651	0.000286440596451406	0.00158396725745861
T[T>G]G	0.00091292877590205	0.00172440888980693	0.00183392700085526	0.00757997441898056	0.00187883052523973	0.00439554034071055	0.000497575484803686	0.000604106264946158	0.00498241660943071	0.00769821814093218	0.00130966962168297	0.00018767738263937	0.000918105904093322	7.70653984116174e-05	0.00010863565184505	0.00044229174060501	0.0040554307670605	0.00346203021298848	0.000497755958148794	0.000686041678278628	0.000241827927719813	0.000222877811427957
T[T>G]T	0.00133325736160005	0.00369069604241425	0.00111595812066108	0.00631768672974098	0.000503044188587731	0.00706125750372912	0.00237818636227688	0.000617573245944228	0.00608177510931605	0.0348137768856228	0.0275162902209938	0.000137043687642844	0.00195028091832769	0.000168821510180912	0.00099158394374413	0.00118420627503545	0.00985089328266977	0.0321337541660792	0.000681498395260666	0.000592036204942	0	0.000162747352623439
