Type	Signature_1	Signature_2	Signature_3	Signature_4	Signature_5	Signature_6	Signature_7	Signature_8	Signature_9	Signature_10	Signature_11	Signature_12	Signature_13	Signature_14	Signature_15	Signature_16	Signature_17	Signature_18	Signature_19	Signature_20	Signature_21	Signature_22	Signature_23	Signature_24	Signature_25	Signature_26	Signature_27	Signature_28	Signature_29	Signature_30
A[C>A]A	0.0134227638291841	0.000756971305048866	0.0248490110550217	0.0412815942770446	0.0170246987604605	0.00205864818980871	0.000447659838344086	0.0415014252443095	0.0138448671467317	0.000793427033856875	0.000223521072968933	0.00871108524538569	0.00036713098736724	0.000115647548464167	0.00155664937311541	0.0182865975158385	0.00203718897908059	0.0569821255794044	0.0122070684392295	0.00134671382112252	0.000113344081324979	0.00168783421967331	0.000517166827796599	0.0331855914525279	0.0111744954102035	0.0023181348452723	0.00587575998767614	0.00163470951347208	0.0802957038904158	0
A[C>A]C	0.0099151073503426	0.000615082416204177	0.017946784637393	0.0313144818744936	0.00914870254139071	0.00303818628446558	0.000501396503064176	0.0336699813407886	0.00692636706619765	0.00101562201893289	0.00100140932688836	0.00476433784886318	0.000637503213676666	0.00435220030869771	0.00429171223504379	0.0098719266231285	0.000340996302261851	0.0110526827549247	0.00756453916311703	0.00226161436209602	0.000710918868410597	0.00246450695196022	0.000374921081218776	0.0209833497634744	0.00708091301752051	0.00151439229858433	0.00479214625483041	0.000961366842505921	0.0567013333531584	0
A[C>A]G	0.00144346400651829	8.81690514672674e-05	0.00191950655405951	0.0165778945632949	0.00201496411777914	0.000484973383761311	0	0.00228619647371387	0.000462053471621843	0.000272360984391749	0	0.00154044127457347	3.35072523127906e-05	0.000463149417205102	0	0.00200144839927533	1.40389362495227e-06	0.00206642044262259	0.000456890673388906	1.47811416284841e-07	0	0	0	0.0190024258268963	0.0013099376571631	0.000258467966997963	0.000707619650316697	0	0.0164015752429576	0.00178562319817317
A[C>A]T	0.00670386457843384	0.00031931962646977	0.0162083255304052	0.024437222068403	0.00932780569679357	0.00204582640369226	0.000398043098806879	0.0337665308083529	0.00697587073514507	0.0092721136493033	0.000198746934418554	0.00462723264552981	0.000825622176763003	0.0304375790872603	0.00606882018065487	0.00888733738683368	0.00314387017829132	0.019474076033011	0.00750656563999736	0.00305259145030238	0.000604688991474851	0.000920423325665544	0	0.0253399251311844	0.00498623359956682	0.000604146736511704	0.00272810552477193	0.000534015722463192	0.0273463402680957	0
A[C>G]A	0.00217828481481852	0.000292141769857883	0.026900279549462	0.0109707250544475	0.0132981958521548	0.00157426038044195	0	0.00944552901352859	0.00553794685869266	0.000566733595612053	0.000782323755391266	0.00350706029359683	0.00414025513761197	0.000115647548464167	0.00131716485417458	0.00545190484944253	0.00184780024373347	0.00171036019023794	0.00661691560257297	0.00079554694495246	0.000566720406624892	0.000592110370180436	0	0.0138936043527849	0.00906961649331446	0.0014465877421968	0.00149462601796271	0.000298524468630498	0.01067286520192	0
A[C>G]C	0.00279692119696871	0.00026811164995468	0.0122114097724062	0.00547243372563965	0.00744490122258378	0.00130207983619953	0	0.00436133537449212	0.00237770809735143	0.000304686605679867	0.000300422798066507	0.00152053335602016	0.00090488066224913	0	0.000107292805876095	0.0024425385459287	0.00162100699796448	0.00252456261252154	0.0019422465418814	0.0021059707185351	0.000812478706754968	0	0	0.00874550568790313	0.00165513388896657	0.0015561761851062	0.00179123824848684	0.000281851313355586	0.0035767593585549	0
A[C>G]G	0.000574014290101752	0.000194700334906113	0.00473554441237482	0.00280827722110461	0.00210257110195589	0	0	0.000529078624161103	0	0	0	0	1.74723483371664e-05	0	0.000575457673855275	0	2.29809314723311e-05	0.00236123389653453	0	1.16417869782979e-05	0	0	0	0	0	0.000279677954794505	0	0	0.00014192611150852	0.00437488121547029
A[C>G]T	0.00318744441518348	0.000602349582407269	0.0231963390360306	0.00543049379297844	0.0118498349064981	0.00193815132981372	9.95107747017198e-05	0.00867807850253946	0.00389828070493401	0.000201567688028333	0.000894361204883494	0.00251480035083142	0.00376471026867732	0.000102829659078582	0.00106470529485173	0.00737245033225976	0.00131355210848618	0.00399326078689424	0.007303685487565	0.000861163954353039	0.00181406697442455	0.00029879600054926	0	0.00399810479223368	0.00344202705084558	0.00252449813424854	0.00132751927235248	0.000320047501209771	0.00405714616144489	0
A[C>T]A	0.0356960677348376	0.00825102840801093	0.0200297502918121	0.0135720309951928	0.024884007784024	0.0377822491306069	0	0.020420316719035	0.010729772038717	0	0.025146120709005	0.0136888482427489	0.0016233265377789	0.0338847317000008	0.0140098443580387	0.0153334823890571	0.0103976597050658	0.00431356609954386	0.0252127301408384	0.0375015479709727	0.0057805481475739	0.00349377645736774	0.0225491907535637	0.00731635339250118	0.0236972354591576	0.0067133749848236	0.0154899179169544	0.00635639426900706	0.0059631708224541	0.0737925067255561
A[C>T]C	0.0155215089908703	0.00270858867231213	0.00893342168365522	0.00760060239672174	0.0130234219426725	0.0176865844417103	0.0197550222207285	0.0057221166438787	0.00578920232398609	0.00324999046058525	0.11005488502503	0.00547392008167259	3.98072950494075e-05	0.0332632452164754	0.01813248419306	0.00773470539544089	0.00420899181885387	0.00249064602726969	0.0207513709474697	0.0226989742825586	0.006296709977351	0.00153325658778121	0.0836933343749389	0.00399051690050825	0.0132952184334085	0.0108210287814034	0.00548603209830238	0.0019028605836461	0.00922857776191317	0.0552335101475713
A[C>T]G	0.166278154281281	0.00295032244075006	0.00320708508557185	0.0025365084577719	0.0152959741362448	0.088071166491054	8.96402024896515e-05	0.0174409455765752	0.0115513367905461	0.0114391613444535	0.00644518905575434	0.00172166965981741	0.000278105398685904	0.0459444221867461	0.0296360702035467	0.00318412245339257	0.00822016763688264	0.00764402877480192	0.0336271535614235	0.031604346915232	0.023240929794111	0.00325882575945851	0.00845050949579842	0.00288638020186796	0.0177799443231988	0.0181420309918807	0.00606313245605639	0.00508962016253014	0.0290765867292104	0.0185709169338191
A[C>T]T	0.013575482292457	0.00327957436628995	0.0147459187763822	0.0059333172923283	0.0166943348250903	0.0160435860079024	0.00427896331217395	0.0209099902408132	0.00779656140986802	0.00473684066866582	0.0634996455467281	0.00673966494022821	0	0.0284838155647673	0.00702705494602143	0.0102002395007977	0.00567138946043322	0.00562016536649997	0.026983060273504	0.0190984827228882	0.00302344495737425	0	0.0336847322093506	0.00352327807798417	0.00575120539975958	0.0114536096534837	0.00449185367936658	0.00169460179449923	0.00486604393705482	0.022102528718564
A[T>A]A	0.00409896501884446	1.23696181534637e-07	0.00796070031923425	0.00457513920243729	0.00854899443786771	0.0006123277505228	0.000943164879159488	0.0127307820064469	0.0117650125612127	0	0.00018837269526448	0.00552979473085129	0.00114941730393851	0	0.00211917207148231	0.00775338817155353	0.000574464230740006	0.00288608154944916	0.00105759591626595	0.000552487403673238	0.00792823322675132	0.0469257396417678	0	0.00113910014172561	0.0194407753592583	0.00427097400485782	0.136100104240711	0.000950382013491634	0	0.00723346728494131
A[T>A]C	0.0025548286539557	0.000111688727855642	0.00736152027559548	0.00392959287663051	0.00751083319693251	0.0035601353329743	0.000797622659552211	0.0125174662664268	0.00431694177486421	0.000201956717610312	9.95652599454366e-05	0.00655110030826094	0.00103565980531662	0.000824224978661415	0.00960084177213543	0.00738667930565812	0.00186102445327154	0.00081482421525841	0.00538670045005252	0.00200454228589326	0.0294849945822717	0.0116635437098784	0	1.56595086584619e-05	0.00894500777266986	0.0129819589001504	0.00147223374799088	0.00350750567804772	0.00311722152342555	0.00377366368025214
A[T>A]G	0.00305874358559636	0.000531649788540934	0.00741870956571472	0.010175957143586	0.0117976991662474	0	0.000906238115361693	0.0142744476285561	0.00705875538154207	0	0.000703879295008143	0.00468221166624032	0.00010119450578667	0	0.000969620146877798	0.00817539395813146	0.00108788304781251	0.00456843847669241	0.00461904069020926	0.000195709323638616	0.00275343154375353	0.0685712257023695	0.000243676178048293	0.00660038869757503	0.00634112601755178	0.00119873645747841	0.00124535349574061	0.00187949423836253	0.00403638392024812	0.00671956512468056
A[T>A]T	0.00766081473703007	0.00012525377509293	0.00743256517962607	0.00257052499926674	0.0096625446532325	0.00486234828149088	0.00296751666801799	0.0206450832175471	0.0161702321686148	0.00103045060899335	0.000254007601131951	0.00514244634814026	0.000807440287045503	0.000788525823681695	0.00716657285918861	0.00722808575949731	0.0017232029128062	0.00233760052707637	0.00285219045446567	0.00641671743587264	0.00369236208515086	0.0124122071480512	0	4.35949028352593e-06	0.0127035070081647	0.00343801784230551	0.0021679030899524	0.00500991768976754	0.0044379625535023	0.00802244751917057
A[T>C]A	0.0141837569219992	0.0012180299819342	0.0123121069710359	0.00800649360426525	0.0339608301747136	0.00765409688153499	0.000471582439579744	0.015437356438323	0.0245023402101289	0.00296121626298164	0.000565118085793441	0.0444290404237362	0.000507834359434177	0.00253401544205528	0.0116049899152603	0.0686318434444923	0.00252773936945253	0.00278710716896719	0.0139410370780511	0.0157695758268726	0.0253130337962542	0.0159258057790246	0.00102716451739402	0.00461402266479526	0.0196622552182303	0.0527042004331617	0.004801198912108	0.00403480123348979	0.00978477600069715	0
A[T>C]C	0.00676106050128975	0.000420379426774126	0.00917186642697696	0.00201517583416949	0.0139788647607302	0.0060414417771685	9.97028324440264e-05	0.00784184493865607	0.0107923544371605	0.00525087465786812	0.00149347889918155	0.0319492122725957	0.000142165220016273	0.00473929362730314	0.00778734943739874	0.0173030433050348	0.0080026269978177	0.00152010713474667	0.00487852116231171	0.0195748298844976	0.0166610414591604	0.00110795871172051	0.000225176627428941	0.000648081539696641	0.00955852274756921	0.0279383271741921	0.00185596341467502	0.00821284334146805	0.00649048892646784	0.00883822723956752
A[T>C]G	0.0110314560094229	0.00057409122727533	0.011814718282476	0.00824252528630467	0.0291650896998868	0.0236431109210561	0.000704851867503539	0.0100194930503727	0.0182697198110501	0.00265151430355599	0.000804433480009307	0.049570371336066	0.000275476168591752	0.00364180047103172	0.00786469674689769	0.0355629637178719	0.00443504509361127	0.0033779009720228	0.0138571220706278	0.0562574616946786	0.0228432839185478	0.00496106082814987	0.000511948461410144	0.00283900383497776	0.0202278636655821	0.0529569804334793	0.00577729317007402	0.00581064188202905	0.0151335263350193	0.00922688684874429
A[T>C]T	0.00848124552933592	0.0012500635221989	0.0144159747985825	0.00308462999912008	0.0235684373479331	0.00211007566932623	0.000932648095662796	0.0186923540563792	0.02158944511161	0.00343483536331118	0.000254007601131951	0.0214268597839177	0.000222223139277546	0.00219034951022693	0.00571511506492256	0.0427661740770258	0.00264556924378281	0.00469080890167331	0.0138288022034699	0.00634768865488929	0.0162292193975235	0.00223635563594068	0.000270708412707271	0.00625096555910925	0.0123934336963872	0.0336404824033884	0.00221712101682215	0.00286471316602644	0.00686045380648371	0
A[T>G]A	0.00161821043328301	3.15072760986842e-05	0.00222084539633292	0	0.003324523874851	0	0	0.00401945330924476	0.0325725554380682	0	0	0.00114409546155544	0.000356946102340161	0	0	0.00497748376445412	4.97984923206858e-05	0.000366924259729212	0.00134603116615666	1.69794348104193e-06	0	0.00156232286043133	0	0	0.00502581003363715	7.72465645578848e-05	0.00108093053350745	0.00627456363240323	0	0.00507277656339877
A[T>G]C	0.00192229878510982	2.45414146889043e-05	0.00146193216049228	0.000201517583416949	0.0022804866784392	0.00183400911092615	0	0.000799178874725938	0.00524200072662083	0.00403913435220624	0	0.0010078615858863	0.000109802425776548	0.00206056244665354	0.000640056118142362	0.00424987028544713	0.00640818539710862	0.00126063994063173	0	0.000387787426822137	0.00313025627414528	0	0	0.00151088528002611	0	0.000165203697651411	0.00096431355896193	0.0173109317914766	0	0.00248266284710435
A[T>G]G	0.00150801710957738	0.000272797481954638	0.00912934726271492	0.0015263935715379	0.00562840084982358	0.000762680997453422	0.000906238115361693	0.00698211172353804	0.0053978717623557	0.00152971979051307	0.000100554185001163	0.00183216978244186	3.55233325984011e-05	0.000728360094206345	0.00129282686250373	0.00623373789307524	0.00348325676875806	0.00240353542171244	0.00102645348671317	0.000676464603622735	0.00163166313703913	0.00109736727910021	0	0.000883475943643226	0.00724981135361567	0.00128333425428715	6.87129493687627e-05	0.00693892408614737	0.00301973641950063	0.00641869059606507
A[T>G]T	0.00289406134074743	0.000182864523970851	0.00596967725778744	0.000171368333284449	0.00329855428323848	0.00266053019175916	0	0.00251742636472843	0.0168694854515819	0.0117643111193408	0	0.00257122317407013	0.000159935456807095	0.00490638290290832	0.00263076725210721	0.00653969663954519	0.0260535737902215	0.000289242304773375	0.00146931023411868	0.000460106394849771	0.00154563994262129	0	0	0.000943876188303375	0	0.00159314608689018	0.000218934914247552	0.0765636800470524	0	0.00819148664472032
C[C>A]A	0.00702149762807654	0.000661137069490109	0.0185270773658664	0.0458920772679495	0.00970294843312726	0.0107653407559397	0.0011820683310697	0.0315603457475862	0.00995191862723808	0.0030927430640393	0.000688588415192113	0.0134427617327477	0.00165075713245308	0.00570029920204341	0.0111718863243978	0.0158956154814262	0.00101049741098309	0.0880976544067692	0.0112465370534473	0.0174565414933957	0.00199527167091938	0.00449383282071572	0.000165408351368804	0.0648093814708017	0.0147412800317695	0.00370696013663398	0.00503210778317508	0.00120313816173749	0.0519192756538707	0
C[C>A]C	0.00801775365465872	0.000213915533064797	0.0159477407462641	0.0626994996020695	0.00509475094771029	0.026350105770104	0.00060627756753503	0.0260284506078614	0.00593764883863196	0.000921050770314462	0.00171541619602134	0.0114401486633078	0.00114789670547812	0.0106504684339897	0.00908152623205843	0.0102550819947821	0.000423567352865504	0.0210138313387033	0.0163778478797538	0.0376150566948466	0.00143271229994852	0.00381415222879524	0.000758949045730644	0.0353086976587091	0.0079743296200592	0.00408461362024172	0.00227685877525109	0.000353073908028995	0.0267540429817194	0
C[C>A]G	0.000765511287868886	5.32176597281732e-06	0.00155990477113412	0.00705569150951278	0.00226220774245245	0.00781210228606436	0	0.00092916870327469	0	0.000562471224312647	0.000792285655817417	0.00224560251071225	0.000189832507506651	0.000737857091552252	0.00127330376478773	0.00177142604755085	0.000234491570586942	0.0137312562892193	0.00145577220180242	0.0100996280638131	0.00216948137600229	0.000716104269928263	0.000132587090523788	0.0184199581556442	0.00102214105194207	0.000653985609306393	0.000213096012323087	4.44925190202432e-05	0.0117910648109471	0.00181746998899132
C[C>A]T	0.00784121549007921	0.000416448765376974	0.0148856226919633	0.0440782053836512	0.0113209903236709	0.0623800735110515	0.00131252642303864	0.0293575540174333	0.0094716469053334	0.0163608362154993	0.00141153962467452	0.00724630229937531	0.00124343443854416	0.131143952684588	0.024629684938157	0.00860721947009988	3.15794608118838e-05	0.0383253903074414	0.00988041975712344	0.106465695218104	0.00572615941351622	0.00449475599267516	0.000743773245603814	0.0209926300030268	0.0127975573594826	0.0195193161504211	0.00315725101322401	0.000196998669432462	0.0417715651521365	0
C[C>G]A	0.00136790265258491	2.71035285915108e-05	0.0166043509843971	0.010452642327841	0.00755937177012103	0	9.85056942558084e-05	0.00658498197949167	0.00182790342132944	0	0	0.0018919442438682	0.00514859762324426	0	0.000948556386033776	0.00399889697645943	0.00188408476444164	0.000455001102151649	0.00020083101881156	1.33771286808821e-05	9.97635835459691e-05	0.0005748717789131	0.000199857467673771	0.0137418866379331	0.00715628941586167	0.00127948921357097	0.00469986050279723	0.000106428776797677	0.00264479515396424	0
C[C>G]C	0.000766720511002164	0.000279950777882303	0.0136922368346911	0.00990529553974062	0.00785279238820416	0	0.000404185045023353	0.00620233932257766	0.00208338555741472	0	0.000201813670120158	0.00194073950538258	0.000903363557232333	0	0.000324340222573515	0.00512754099739106	0.000712204749671167	0.00372016301845954	0.0028841493121579	0.000564852138263596	0	0.000836190822439691	0.000292276983212589	0.0168460105887823	0.0046879210664792	0.00124668618617884	0.00128576095166992	0.000152418855699099	0.00115146941468724	0
C[C>G]G	0.00043408700161884	1.50615206562557e-05	0.00331817750376946	0.00505123369431029	0.00211126592844201	0	0.000476028229322511	0.0005256579503107	0	0	0.000633828524653934	0	0.000221942698653795	0	0.00033954767061006	0.00225454224233745	2.77315587998549e-06	0.0043210113214064	0.000161752466866935	0	0	0.000303982525190958	0	0.000654929338335413	0.000659328437176305	0.000167441781650029	0.000288747984400979	0	0.00123639248363113	0.00260771275250386
C[C>G]T	0.00150738901074222	0.000312868615550936	0.0243122238192674	0.00959109098625743	0.0096800476466669	0.000218494127884594	0.000302890713008918	0.00795856774326106	0.00405927724514289	0	0.000201648517810645	0.00193915131955114	0.00631537547080053	0	0.00183642387696785	0.0081973518762856	0.000956807137856762	0.00561459881801956	0.00082336831309362	0.00012430860875533	0.000306758540009798	0.00178242068479562	0.000201475085919583	0.0108573047305814	0.000200016044576093	0.00235504595971286	0.000272925972895879	0.000307097723140465	0.000144656037053523	0
C[C>T]A	0.0222448820815575	0.0146579471004186	0.0141998870039611	0.020905284655682	0.022835209186471	0.00905994024014725	0.0742732934688796	0.00484074596175779	0.00995191862723808	0.00119719086349908	0.0304946298156507	0.0186207144001765	0.00352073426698771	0.0061074634307608	0.0053751528541914	0.020994209126412	0.0208134507624352	0.00969373868371206	0.0439819931197316	0.0111961299952568	0.00339196184056295	0.00763642572323632	0.0608185995459251	0.0061541538727625	0.0142454103860274	0.00659642019089332	0.0173249882746127	0.00452165143274834	0.00921684209693547	0.0692679723975229
C[C>T]C	0.0202035793867519	0.00352077800042488	0.00864631957711432	0.014704768636316	0.0180131271195973	0.010824317308051	0.101753585084629	0.00406177201394207	0.0071876801730808	0.00245613538750523	0.1531765756212	0.00960155334241908	0.000994388574685274	0.0174375316517282	0.00951397986215645	0.0100499803548865	0.00386262156632595	0.00575686077067463	0.0775630154305322	0.0187060419136946	0.00931262994966538	0.00720468980108706	0.191958809346589	0	0.0060521212509257	0.00668054861724444	0.00728144309007557	0.0027964190974497	0.00732167242045482	0.065317802754908
C[C>T]G	0.0819468307439448	0.00391384633678696	0.00279540594654191	0.00609355175821558	0.0103894771669091	0.077348397359824	0.016502311949847	0.00668147652284454	0.00621604935724873	0.00875848049286836	0.0106958563535351	0.00368920412474156	0.000100450980847917	0.02402134753609	0.0131574722361398	0.00128830985276426	0.0103868033002134	0.0129357769072519	0.0192485435571653	0.0359117377902731	0.0255516695395825	0.00437701440574902	0.0122508565704454	0.00240169918687262	0.00925257948821586	0.00959129461005859	0.00600415339989271	0.0018945424408206	0.0161662925401746	0.0139078549024978
C[C>T]T	0.0186721781861782	0.00895904525303714	0.0162532612369518	0.0205086094493377	0.0209999583278218	0.00950449456297982	0.0795592939503424	0.0192143199874232	0.0100961510968938	0.00439697473291543	0.0822725952667432	0.0209224221319991	0.000605279336740725	0.0194055490845929	0.0103703936581714	0.0216205155737033	0.009678683732754	0.00524200871928146	0.119285484359438	0.0142575193475286	0.0040901138667973	0.00422134692666685	0.160557585198597	0.00415034482156617	0.0138864004540533	0.0063961337497957	0.00727869960658346	0.00255808008708361	0.00169141527875739	0.0349953899825302
C[T>A]A	0.00132578474381851	0.000158893527400248	0.00786547846307781	0.00786285304877221	0.00532650327356743	0.000112250558962517	0	0.0125978395424215	0.00588200697362549	0	0.00041438475362896	0.00178273076327121	0.000289890177916393	0	0.00177591726920602	0.00568533538038854	3.10044103404908e-05	0.00043097456581407	0.00454727643447336	4.76523057284141e-05	0	0.0903918836803642	0.00062865843853643	0.00297093279741945	0.0275223084476893	0.00375176557912786	0.345899945479354	0.0027830299417406	0.00187765650221762	0.00557958058488089
C[T>A]C	0.00213747981038107	0.000477772073278993	0.0132437974914245	0.011658086300574	0.00656954460912774	0.00292379723935995	0.00145497947964733	0.0187680299445305	0.00524981883938784	0.000105256674365258	0.0011416207487418	0.00903484445630586	0.000226384416549059	0.00365137164179726	0.00478141670749846	0.0135007436263101	0.0105572818829838	0.0026086769816213	0.00561492761303838	0.00465178058673278	0.00389440631903628	0.0559669932937536	0	0.00289866825640979	0.016566436320394	0.00411757511709617	0.00294912968396909	0.0213032536461495	0.000408462814041712	0.00714236888709362
C[T>A]G	0.00163216564420049	0.00023170402127385	0.0116978921738161	0.0350814899150537	0.0108586147768759	0.0008786411260191	0.000710517058287626	0.0167675628716294	0.00533661717457254	0.000308402958314998	0.000608174287558464	0.00318076481880418	0.00028542266382682	0.000209775494426136	0.0029322401749013	0.0133917924341001	0.00450514844576535	0.00564808402123309	0.00217287740232056	0.00116745906996441	0.0025699648431794	0.217009957191772	0.00017911146260266	0.0072614818932173	0.0643726554519387	0.0024637598481121	0.00450113133420557	0.00937203362113708	0.00370134299123557	0.008492197943372
C[T>A]T	0.00246877246069279	0.000597030380157847	0.0172741994117607	0.0121823807004027	0.0104423793168791	0.001247661082209	0.00188682393739636	0.0277873812212133	0.00745636857391754	0.00095548130319934	0.000418715655520302	0.00572197595359228	8.22231103322417e-07	0.00216639256519764	0.000785084166811965	0.0102128979722012	0.0325425021306595	0.00349961155181107	0.00235082885411361	0.00255014642853252	0.00106162118588996	0.0649851460117049	0.000489154159874223	0.00316318649475481	0.0387303555457163	0.00174136726219698	0.00574159924136876	0.0119894544928528	0.00239948442285466	0
C[T>C]A	0.00468242073569093	0.000561803531345889	0.0082017467925136	0.0054515781138154	0.0150385978961061	0.00695953465567604	0.00103739330568385	0.00542066346254014	0.0164696195261514	0.000525332484923236	0.00010359618840724	0.032718352831801	4.34607726779571e-05	0.000643195474702883	0.00355183453841204	0.0153714623247542	0.0076554373371078	0.000200850786352863	0.00697954057384283	0.0157291926424984	0.0230090273625966	0.00418924642756468	0	0.00198540402252056	0.00944891838079597	0.0399144038122861	0.00512578955227168	0.0224869222867011	0	0
C[T>C]C	0.00589927896014992	0.000403960905709005	0.0150189812275242	0.00273072291725156	0.0132150742663183	0.00449814959901531	0.000831416845512758	0.0114793853128317	0.0126424208785258	0.00199987681293991	0.00041513481772429	0.0404466873916018	4.41057648947215e-05	0.00569184402986043	0.00555978686918425	0.0204620645586263	0.0409507504317553	0.00319375895245766	0.00741594213042805	0.0194549443911268	0.0105254224838818	0.00140935885835391	0	0.00479122260294081	0.0112942331023978	0.0229441401784531	0.00600019478625721	0.047019047182231	0.00295666736256769	0
C[T>C]G	0.00769290878752575	0.000364058000253309	0.00856154062335303	0.010257745589197	0.0193677675956266	0.0296541380031446	0.00101502436898232	0.00579986441664186	0.0161144910761602	0.00154201479157499	0.000101362381259744	0.0425812064452818	5.39833160669451e-05	0.00167820395540909	0.0139009904587914	0.0195726197113771	0.0288537907370779	0.00265524652198134	0.00413881409965821	0.0767556266465397	0.0216905032764341	0.00279852971388108	0.000331803306804279	0	0.0136717981267187	0.0486918237482016	0.00579574455293656	0.0393488990451439	0.0071828271295068	0
C[T>C]T	0.00760544172970543	0.000582506194326219	0.0125255807956839	0.00572042224192824	0.020334927648505	0.00374298324662699	0.00471705984349091	0.0117726618935884	0.0297174109830047	0.00212329178488742	0.00094211022492068	0.0343318557215537	7.84735657366693e-07	0.00292462996301681	0.00392542083405983	0.0279790850696761	0.106100365670033	0.00138352094704814	0.00566336042127369	0.0117602081237443	0.0216570721921551	0.00248405412006689	0	0.00173327354823754	0.00947683221040597	0.0220774733953635	0.0041237462856351	0.0055360932866671	0.00326854045818416	0
C[T>G]A	0.000339343503116669	0.000116945382288819	0.00205088131961773	0	0.00215635478484726	0.000112250558962517	0	0.00253969123902999	0.0231002455691474	0.00231146293366224	0	0.00136326470132504	1.53446420443641e-05	0	0	0.000210567977051427	9.4283190520176e-05	6.37584070929129e-05	0	2.46121016929641e-05	0	0.00116539506136811	0	0	0	0.000100494784445253	0	0.0103985917452471	0.00118784030676451	0.00485637164766742
C[T>G]C	0.00235686460230082	2.27499625840123e-05	0.00606153092643449	0.00136536145862578	0.0036805846675574	0.00449814959901531	0.000831416845512758	0.00220018680517116	0.00685690623920044	0.00189462013857465	0.000103783704431073	0.00514776021347659	0.00015034578701467	0.00214786567164545	0.00211271901029002	0.00864891388560494	0.0204607046799422	0.00211057167387918	0.00116536233478155	0.00898388989892647	0.000526271124194092	0.00110938446620576	0.000201423855160622	0.00235106555580901	0.00302649467140886	0.00413640695367309	0.00039960953067717	0.036839823854263	0	0.00631430322368491
C[T>G]G	0.0017545680008566	0.000229528005863075	0.010636811245893	0.00471856297103062	0.00738624452661737	0.00549150703761937	0.000913521932084091	0.0067699020499665	0.0131845836077675	0.00380363648588497	0.00111498619385718	0.00461723925310284	4.57422340177709e-05	0.00052443873606534	0.000760210415715152	0.0069019237929593	0.0135645900237028	0.00543222687764685	0.00134511458238892	0.0159242402900675	0.000411194374908704	0.00426300204286445	0	0.000119683594387489	0.0120525958800058	0.00566629483154675	0.000412820736821918	0.0196451149619582	0.00225783771120542	0.00758231959229643
C[T>G]T	0.00312488547843729	6.9696492204983e-05	0.00915806870734103	0.00127120494265072	0.0122589726114887	0.00975444118817944	0.00136270617700849	0.00515217364571042	0.055004226146725	0.0193219552424755	0.00094211022492068	0.00667563861252433	0.000476335277453954	0.00682413658037255	0.00504696964379121	0.0197874898211397	0.27231506404049	0.00247299384293671	0.00203026128309812	0.00233618941559423	0.00339718779484786	0.00171262635899365	0.000225268363310851	0.00274925327896249	0.00904299707487419	0.00722629053270044	0.00152142842398476	0.130348307257246	0.00122906523602712	0.00970970810362416
G[C>A]A	0.00853143364391404	0.000334428857814394	0.00931140756805588	0.0364377682129024	0.0116103483141167	0.00249026051337015	0.000287680035834128	0.0229355249266631	0.0116651380062634	0.00135968190118658	0.000383044116826106	0.00600998731338148	0.000124144069797442	0.00178364846001102	0.00246240235426839	0.0093428330954949	0.00622693208085421	0.124363968270784	0.00312808040183767	0.00109149094357153	9.7117875625595e-05	0.00124841932764462	0.000342011239871252	0.0542733106008942	0.0130271895746133	0.00133923992046727	0.0104024815820326	0.00214159449229142	0.0767291541047881	0.00859597873183925
G[C>A]C	0.00547543945779794	0.00011665850809297	0.00955482180009663	0.035481153751471	0.00828487995465845	0.00552233117711262	8.79932550133738e-05	0.0140605959409745	0.00834558173736721	0.00196061750409721	0.000878718396869032	0.00498116360867924	0.000650375606562694	0.010365792792944	0.00932060030250524	0.00839452496211893	0.00113117817846316	0.0142668850440171	0.00278067694856643	0.00293566254878161	0.00338644233254214	0.00159665386041648	0.000509746870356651	0.100144319352059	0.00574229892550559	0.00175281960981264	0.0110421627551215	0.000394763701454105	0.0662710133004616	0.00832607733150779
G[C>A]G	0.00049497835279828	0.000131378797348254	0.000691455739504284	0.0170480299943648	0.00212544305389479	0.00168864070941638	0	0.000638637240603259	0	0.0001505302199819	0	0.00112682777797601	7.05089803061693e-05	0.0008447221123827	0.00103365485293266	0.00271515281604887	0.00094784473476549	0.00694168711279598	0	0.00284321804382116	0.000225790075278702	0.000248760956893107	0.000113181120701827	0.0357894969257838	0.000493415976911237	9.9836750408563e-06	0.00122141802885624	0	0.0132441147109506	0.000666161841114447
G[C>A]T	0.00490019522685179	0.000123748399300208	0.0124390991540162	0.026513491724518	0.0106649331337511	0.00957273616969826	0.000101688482386699	0.021629746202661	0.00891066458015465	0.00906306823186125	0.000609289020227546	0.00277542136018905	0.000549171588638554	0.0773388783017325	0.033619368533357	0.0065017640282697	0.00313598511693398	0.0737824813512307	0.00746352036034756	0.0134162509797625	0.00236870134414541	0.000529342268293621	0	0.0530819863352042	0.010744657858014	0.00199811571969983	0.00760205228412988	0.00140143812373657	0.0621375228038434	0.00840654917795232
G[C>G]A	0.000623978750982544	4.2598648305011e-05	0.0114435252589928	0.00678362706091269	0.00542767585987163	0	0	0.00360711657367252	0.00108742811922794	0	0	0.00116322335097706	0.00126805610262781	0.000198183162223447	0.00225720215807936	0.00301695652042023	0.00123513735514745	0.000892585725816179	0.00195505025114854	0.00131020062000173	0.00038847150250238	0	0	0.00490859999560729	0.00403399203345932	0.00128597034551209	0.00137157172526675	8.17810252124944e-05	0.00026127373208306	0.00716331560986604
G[C>G]C	0.00227589551834724	1.26582951716896e-05	0.00865630405150201	0.0080921929608618	0.00482766643405137	0.00285637819505825	0.000351973020053495	0.00270744843388698	0.0026306725041701	0.000178237954917928	0.000175743679373806	0.000978442851704852	0.000680179500046404	9.09280069556488e-05	0.000470737389015416	0.00285771062540219	0.000227984349279055	0.000575048475229692	0	0.00162526229281048	0.00374290994649394	0	0.000123325855847178	0.00853455265044898	0.00212423749426354	0.00164904466217438	0.0011951668036637	9.67750309016549e-05	0.000852520849854048	0.00587206339939809
G[C>G]G	1.99597465060001e-07	2.99405171971477e-05	0.00124357942090514	0.00465629013061947	0.00083271044964075	0	0	0.000241080192679534	0	0	0	0	5.95638187893423e-05	0	0.000477071470584304	0	3.2323424392046e-06	0.000406434669792939	0	4.83168115405391e-07	0	0.000159981597471684	0	0.00432761933548603	0.000313542913033608	0.000154747706456755	0	0	0	0.00118431279987578
G[C>G]T	0.000978132046377254	0.000270432000100942	0.0182424232867724	0.00616592830802745	0.00625452202859723	0.00187053465384908	0	0.00593156730930407	0.00461257931208005	0.000411957646902784	0	0.000925140453396349	0.00267072715068862	0.000315239993077714	0.00195840981747711	0.00299287550507653	0.00183928925307759	0.00141047363072277	0	0.00128411635993941	0.000411948059851376	0.000549011705576131	0	0.00321654760645168	0.00204571896008627	0.00126550964125399	0.00467740313501991	0.000169722793144209	0.00500076297715346	0
G[C>T]A	0.0258492325836778	0.00607156109354155	0.0154867220651272	0.00843107934713434	0.019563391916785	0.0677558381346129	0	0.00218995551439937	0.00612914030837569	0	0.0249936286229034	0.012019974626763	0.00275722325700619	0.05519401067923	0.0488376466929897	0.012165147259759	0.00197110896890244	0.0026115094354663	0.0365594396964778	0.0555405058885455	0.015830213726972	0.00184168280014931	0.0520796590810746	0.0235044619158237	0.00971151301548482	0.00935455362952433	0.0137482615399872	0.00339210566946615	0.0114423258474685	0.0471826310750884
G[C>T]C	0.0258285104521663	0.00173990762741037	0.00723319679045206	0.00711401578976861	0.0161456524906369	0.073599344826001	0.0184785835528085	0.00143668308509852	0.0062591863030254	0.0119419429795012	0.0856750436947306	0.00818334021425876	0.00216880205322404	0.056193508298591	0.126628357645147	0.0082159180480313	0.000284571489789549	0.00372282915537861	0.0550753434328964	0.0488433992656451	0.0349338261672768	0.00284910777529977	0.146122816286585	0.014500007207524	0.00617337504743918	0.0174308313394493	0.0178768227612934	0.0015519962809804	0.00341161712666415	0.0440843114920946
G[C>T]G	0.0831775998801514	0.000223101105030927	0.00090264329557396	0.00172733343555238	0.00998249438003214	0.107670948090882	0.000148628770344517	0.00871119809012026	0.00674178604282806	0.0203215796975565	0.00667906598677987	0.00172780259289655	0.00233420910989416	0.0751034750827528	0.145427286616449	0.000678788204012218	0.0055461252509692	0.00890778167298897	0.0210599407282598	0.0034806406831504	0.00143000381009845	0.00245945638360598	0.00988246755307947	0.00972959933535148	0.00784870585773637	0.0169815210641858	0.00702173372527012	0.00170058984373219	0.0149972870254483	0.0118429022577069
G[C>T]T	0.0194398247969747	0.00329018188926453	0.0108059944241547	0.00842676868763751	0.0201914268170793	0.0576564799186424	0.0163718456642586	0.00645457941610035	0.0105879661481838	0.0156543905823058	0.0530081447597965	0.0118212391267311	0.0016818136254252	0.0583193987193771	0.0870404363323159	0.0119715020203061	0.00093530630529947	0.00196028511981906	0.0950562245894266	0.0514168133187221	0.0170958444838321	0.00113593548836247	0.111517737929662	0.0190836659911906	0.0100785622910144	0.0178720405637067	0.00778385979971847	0.0011096582660153	0.00600638170697068	0.0194464193826195
G[T>A]A	0.000743391228280935	0.000113697678517966	0.00443202196681088	0.00695895503637807	0.00684857271951023	0	0	0.00820343745224627	0.00308645638490111	0	0.000298979268856808	0.0015132272050627	0.000134920187501352	0	0	0.00303850270899992	8.4738296751899e-06	0.00188567711705863	0.00264504029583861	0.000166024502342092	0	0.0537453898949955	0	0.00229864497564834	0.0364659851600241	0.00227297949477742	0.110568091615836	0.000575246196450252	0.0029979165204126	0.00377724522472856
G[T>A]C	0.000655012949341332	0.000319442031724666	0.00617000754434424	0.00576595436322064	0.00449248465642413	0.00332426398887005	0	0.00876534678721283	0.00328027160680994	0.00011112536848398	0.000328710814789205	0.00432564033132516	0.000271886875916858	0.00283452766362614	0.00446103166259789	0.0044542160845403	0.00280558971486313	0.0016695693849289	0	0.00425110193114192	0.0157794350981977	0.0104400960188662	0.000204892269459688	0.00551205557048007	0.006472618795435	0.00580193231727871	2.59563283911912e-05	0.00362866447031226	0	0.00371569451566251
G[T>A]G	0.00137667642656642	9.3294435845169e-05	0.00857753422911092	0.0142658807059605	0.00736362701548247	0.000689077094852674	0.000636828869189813	0.0097087715269892	0.00306371898866835	0	0.000423966771035909	0.00203853649019164	0.000159673285614058	0	0.00295259681599032	0.00549364455514407	0.00373201555680953	0.00160975742947054	0.00173113499105103	0.000896594613752638	0.003332298448755	0.0535254485788972	0	0.000215075009490983	0.0409495524006024	0.00146379055022985	0.00167628820421571	0.00238838480136608	0.000580672929493662	0.00539145546379776
G[T>A]T	0.0023204574864438	0.000217822380046356	0.00885666916990554	0.0046341759834225	0.0052922260611339	0.00231552204314534	0.00101902433140221	0.0183315364261744	0.00378186880638775	0.000412824398445391	0.000101761825576767	0.00319329943386419	0.000122572574326987	0.000947709757204341	0.00468826677237606	0.00341285142201072	0.00392752185401283	0.00370732888699583	0.00540166139795253	0.00197527731252262	0.00423135161003573	0.0108323730435708	0	0	0.020734463116567	0.00260055051237329	0	0.00213850466237043	0	0.00659730848992166
G[T>C]A	0.0121306689023342	4.62115546631914e-06	0.00684579150701115	0.00615211966984149	0.0165565215681464	0.0131742040858535	0.000199594918705605	0.00576594411612323	0.00936225103420005	0.00646874856336482	0.000996597562856026	0.0578052792333952	0.00103085255594817	0.00804382060864854	0.0208215666316679	0.0163066312049662	1.13054630071117e-05	0.000532016391749496	0.00396756044375792	0.00251313400655709	0.144128449701561	0.0042203001507987	0.000255495669091512	0.0013117020508557	0.017609673787026	0.0993684070502464	0.00480852824029199	0.00381269638334258	0.00725492367818094	0
G[T>C]C	0.00829983879306591	0.000202262509680948	0.006879055043732	0.00177413980406789	0.0106956445705004	0.00700469911940475	0.00010972166833903	0.00574124551353765	0.0109719429607091	0.0112236622168819	0.00175312434554243	0.0303903961739255	0.000569756259257548	0.0143994005312208	0.0585803894641145	0.0110241848092373	0.0105288241837798	0.00251946134805115	0.0033554681185751	0.00175186907196681	0.0738966502838134	0	0.000601935115173118	0.00762139504849491	0.00447840193495611	0.0448200064305356	0.00217444150892475	0.00810967865258469	0.00799946570314722	0.00732206795482893
G[T>C]G	0.00570935653979908	5.20560764933135e-07	0.00648221359195032	0.004505014959777	0.015240784564995	0.0132073109846763	0.000318414434594906	0.0054032964337838	0.0102853423191009	0.005804783999288	0.00201384216242057	0.0439894716304512	0.000655361630455891	0.00899360135946929	0.0174884580639427	0.0159423410619867	0.00490820940124263	0.00627818053674485	0.00649175621644137	0.0295949208421349	0.095024252538691	0.00156965064298684	0	0.000305085397557565	0.0143514398853194	0.0480924181480485	0.00131578677139693	0.00913290775080153	0.00614050840818434	0.00845725668802401
G[T>C]T	0.0117473445424163	0.000584141011303923	0.00766296132303969	0.002471560524492	0.0162540889307408	0.00463104408629069	0.00825409708435792	0.00873568572354184	0.0132365408223571	0.0127975563518071	0.00234052198826563	0.0417189119585483	0.000675234978460875	0.00905589323550815	0.0102487692233337	0.0146856030886522	0.0082511510180948	0.00489882028256038	0.0102839322768712	0.00155701369132072	0.103513308899167	0.00159504461540784	0.0010342895030134	0.00447086955560966	0.014557433114505	0.0574600305475062	0.00385120993034259	0.000434451603045566	0.0117402918418897	0.00872872439377239
G[T>G]A	0.0001068189678665	9.44750622421655e-05	0.00414190813023816	0	0.00165378899272868	0	0	0.000982272967048909	0.00740749532376267	0	0	0	1.80823981584658e-05	0	0	0	3.88642464608625e-05	0.00134885949593451	0	3.64265940617507e-06	0	0	0	0	0.00558423272619285	3.78949398851973e-05	0	0	0	0.00328018077153328
G[T>G]C	0.000239952629187496	5.10938230084443e-05	0.00494659739672485	0	0.000366109375510153	0.00189957942221146	0	0.0005815671581123	0.000678676884167575	0.00222250736967959	0	0.000443655418597452	0.000100396619892359	0.00215424102435587	0.00258270254150404	0.00356337286763224	0.00989732476035444	1.01748890346306e-06	0	0.00316727944798887	0.000666736694290045	0	0	0.00121939811026633	0	0.00274170476359719	5.62054349618093e-05	0	0	0.00207643386149596
G[T>G]G	0.00136305490433244	0.000115591761620165	0.0174220406678111	0.00193072069704728	0.0064283926293341	0.00114846182475446	0.00180434846270447	0.00652565870708431	0.0054709267654792	0.000967463999881333	0.00105991692758977	0.00118020533642674	1.10034041347813e-05	0.00131613678431258	0.00420177239198623	0.000861748165512796	0.00504387884842999	0.0103672923850597	0.00465242528844965	0.00295845719753668	0.000429973993387742	0.00199823036806066	0.000202450650680261	0.00321328996121156	0.00930036360913466	0.000880783995168702	0.00507715036534292	0.00467926851075661	0.00396151783611657	0.00359433946591815
G[T>G]T	0.000881786337217453	8.73056220383179e-05	0.00721180998938697	0.000205963377041	0.00343143461363227	0.00385920340524224	0.000917121898261992	0.00558566512060144	0.0194346035883815	0.00309618298834043	0	0.0032963090930211	5.36654728590856e-05	0.004001441197085	0.0207155973663128	0.00455046856268096	0.064291875804387	0.00296764269450705	0.00259695259516949	0.00369809423665563	0.000825629582445995	0	0	0.000870337652458	0.00284633960659167	0.00810611072687979	0.00236225838605396	0.0337104187185076	0.00645747694621408	0.00578527173902341
T[C>A]A	0.0127508743871539	0.0144353233946053	0.0112398758851593	0.0321214168426642	0.0144877044946492	0.00177173714921287	0.00096317521581789	0.0262957425221534	0.0220433541324572	0.0364836022773434	0.000865661581989392	0.00642602825441376	0.0454620800941039	0.00049764952273948	0.00587407464647263	0.0119257037744582	0.00174612847704503	0.0650951393522196	0.00500743054944896	0.00067608636366366	9.75474685383367e-05	0.0039129928398243	0.00203350323943665	0.0313574643586692	0.00674209953126969	0.00262131336561708	0.00687697638135594	0.000781146043858159	0.0265573758705391	0
T[C>A]C	0.0126269235399914	0.00677462627259917	0.0174078717018624	0.0569125463905312	0.0128350465636269	0.00328468219350187	0.00209353527429566	0.0191240212836523	0.00464021546439491	0.0109196400666096	0.00261330820148978	0.0104755993016379	0.0177762741940959	0.0179558787388782	0.00694386522903345	0.015404130080401	0.00133807183613229	0.0441559281334876	0.0067224920319483	0.00433217653740764	0.000530067278905841	0.00287566326619576	0.000743043219616696	0.0677631928051048	0.0108212336203345	0.00215956659821082	0.00661816531977909	0.000907355853024009	0.0339208778111612	0
T[C>A]G	0.0022204476428278	0.00148184944784795	0.00122725485044745	0.0094902355493854	0.00358749664039109	0.00107474628919404	0.000180591869413846	0.00154561644312534	0	0.00283498459541403	9.01713420845709e-05	0.00173426394488244	0.00202910740500746	0	0.00241528015619965	0.00366561692716359	0.0019495280467404	0.0137937260440099	0.00165683844257539	0.000921862034573223	0	0.00046460825830275	9.14798465514465e-05	0.0119664024796582	0	0.000243052613121175	0.00131722663284644	0	0.0115721051800351	0.00152887794498151
T[C>A]T	0.0180426153346033	0.0134357899835684	0.0178903681711351	0.0409120607912015	0.0203224265933161	0.00686668684874045	0.00142238619865307	0.0421469184963686	0.0363203022113223	0.341639843054318	0.000437053401254484	0.00541955532054812	0.0199800610862276	0.0583407714662689	0.0169746757132242	0.0174338264285381	0.00544911302739599	0.12994285755011	0.00970360008400749	0.0136454586018193	0.000443246049217308	0.00395577281358229	0.000231336845374485	0.0343147699611013	0.0271838327601013	0.00335231796374842	0.0108213447678481	0.00228510053030886	0.0462237239055775	0
T[C>G]A	0.00195150150126597	0.0355379785059287	0.0154724042103904	0.00311480405747047	0.0026290996525436	0	0.000192635043163578	0.00400566540800179	0.00327671480347336	0	9.61846202210436e-05	0.00233673754705955	0.264502987701955	0	0.000927485470495679	0.00488758351412221	0.000375804860960578	0.00174960339448511	0.000490924563671467	2.38673120731313e-05	0.000195094937076673	0.000217774616791889	0.000226401922503895	0.010190375213541	0.0095218478740474	0.00410978789736551	0.00278840394706834	0.000524893604127564	0.000810163380601983	0
T[C>G]C	0.00233870298035143	2.0132989839251e-05	0.021121935437857	0.0111074672323527	0.00844487274192179	0.000226529806448405	0.00104676763714783	0.00401688724910654	0.00269779968860169	0	0.0011498556086555	0.00285698162771943	0.0655321059566931	0	0.00291194348314306	0.00679906431134943	0.000681873787038103	0.00829249044710594	0.00117376845002272	0.000162259089443803	0.000318040367343504	0.000659878222021671	0.000176888438396068	0.00821151642208931	0.00344969174798705	0.00298455262068434	0.00328117679931963	0.000730142954700149	0.000476615121916661	0
T[C>G]G	0.000297521035966956	0.0014541261375704	0.00228580961366032	0.00282882021183603	0.0012126448004319	0	0.000270887804120769	2.33938914834388e-05	0	0	0.000270514026253713	0	0.00843131060688899	0	0	0	1.22389678012142e-05	0.00137663012600968	0	0	0	0.000358365544701379	0	0.00148868770084264	0.00187430852769507	5.68222501124005e-09	1.16663247178905e-05	0	0.000132655011756058	0.0017986853134566
T[C>G]T	0.0037264738023536	0.0724979837617146	0.0357998985072452	0.00552865686367588	0.00740181875686028	0.00011839115256449	0.000765900260813194	0.00690366938449142	0.0055270025104186	0.000110814091162607	0.000874106802508967	0.00165904754710657	0.354068874218892	0.000113063510593544	0.00175600093585078	0.0187663481937766	0.00310095012918361	0.00393220141535461	0.0117112414806987	0.000762170821234904	0.000332434536912981	0.000282367216880788	0.000489546153447186	0.00690960670237139	0.0181045899841126	0.00891012640920779	0.00235112878870187	0.00142473799794912	0.00153663643478108	0
T[C>T]A	0.0150845699318387	0.400728405560611	0.00856522108337749	0.00340681693785832	0.0107844340673281	0.0077122675906913	0.11577366094131	0.00698499317623431	0.00496471939920207	0.00360934033225055	0.0290477553067552	0.0134362408955924	0.107451173163017	0.00915675121840643	0.0115420414106129	0.0168132872885804	0.0154086822583361	0.0144816777430643	0.021404310976076	0.0105202759584744	0.00624303798645355	0.00194771207121012	0.0142930194839535	0.026492647531368	0.0107645099275905	0.0110555118633266	0.0182217264010818	0.00767376618735081	0.0119252438767968	0.0828868125190466
T[C>T]C	0.0200008252814319	0.085010894374265	0.0141822278734183	0.00740497815490182	0.0220018977381519	0.00758874851602157	0.302201816844578	0.00429321468516454	0.00906460695370168	0.0223693597481031	0.16610186928669	0.010052342764198	0.0154121456441293	0.0306115282114611	0.0174716608988583	0.0139168347622934	0.0174523933500177	0.0105069172877576	0.0352130535006816	0.00872739095878953	0.00911715719718046	0.00208957939986598	0.0464239934080403	0.013062910272549	0.00681043332822942	0.0114880243801905	0.00843442730224106	0.00559825948113503	0	0.0957104251762345
T[C>T]G	0.0741636009632437	0.0426900307161921	0.00154207963078248	0.0010037749138773	0.00692656225800696	0.0382023453704426	0.0895735672292676	0.00504767244877492	0.00437507457693664	0.19579683931553	0.00721370736676567	0.000912770497306546	0.00539946043657962	0.00877090365071621	0.0100475654497905	0.00329905523444723	0.0145990584243909	0.0105071640332512	0.00828419221287693	0.0213304082098333	0.0115225724548254	0.00135672127298312	0.00253347349297928	0.0050130572739223	0.0128298801937107	0.00950338088305475	0.00419749428569939	0.00181026770313599	0.0146545473486199	0.0138501420580986
T[C>T]T	0.0162720666006415	0.247884201268112	0.0112903573521495	0.00851413157006086	0.0131307696504277	0.00556438417053105	0.0923456885894765	0.0134912622984847	0.0108284130816364	0.043439123735742	0.104237236199194	0.0099542852826394	0.0301725117937371	0.0258915439259217	0.00889707140831064	0.0214313917242538	0.021555271211661	0.00595051049297934	0.0297800140509196	0.0106450039239879	0.00709193678747693	0.00129702502741047	0.0271327158341522	0.00626603882200348	0.0137085876165766	0.00805433555537662	0.013110751074866	0.00708281696230346	0.0151010132760561	0.0504570373586372
T[T>A]A	0.00537141417293493	7.10075089338616e-05	0.00633950208140195	0.00403626996378505	0.00831843844964235	0.000192073435578721	0.000887548793122712	0.0135710612977624	0.0196720718576792	0	0.00026589723923179	0.00511399724549934	0.000350737168132426	0	0.000759698959080205	0.0076564958510227	0.000616262791349566	0.00416993792722728	0.00352855023197528	0.000836837221054147	0.00242698284475287	0.0363193169070854	0	0	0.0195478460123588	0.000566136369062651	0.0472762739213758	0.000188545362111392	0.00108392074739053	0.00689526868636571
T[T>A]C	0.00219636441622722	4.83768475697416e-06	0.00926750967822684	0.00472619187303148	0.00707512573792796	0.000880061699843266	0.00152499816778922	0.0124173190470649	0.00282983576683809	0.000823737545607788	0	0.0135657993868696	0.000768941493095677	0.00168091725045079	0.00206676439117769	0.008976689502173	0.00260557122878691	0.00264078606711053	0.00497460680683135	0.00073427284311575	0.00463341586298353	0.0260668769306921	0	0.0084129201914794	0.00349324582999593	0.0052381290154983	4.82865394521353e-05	0.0108189880016198	0.00175385371228129	0.00668322914437025
T[T>A]G	0.00114436805422556	6.41032402695467e-05	0.00638731947910864	0.00805018828900306	0.00706588518833261	0	0.000971441676376906	0.00820448053418964	0.0140205216234284	0	0	0.00363338862179874	0.000233415636737458	0	0.000623630415648001	0.00621120937080237	2.03987792268927e-05	0.00197384175795419	0.00514943445602209	9.60996416674198e-05	0	0.0680341396902571	0.000229252694047602	0.0112645905992617	0.00998854197915208	1.98659909565884e-05	0	0.00330047780176076	0.00242886277401776	0.00358003099318791
T[T>A]T	0.00364759409273173	0.000232101272029988	0.0124911183130384	0.00385570224855682	0.00883989793688565	0.000642182744050273	0.00423921579583592	0.0236787206457135	0.0121492571690624	0.00240433159406826	0.000677338626926831	0.0080563211518907	0.000133222191485457	0.00105134451947258	0.000272142319304099	0.00688373899868341	0.00327122696914852	0.00240772704480817	0.00734638874047778	0.00200033287694011	0.0006869358973202	0.0200454370354097	0	0.0002374689221751	0.0124266472197106	0.00106375233382069	0.00165015264766222	0.0146160450579796	0	0
T[T>C]A	0.00774384530766632	8.96314498019237e-05	0.00810181993917946	0.00251145686635514	0.0154155077094973	0.00566616634957227	0.00204136222418224	0.00439318165231935	0.0142736893478975	0.00269671036294812	0.000177264826154527	0.0448596249605205	0.0006819340501389	0.00165087059320732	0.00645744115218174	0.0221587997570775	0.00150675424460808	0.000270322097375637	0.0047047336426337	0.00519023014233764	0.0349665306151432	0.00427502705252533	0	0.00154557796458079	0.0129974203954563	0.0259476371951164	0.0015405643007735	0.00921173705603321	0.0104630329277251	0
T[T>C]C	0.00533674646567594	0.000473750296109507	0.0111519958374204	0.00164389282540225	0.0146936896701523	0.00385026993681429	0.00182999780134706	0.0062438100201761	0.0143587962984007	0.00998781774049443	0.000913736361968392	0.0351477529568893	0.000132480111922706	0.00588321037657777	0.010768930248768	0.0188820020562949	0.011186692682928	0.00641288303588647	0.00207275283617973	0.0116477389828655	0.0322279814469743	0.000929868187874526	0.000238975222321803	0.00246735118662769	0.00759649146237242	0.0378265074994679	0.00357773653297109	0.0308286040974823	0.00373585504531678	0.00941727743070353
T[T>C]G	0.00874019235041517	0.000185129040330567	0.00594680332384911	0.00353422900492817	0.012458403417394	0.0111421158021609	0.00184573918511612	0.00168011588657028	0.00981436513639988	0.00639515241824762	0.000679070879548163	0.031423901593935	3.5605676252821e-05	0.00341306011099165	0.004053597701712	0.0162674531140062	0.00572573491653541	0.00150848217364136	0.00564457238448575	0.0235462402520797	0.0244977829858315	0.00173553548070699	0.000237162430035113	0.000483957055131621	0.00479508959630021	0.0188847489078037	0.00112951268839114	0.0159247111510677	0.0016874234691397	0.00590219199129705
T[T>C]T	0.00573304470046877	0.000491668795788377	0.00914778890141161	0.00188500998818334	0.0149982130864845	0.00266047136820827	0.00203482358200124	0.00856565895119839	0.0270080609010091	0.00850102956474136	0.000423336641829269	0.0317967568867175	0.000149304695426833	0.00227791312552392	0.00426356300243088	0.0149721323221364	0.00607234752374888	0.00115983560174841	0.00328426790750771	0.00466488851047655	0.0235275544832169	0	0	0.000314322593168528	0.0145541976144307	0.0198638597138632	0.00130656048740565	0.0153239040765571	0.00330280843724046	0
T[T>G]A	0.00134046994195664	6.30799418114878e-05	0.00482366225047706	0	0.00470144423589517	0.000864330460104244	0	0.00156257396570669	0.045932000337465	0.00449451727158019	0	0.00170466574849978	0.000475390426909609	0	0	0.00612519668081816	0.000117651067876876	3.24761871154769e-05	0.0028952207031592	2.43613349799781e-07	0	0.00146992971375621	0	0	0.00186384955533575	7.69238812986551e-06	0.00106435170560691	0.00871087300345732	0	0.00777930744855557
T[T>G]C	0.00141921593893112	1.43848947028642e-05	0.00627171793776603	0.000308229904762922	0.00531162292890092	0.00209014653712776	0.00101666544519281	0.00261810171460418	0.00848950730051428	0.00947298177448956	0	0.00277482260185969	0.000234471400054743	0.00157585992229762	0.000435108292879514	0.00711944339827513	0.00971104046716238	0.0033123968530415	0.00186547755256176	0.000391118804707179	0.00185336634519341	0	0	0	0.000593864131658589	0.00280658181065285	0.000287406660613336	0.0320044611447289	0	0.00445555472454073
T[T>G]G	0.00213225635122169	0.000198854338366492	0.0107753255750166	0.00294519083744014	0.00598886897628682	0.00115625730022424	0.000971441676376906	0.00591641067422782	0.00881289930615499	0.00216451312617612	0.000291030376949213	0.00108019661729152	4.56010855611817e-07	0.000200768241823038	0.000935445623472001	0.00483094062173518	0.00436520707043512	0.000738551176978216	0.00108930344262006	0.000510620971750205	0.000295154011877488	0.00250604079846871	0.000245072167012806	0.00136808906429951	0.00924140022500755	0.00135064134373645	0.00230542917684654	0.0128942881150057	0.00035226112358297	0.00812756349338198
T[T>G]T	0.00369258669238937	1.98221432223858e-05	0.0110382910088937	0.000942504994091668	0.0115409232074358	0.00660530822451709	0.00118698042283406	0.00618570206463355	0.0476355766700646	0.0543550678230433	0.000254001985097562	0.0027425774134096	0.000557153034290424	0.00219030108223454	0.00299356551234508	0.0140256182098174	0.0488944017753942	0.00181641470130595	0.00112356533677895	0.000532320788201807	0.000257600961495075	0	0	6.10093578215403e-05	0.00673160335796521	0.00221101784933748	0.000119339261637953	0.207070926873453	0.0053064892131691	0
