Type	Signature_1A	Signature_1B	Signature_2	Signature_3	Signature_4	Signature_5	Signature_6	Signature_7	Signature_8	Signature_9	Signature_10	Signature_11	Signature_12	Signature_13	Signature_14	Signature_15	Signature_16	Signature_17	Signature_18	Signature_19	Signature_20	Signature_21
A[C>A]A	0.0116907321638349	0.0111899553498557	0.0114127469021487	0.0258422715742592	0.0376925226026429	0.0163431637491415	0.00175030980826387	0.000409722370858683	0.0402990137769058	0.0139745460286503	0.000744412413164339	0.000201773505780505	0.00863840292695615	0.000759476980103252	0.000102291300284561	0.00134789354056874	0.0181558532018761	0.00196439808537064	0.0519605918494064	0.0111151420697846	0.00134143567937391	0.000109909710746776
A[C>A]C	0.00949962849963293	0.0098985839125353	0.00655882175096595	0.0209836375827823	0.0315657363711728	0.00965683868132571	0.00285180051172758	0.000506634541904533	0.0310902061821861	0.00771838381874113	0.0010519877256429	0.000997997033506733	0.00521597734263835	0.000107327664994293	0.00424994290641986	0.00410267709984093	0.0108207565707028	0.000323871966282639	0.00781290931265145	0.00760427941323216	0.00244981251576653	0.00076107807512382
A[C>A]G	0.00156710459904098	0.00172305061388248	0.00141425354897102	0.00204765168579622	0.0189145697610115	0.00241521380511301	0.000515251241997381	0	0.00186328187124977	0.000582786529092683	0.000319315396135562	0	0.00190886269838319	0.000108592445293705	0.000511907793443858	0	0.00248311312396907	0	0.00176821896437494	0.000519857462497294	0	0
A[C>A]T	0.00582574366598997	0.0063864122750643	0.00356278606587205	0.0164072209010348	0.0222308335548112	0.0089397387013382	0.00173303263090405	0.00036297508121341	0.0291041545530007	0.00701540114213338	0.0086674336894325	0.000178752149886037	0.00457180499484173	0.000192235549965178	0.0268236296527288	0.00523569367618142	0.00879145166536949	0.0030938133517247	0.0166636368975918	0.00681004676273019	0.0026510116304521	0.000584217348457355
A[C>G]A	0.00187886766918775	0.00548738195040998	0.00521725572669654	0.0232580444168333	0.0100169169656339	0.0128332225412722	0.00133847220631943	0	0.00930819611694836	0.00558981841146012	0.000531723152260243	0.000706207270231767	0.00347779858098234	0.00195294080597978	0.000102291300284561	0.00114052530355816	0.00541292517819909	0.00174613163144057	0.00145489657178338	0.00602503028081782	0.000515936799759198	0.000549548553733879
A[C>G]C	0.00268467761946147	0.00457676460472063	0.00333317170950728	0.0116102360229608	0.00551634227845737	0.00792077779479523	0.00122220021931182	0	0.00400814504787766	0.0026495944452395	0.000315596317692871	0.00029939911005202	0.00166467361999096	0.00150258730992011	0	0.000102566927496023	0.00267730059481305	0.0017273171535074	0.00174762445151414	0.00195245011961366	0.00224566147278599	0.000869803514427223
A[C>G]G	0.000626841839616392	0.00129228796041186	0.000217577469072465	0.00409530337159244	0.00320410744585441	0.00252499625079996	0	0	0.000876838527646948	0	0	0	0	0.000760147117055935	0	0.000622653635312806	0	0	0.00280834776694844	0	0	0
A[C>G]T	0.00277416365047142	0.00514725765452943	0.00597007394821802	0.019841290391949	0.00494018523440249	0.011369015522354	0.00164182038717226	9.07437703033526e-05	0.0078581217293102	0.00392037122648631	0.000188422471509403	0.000804384674487163	0.00248467662763137	0.00134564884975624	9.06203704484083e-05	0.000918542750207268	0.00729290876786333	0.00116018000689676	0.0039587645668312	0.00662599144481856	0.000548485164921124	0.00175265204537207
A[C>T]A	0.0310013165415978	0.0285128669972283	0.00804326924532383	0.0199200843384914	0.0123920622255265	0.0240211601413557	0.0321233329516663	0	0.025077375420955	0.010830273172204	0	0.0226995194003069	0.0135746331709311	0.00141045724876318	0.0299713509833764	0.0121310418651186	0.0152238520636849	0.0103676565616784	0.00363724142945845	0.0229574429665645	0.0305434585457446	0.00560539524808558
A[C>T]C	0.0148689837385559	0.0175620037157884	0.00387078004975039	0.0101190130475346	0.00766158649785745	0.0138884870922436	0.0166015529789855	0.0199614009510386	0.00693300765038298	0.00645118647536572	0.00336636072205729	0.10967987398239	0.00599282503196747	0.0017172426399087	0.0324817064990661	0.0173338107468279	0.00847811855024132	0.00464216485005115	0.00143922013654105	0.0208603881200828	0.0227628412923307	0.00674097723681097
A[C>T]G	0.178649924290672	0.0724758164464318	0.00522185925773916	0.00215542282715392	0.00289403253173947	0.0182238859840345	0.0935696255467243	0.000102520974025838	0.0321142110750695	0.014569663227317	0.0134112466376937	0.00727025558177269	0.00213343478054592	0.0043436978117482	0.0507812531096307	0.0320666622186095	0.00395040724267807	0.0102675751107996	0.00936115922316147	0.0382615092398008	0.0352179374720601	0.0281617129933409
A[C>T]T	0.0117439594536623	0.018110721377048	0.0044294097035166	0.0140224504212332	0.00539760979314346	0.0160332270187044	0.013590624316037	0.00390198212304416	0.0201788804900806	0.00784074245297261	0.00442792808047095	0.0571113118885885	0.00665893336205208	0.00115341329979107	0.0251018426142091	0.00606238215136796	0.0100901888432082	0.00560753670000101	0.00441908602809064	0.0244793572822463	0.0166373833359408	0.00292108674228677
A[T>A]A	0.00291951912390429	0.00346083178555134	0.00159605490291693	0.00730329466695127	0.00346602125533504	0.00667262565868116	0.000431961360458208	0.000716237953547178	0.0086527207434723	0.00985302256931109	0	0.00014108855472782	0.0045498635302023	0.000151730963399245	0	0.00152250658381831	0.00638709609593248	0.000457863361368064	0.00210731630573427	0.000799008814488234	7.2152958959942e-05	0.00637884136931636
A[T>A]C	0.00193979963246659	0.010906534162293	0.00220354859481422	0.00800410210744448	0.00340202460399223	0.00676368272876245	0.00287005651511557	0.000692197739090901	0.00869530773189216	0.00413158085675586	0.000179661932076329	8.52206118358882e-05	0.00615979972991426	0.000549893174266789	0.0006912564392054	0.00788252311348317	0.00695383129832977	0.00175154420214462	0.000702270742495331	0.00465069237570642	0.0016561154387578	0.0271099939113573
A[T>A]G	0.00248732542633943	0.00732547669680539	0.00268256204033477	0.00723931418859219	0.00878846908427831	0.0106415675183916	0	0.000784554440941292	0.00978558487611524	0.00673932289743582	0	0.000601011904095161	0.00439188999461529	0.000554011417451538	0	0.000794155666510712	0.00767770928169197	0.00102164631310659	0.00389141591913453	0.00397827356532852	0.000175633512418683	0.00252551945811221
A[T>A]T	0.0055207545582337	0.0061706964473449	0.00173156003996697	0.00679283863741315	0.00197415047786516	0.00761856225530736	0.0034772709615156	0.00228451697405775	0.0184224414635694	0.0137285556952803	0.000813192700441476	0.000192864394452404	0.00428934167004926	0.000898786594508379	0.000586648369244037	0.00521958518966624	0.00603624323611341	0.00139086075097457	0	0.00218444864596831	0.00348496988776069	0.00301162698310859
A[T>C]A	0.010218316933665	0.0242258224988593	0.00387613333565542	0.0103902542684461	0.0060655371968363	0.0269972900213307	0.00539951700572758	0.000358118976773589	0.0125579309905262	0.0205203445245156	0.00230518032989836	0.000423265664183461	0.0365558000874874	0.00227596445098868	0.00185968630136221	0.00833753605424313	0.0565376284047357	0.00206038512615628	0.00138065551065348	0.010532388918254	0.0119052382283904	0.0203661802755281
A[T>C]C	0.00555488076569981	0.0104520952388641	0.00165266144611067	0.0080950578132109	0.00174462800204729	0.0127861399530029	0.00487039893474158	8.65247173863626e-05	0.00693774553076502	0.0103289521418896	0.00467121023398458	0.00127830917753832	0.0300408694520434	0	0.00397472452543104	0.00639360208093634	0.0162891116714301	0.00755929603030834	0.00122897379936683	0.00421194781196054	0.0180429418854139	0.0153190034088149
A[T>C]G	0.00906097119595078	0.0165738910265221	0.00231255348304722	0.0117295217232886	0.00711865995826543	0.0266039187959789	0.0190141374392038	0.000610209009621005	0.00792166394733138	0.0174429533815985	0.00235309685958055	0.000686870747537326	0.0464967484212532	0.000738681889935386	0.00304689601930552	0.00644148485058688	0.0333980353753601	0.00417946218998153	0.00309544448112975	0.0119348206959855	0.0509337186014181	0.0209524577265606
A[T>C]T	0.00611939059466869	0.0210489312148321	0.00477910571030881	0.0120075430459324	0.00236898057343819	0.0189415630384248	0.00150900437952563	0.000717991048989577	0.0138168310976771	0.0183294770634284	0.00271064233480493	0.000192864394452404	0.0178722569585386	0.000898786594508379	0.00162957880345566	0.00416245401201231	0.0357144391470043	0.00215583416401059	0.00357597524582567	0.0105912661622706	0.00526033190605388	0.0132371511583145
A[T>G]A	0.00116780764956172	0.000752354735989419	7.60026144246159e-05	0.000602333580779487	0	0.00253099593949976	0	0	0.00413492849688056	0.0272790294274316	0	0	0.000941351075214269	7.58654816996227e-05	0	0	0.0041003579875122	0	0	0.00101692030934866	0	0
A[T>G]C	0.00158710879019994	0.000817990062171973	0.000459072623919628	0.000909557057664146	0.000174462800204729	0.00203837013743526	0.00147851396233227	0	0.000740026189948269	0.00501691961177497	0.00359323864152659	0	0.000947661496909887	0	0.00172814109801349	0.000525501540898877	0.00400083444561438	0.00599212490207369	0.000965622270931079	0	0.000348655881843747	0.00287811579195917
A[T>G]G	0.00124366271316972	0.00338803297227249	0.00157253636847211	0.00742258796551857	0.00131827036264175	0.00513408959220645	0.000613359272232381	0.000784554440941292	0.00568495883279076	0.00515359986274504	0.00135755588052724	8.58588434421658e-05	0.00171856565006685	0	0.000609379203861103	0.00105887422201428	0.00585425332729012	0.00325069281443008	0.0024763555849038	0.000884060792295225	0.000614717293465392	0.00149660412332576
A[T>G]T	0.00212848368510215	0.00246827857893796	0.000415574409592071	0.0043913300282267	0.000131610031857677	0.00258611746281076	0.00190265769592362	0	0.00293084296011332	0.0143222229685898	0.00928394999670684	0	0.00214467083502463	0	0.00365025651974067	0.00191605025949773	0.00546136292791214	0.0212801694899109	0	0.00112532202974125	0.000263016595302694	0.00126068106269662
C[C>A]A	0.00676012245560783	0.00936038249675363	0.00640894868278073	0.0201919027758341	0.0460171096439155	0.0102843694604983	0.0100517910214389	0.00118813832237916	0.0320734221035782	0.0110316026427709	0.0031866424144641	0.000682634535792813	0.0146397133330795	0.0036706306888342	0.00553710549977597	0.0106236603436012	0.0173318125365739	0.00105490431590147	0.0969365302003294	0.0112461878938323	0.0177542600002377	0.00212481993707384
C[C>A]C	0.00829648891780255	0.0054316503030559	0.00140094492582149	0.0186201960761142	0.0681035326444374	0.00589059002314058	0.0266515196440873	0.000660115401489203	0.0238770993591022	0.00712968344137425	0.00102800920945497	0.00184213729448363	0.0134958326478545	0.00128188241374314	0.0112067014007518	0.00935471272612453	0.0121123863762424	0.000468873748389552	0.0244448360691011	0.0177405587531921	0.041562024914862	0.0016527342609934
C[C>A]G	0.000956571992811635	0.00142426181258312	0.000664054311718974	0.00197352854785579	0.00925329643150895	0.00312722665045418	0.00954023034940861	0	0	0	0.000757992781729191	0.00102727237094078	0.00319854324565627	0.00154666434526706	0.000937416669717004	0.0015836345287329	0.0025261837136094	0.000333372456544656	0.0203168688459957	0.00190394855270041	0.0138692154867833	0.00302169963812707
C[C>A]T	0.00771662602571621	0.0106782969782732	0.00121080575702306	0.0171198518399744	0.0451779989833933	0.0123297351417526	0.0595364613907615	0.00134850929124952	0.0328260944948014	0.0107319529439689	0.0172312369322115	0.00143035251813924	0.00806644145006897	0.00120862108095429	0.13021316104156	0.0239402119917162	0.00959292342320547	0	0.0425173663279486	0.0100991164148184	0.111185725477691	0.00623311295212853
C[C>G]A	0.00131166555108809	0.00218408924924251	0.00441271876519329	0.0159245418799103	0.0104811204178116	0.00805785648451417	0	9.90115268649304e-05	0.00571605542440008	0.00202621273030486	0	0	0.00206040409872971	0.00545350845198224	0	0.000902008897098211	0.00436020441171671	0.00200431820021279	0.000100452362901896	0.000200824783818433	0	0.000106240996853692
C[C>G]C	0.000784803005738079	0.00358257785946241	0.00210141738873223	0.0143410205803612	0.0107590271441537	0.00907150863563653	0	0.000440076934326135	0.00458722598524624	0.0025016433127629	0	0.000216722034645133	0.00228947160990389	0.000466139059542958	0	0.000334096883075877	0.00605619318812118	0.000820529059681718	0.00435318998490843	0.00312412355402126	0.000664992398637792	0
C[C>G]G	0.000531428884895354	0.00131470321161518	0.000221351437239659	0.00317957377154544	0.00662451903619391	0.00290385331827889	0	0.00062579544778888	0.00122656550827666	0	0	0.000821817896752624	0	0.000110476024661933	0	0.00042230254099544	0.00321514290823014	0	0.00613738746389455	0.000211549839188934	0	0
C[C>G]T	0.0014799008816442	0.00403160192036848	0.00484322302809227	0.0237715140198371	0.00983039792694206	0.0105524760222207	0.0002085340153792	0.000311194451826814	0.00765202878426114	0.00459940840455814	0	0.000204336074019891	0.00215862517677902	0.00450486039264781	0	0.00178501580639988	0.00913611754590992	0.000994673188197162	0.00610397833421044	0.0008415930345682	0.000104497862291063	0.0003339167652926
C[C>T]A	0.0212893408676604	0.0257930539910544	0.0142888036206259	0.0159245418799103	0.0209622408356232	0.0242795938809703	0.00845942808734957	0.0746546912561575	0.00561020254617045	0.0110316026427709	0.00123353899914739	0.0302309580136817	0.0202787140243398	0.00566325877705848	0.00593261303547426	0.0051113837502232	0.0228910731615128	0.0227859332234717	0.00662985595152512	0.0439806276562368	0.0109717337080121	0.00361219389302553
C[C>T]C	0.0208533370096118	0.0211487660736007	0.00712147003959257	0.0113340323941565	0.015972164007816	0.0207348768814549	0.0109481346255794	0.110789368216605	0.00294052947772195	0.00863066942903201	0.00274135789187991	0.164492024295656	0.011326859543735	0.00233069529771479	0.0183482268031915	0.00980017523689237	0.0118701386487175	0.00457151904679814	0.00390670896081525	0.0840166084349287	0.0206147643577715	0.0107427726964571
C[C>T]G	0.100971488130117	0.0489726946326654	0.00542311021237162	0.0024120904473793	0.00799148328175774	0.0144075799253068	0.0944587642287601	0.0216942421900145	0.0144957741887242	0.00901200695458647	0.0118030304583545	0.0138681770077005	0.00525474961786386	0.00475046906046314	0.0305181204696758	0.0163642234635733	0.00183722451898865	0.014890636392328	0.0197877837197979	0.0251744308634832	0.0486473240180353	0.0355889068490522
C[C>T]T	0.0181816394030574	0.0246254603784668	0.0113375448157614	0.0179922009783171	0.0210203189714399	0.0227711324690025	0.00907122966899518	0.0817404093465098	0.0179656327978305	0.0114395542369779	0.00463089492553185	0.0833691182001154	0.0232904295389315	0.00362586324286287	0.019267818578942	0.01008008925967	0.0240965100273375	0.0108308858270357	0.00199957910948273	0.121925790883067	0.0146297007207488	0.00445222353723467
C[T>A]A	0.00110929182533621	0.00133402487664697	0.000288777279090605	0.00677046771429364	0.00685905809350627	0.00485691772108265	9.11815317069143e-05	0	0.0091162312048145	0.00567231094798668	0	0.00035738392469413	0.00168901120919236	9.60854112189568e-05	0	0.0014691735490855	0.00539293796619776	0	0.000276099880002654	0.00395585691203555	0	0
C[T>A]C	0.00203341957319652	0.00485397350322202	0.00178307897951659	0.0146832027559875	0.0117526290522275	0.00697254400217013	0.00274466322615917	0.00147030499259679	0.0148207520272858	0.00585062487007796	0.000109034836555868	0.0011378277983392	0.00989215457045021	0.00111241358861141	0.00356588494827557	0.00457120192400986	0.0147996166698221	0.0115250795642399	0.0024506519258745	0.00564490737905829	0.00486669403467871	0.00416953380683851
C[T>A]G	0.00161962241353924	0.00311639053470026	0.00359790503639956	0.0128090262519691	0.0365331631619184	0.0119134622694864	0.000852029875380195	0.000741697058666122	0.0137066335049843	0.00614363589969025	0.000330016498506742	0.000626158420844175	0.00359752033029703	0.000448926659895836	0.000211625270306645	0.00289584181495386	0.0151646702036974	0.00508005415233198	0.00698741073008367	0.00225657288875952	0.00128087449556057	0.0028423326545618
C[T>A]T	0.00212665812840646	0.00597857354460099	0.00251647260584881	0.0162539290678089	0.01099794367528	0.00995467878121705	0.00104884183477844	0.00170747165235225	0.0207898699031884	0.0074414379453703	0.000886358445579619	0.000373719231275674	0.00561032219766961	0.000100477283773434	0.00189461078949191	0.000672142862349104	0.0100256682795108	0.0318360268411499	0.00365711816308089	0.00211643645020733	0.00238900919433136	0.00101785842623708
C[T>C]A	0.00388252138867674	0.00762299929512554	0.00163640458151343	0.00734261991550155	0.00475561361149769	0.0138907846822964	0.00565325496582868	0.000907132160179075	0.00591585216482643	0.0158824706543627	0.000470897569704268	8.93459811735324e-05	0.0309983233687069	0.000768683289751654	0.000543539146277167	0.002938347098171	0.0145809063530532	0.00724868352074322	0	0.0060717803766127	0.0135247452912439	0.0213167532487606
C[T>C]C	0.0056721703883903	0.0108111228026308	0.00211740628817595	0.0153456028803177	0.00275286806628752	0.0141700087786038	0.00422255880947564	0.000840174281483878	0.0121260698405066	0.0140892598912081	0.0020716618945615	0.000413755563032437	0.0442846454607362	0.00122365494747256	0.00555858536054722	0.00531535107443007	0.0224306690151992	0.0449813784934413	0.00362270284694492	0.00745553804781284	0.0207363484955875	0.0112690102887527
C[T>C]G	0.00766621275741904	0.0132446597724762	0.00123677985626235	0.0099130724906543	0.0106822114508533	0.0214442320850755	0.0287560082940816	0.00105956722666589	0.00917551499093988	0.0185513711480843	0.00165008249253371	0.000104359736807363	0.0481603528088151	0.000448926659895836	0.00169300216245316	0.0137284352708923	0.02216374875925	0.0327381267594727	0.0026874656654168	0.00429823407382767	0.0843242376244046	0.0239892876045016
C[T>C]T	0.00657330694234724	0.0158432198931926	0.0036237205524223	0.0116669306805745	0.00516425181274019	0.0194014657878822	0.00314652550433533	0.00426867913088063	0.012068265943802	0.0296579048547367	0.00196968543462138	0.000840868270370267	0.0336619331860177	0.000401909135093735	0.00255772456581408	0.00336071431174551	0.0274661537240766	0.103896620929213	0.00086615956494021	0.00509868781186312	0.010511640455058	0.0207643118952365
C[T>G]A	0.000277322956334054	0.000857587420701625	9.62590930302016e-05	0.000667510901409232	0	0.00194276708843305	9.11815317069143e-05	0	0.00271547312483836	0.0222767120866387	0.00207194930669878	0	0.00129159680702946	0	0	0	0.00019973844319251	0	0	0	0	0
C[T>G]C	0.00224746373879615	0.00253730433122968	0.00133730923463744	0.00629280118113749	0.00137643403314376	0.00393611354961217	0.00422255880947564	0.000840174281483878	0.00134734109338962	0.00764163248336714	0.00196262705800562	0.000103438890758109	0.0056362276040937	0.000222482717722282	0.00209757938133857	0.00201983340828342	0.00948100442910484	0.0218193253886096	0.00255720200960818	0.00117158455037059	0.00962759037295136	0.000563450514437638
C[T>G]G	0.00172759724110852	0.00356158918251459	0.00157408345342481	0.0106927523494698	0.00491381726739253	0.00816923127050495	0.00532518672112622	0.000953610503999301	0.00679667777106658	0.0151783945757053	0.00407020348158315	0.00114795710488099	0.00522220693107634	0.000112231664973959	0.000529063175766613	0.000750773803876926	0.0078156377203671	0.0151272723647218	0.006879912103467	0.00139692607399399	0.0178255033965513	0.000454773224729888
C[T>G]T	0.00270665579979004	0.00707464536111118	0.00110724794657348	0.0103706050493996	0.00114761151394226	0.0117830891696038	0.00820003616281328	0.00123317397114329	0.00780887796363661	0.0548940857129491	0.0179241374550545	0.000840868270370267	0.00654537589728121	0.000602863702640604	0.00596802398689953	0.00432091840081566	0.0194247322915522	0.261863954112443	0.00202103898486049	0.00182783147972451	0.00162452625214533	0.00325714696395867
G[C>A]A	0.0080948092516281	0.0169897331519689	0.0094447110209916	0.010764851939622	0.0362789762419605	0.0121955576602262	0.00230877752227553	0.000287114931876588	0.0273188679812385	0.0128393580014891	0.00139106825821809	0.000377050025331431	0.00649889111052808	0.000912355139884539	0.00172034695501062	0.00232502871123705	0.0101150226223323	0.00672985599607015	0.136519360213132	0.00310588990734751	0.00115694466029793	0.000102693014776488
G[C>A]C	0.00592631786831207	0.00705672311185098	0.00457512119228488	0.0123321434048786	0.0403337400816234	0.00998541392514746	0.00584557529341897	0.000100268137034689	0.0123275763148995	0.0104876346536863	0.00229018996495494	0.000987568898674915	0.00614984286510893	0.000424824765433733	0.01141502352034	0.0100480247119656	0.0103765241295261	0.00138878049870358	0.0154625434471096	0.00315229021824639	0.00343430354648505	0.00408839568890679
G[C>A]G	0.00061057471264641	0.0015734398619749	0.00116562122602096	0.00104974380309903	0.0228534658152379	0.00299413770395206	0.00210789597692821	0	0	0	0.000207352577016193	0	0.0016405817129903	0.000211548741294457	0.00109697128539533	0.00131407292494392	0.00395783024066799	0.00138313389585503	0.00982742400828179	0	0.00412452777979008	0.000321455747209416
G[C>A]T	0.0048181821404712	0.00893978439204302	0.00301031305972135	0.0149107752596431	0.0273293345427718	0.0117011949350973	0.00918823870128807	0.00010506950767194	0.0228028772117891	0.0101536549239277	0.00959942566838696	0.000620915363810912	0.0031070876716473	0.00111291907556653	0.0772259972195085	0.0328637963500284	0.00728749630467844	0.00347028946961219	0.0818676485280274	0.00767203805416328	0.0141833333771021	0.00259305012770981
G[C>G]A	0.000585166933852634	0.00231221220411411	0.00253890081209452	0.0111672763111966	0.0067540647258969	0.00573908595775351	0	0	0.00337648930105195	0.00119688930522356	0	0	0.00125784989236027	0.00101372793320504	0.000191149661667847	0.00213127631863396	0.00326630938846148	0.00132557769619564	0.000873879261677229	0.00194118119209219	0.00134976877034757	0.00041077205910595
G[C>G]C	0.00245226946274982	0.00305440254095042	0.0024471578470361	0.00948626415759894	0.00919892317651055	0.00579798227911788	0.0030235734276305	0.000401072548138754	0.00267990789454339	0.00330588483648807	0.000208199087723176	0.000197513779734983	0.00120800484850354	0.00116826810494277	0.00010013178526614	0.00050747599555382	0.00353243374622165	0.000213658538262089	0.000305181778561374	0	0.00191916962891811	0.00451875312984435
G[C>G]G	0	0.000209791981596653	0.000105965566001905	0.00115471818340894	0.0062419157733249	0.00117626838369545	0	0	0	0	0	0	0	0	0	0.000606495196127962	0	0	0.000506568247849576	0	0	0
G[C>G]T	0.000963636428094241	0.00397323750757468	0.00434822997515305	0.0181138306857886	0.00635565919599343	0.00686320087539363	0.0017954029646195	0	0.00494249555329419	0.00525600960768022	0.000436337530381226	0	0.0010356958905491	0.0014467947982365	0.000314779879970823	0.00191439590388515	0.00335456179104245	0.00201500678880709	0.00159897751031303	0	0.00127014925765094	0.000450965239601707
G[C>T]A	0.0243819555771931	0.0232226530065374	0.00558558178660794	0.0182097028137531	0.00839433758790043	0.0207017029190394	0.0628179884185801	0	0.00368344287387485	0.00674610335671463	0	0.0246025141528759	0.0129977822210561	0.00385216614617917	0.0532351807744953	0.0461130694395348	0.0131706023728285	0.00214131781693141	0.00310712626374126	0.036300088292124	0.0525445699885308	0.0167389614085675
G[C>T]C	0.027792387244498	0.0267523532897037	0.00308554685061074	0.0103294876382744	0.00808696542989941	0.0195413476814714	0.0779074086519459	0.0210563087772846	0.00267990789454339	0.00786572599026471	0.0139493388774528	0.0962879676208042	0.0101033132783933	0.00244274240124396	0.0618814432944747	0.136511042803978	0.0101557470203873	0.000320487807393133	0.00518809023554335	0.0624356836775252	0.0534337228261939	0.0421750292118806
G[C>T]G	0.104408275862536	0.0513990354911803	0.0021193113200381	0.00094476942278913	0.00231554939978181	0.0142221540937723	0.134403462528899	0.00019972091937693	0.0188966030753039	0.00999086313773805	0.027992597897186	0.00885198213520523	0.00251555862658513	0.0033847798607113	0.0975307197378758	0.184879952286341	0.000989457560166999	0.00808601354499865	0.0135760290423687	0.0281539873698357	0	0.00203588639899297
G[C>T]T	0.0189515164191867	0.0254949406736042	0.004571216127725	0.0129226718916907	0.00868606756785769	0.0220522519930681	0.0553406560859189	0.0169161907351823	0.00595346055283164	0.0120649311449023	0.0165808261544866	0.0540196366515493	0.013233891934794	0.00267100578135968	0.0582342777946022	0.0850842623948956	0.0134182471641698	0.00100750339440354	0.00170557601100057	0.0977119291064961	0.0520761195636884	0.0187150574434709
G[T>A]A	0.000623925803847946	0.00156190694027826	0.00037125481706832	0.00413754925848996	0.00608446853018178	0.00627532012304933	0	0	0.00589112676158781	0.00298324510121208	0	0.000258444097478372	0.0014369617573007	0.000185292478051066	0	0	0.00288883847961565	0	0.00186352231906981	0.00230630004432841	0	0
G[T>A]C	0.000558340481281958	0.00345319968851854	0.00139536413823475	0.00714194593045427	0.00574474964727311	0.0046936994708848	0.00308410716624479	0	0.00644339436263326	0.00361293280440273	0.000113768227129302	0.000323788054978424	0.0046807210852848	0	0.00273579865637247	0.00421503573014848	0.00482565424702653	0.00303553866517094	0.00166763410343367	0	0.0044156222853837	0.0166966688337524
G[T>A]G	0.00131015880123716	0.00225083683802196	0.00159165129565579	0.00968583128814349	0.0143659048233891	0.00780149403538264	0.000646154331335985	0.000642835630660316	0.00710161776291706	0.00341062128565222	0	0.000422097849875329	0.00222954035447622	0.000453936986836998	0	0.00281971095825544	0.00601561407880781	0.00410940081021416	0.00152177738193436	0.00173848211611774	0.000863446617562637	0.00356382822566932
G[T>A]T	0.0019433805932799	0.00209861403848707	0.00183091999105361	0.0084007293900639	0.00411992900056402	0.00495946601259381	0.0019169031824178	0.000908122768247221	0.013495105314454	0.00371683979020415	0.000377129440081861	8.94435489301308e-05	0.0030833250019021	9.61903385798895e-05	0.000816199054287489	0.0039527156562014	0.00329928327169641	0.00377343160529889	0.00359321803207385	0.00478905100658485	0.00164669772253986	0.00399516573471807
G[T>C]A	0.0100719451192597	0.0106577179454282	0.00120657815547204	0.00744758866528192	0.00537902290349403	0.0153604850773148	0.0107259817763791	0.000174932660168743	0.00635867650457097	0.00904917680700999	0.00581174779342244	0.000861480324927905	0.0548919391288868	0.000741169912204261	0.00681309619586989	0.0172646615937855	0.0155034331739373	0	0.000354956632203774	0.00345945006649262	0.000176225079771304	0.133834108221313
G[T>C]C	0.0078167667379474	0.0113955589721112	0.000930242758823172	0.00737233128304957	0.00176761527608404	0.0112648787301235	0.00649865438601581	0.000109580962267825	0.00667769961218356	0.0120846373112781	0.0114905909400595	0.0017268696265516	0.0328850660863599	0.00116070538378823	0.0138978571743722	0.0553500744564235	0.0119434942613907	0.0114416457379521	0.00277939017238946	0.003333941070529	0.0014350772427497	0.0781921462989106
G[T>C]G	0.00545899500515485	0.0113667260320109	0.00113689378261128	0.00777119021955698	0.00453660152317549	0.0162913551915343	0.0123846246839397	0.000321417815330157	0.00607073776507427	0.0114499428875468	0.00600659472868312	0.00200496478690781	0.0481111339650132	0.00011348424670925	0.00877347324419982	0.01670136490659	0.0174570761502658	0.00536505105777959	0.00717409337197629	0.0065193079354415	0.0309761474050596	0.10162658553199
G[T>C]T	0.00990198683242616	0.0138317743445739	0.00163819157094271	0.00820980372210792	0.00219729546696748	0.0152673757642593	0.00383380636483559	0.0073557944228025	0.00689318329011674	0.0130089392657146	0.0116910126425377	0.00205720162539301	0.0402821492183983	0.000673332370059226	0.00779923540763602	0.00864082027169607	0.0141969158963906	0.0079338818367823	0.00442242219332166	0.00911761633945962	0.000640382447654391	0.0977353959005422
G[T>G]A	8.91322576925639e-05	0.00045938439419949	0	0.00331003940679196	0	0.00149858390998193	0	0	0.000187019897193264	0.00715978824290901	0	0	0	0	0	0	0	0	0.00141982652881509	0	0	0
G[T>G]C	0.000223336192512782	0.00103595990655556	0.000581401724264483	0.00529886310969188	0	0.000352027460316359	0.00176234695213989	0	0	0.000747503338841944	0.00227536454258605	0	0.000480073957465108	0	0.00207920697884308	0.00244028384377017	0.00386052339762122	0.0106243853280983	0	0	0.00342210727117237	0.000705493049313479
G[T>G]G	0.00131015880123716	0.00528946656935159	0.00193271943043917	0.0199347923023418	0.00194425779564664	0.00688367120769057	0.00107692388555998	0.00182136762020423	0.00664344887498694	0.00609039515295039	0.00100109912144719	0.00105524462468832	0.00129078652101255	0.000340452740127748	0.00128392291378534	0.00401266559444044	0.000943625737852206	0.00547920108028555	0.0128264093620182	0.0046721706870664	0.00323792481585989	0.000459848803312172
G[T>G]T	0.000740335464106628	0.00209861403848707	0.000481821050277267	0.00658693554448192	0.000183107955580624	0.00320906624344305	0.00319483863736301	0.000817310491422499	0.00728153164448952	0.0191004266996603	0.00282847080061395	0	0.00318278709873764	0.00105809372437878	0.0034461737847694	0.0174654877832155	0.00439904436226187	0.0612456975936975	0.00294828146221444	0.0023024283685504	0.00329339544507973	0.000779544533603527
T[C>A]A	0.0109149491785983	0.0121583924426385	0.022639883349942	0.0125306868080895	0.0287377408365914	0.0136895106394611	0.0014760166992594	0.00086378574037619	0.0264112512660652	0.0218014701912317	0.0335400351305397	0.00076569004051343	0.00624400169366863	0.0323888987142375	0.000431305551440433	0.00498383252464023	0.011601842403024	0.00165655495062113	0.0566125799998601	0.00446763578622013	0.000609117231735874	9.26856306849615e-05
T[C>A]C	0.0118250412209619	0.0128363782897757	0.0150376684428806	0.0188911338316766	0.0556987112665893	0.0133056398996926	0.00299339848560766	0.00205380975858607	0.0182244830847404	0.0050202512116028	0.0109812890381379	0.00252856827372904	0.0111346984081083	0.0182736956819441	0.0170234397844721	0.00644472604457331	0.0163930332759685	0.00142233167241586	0.0408404654970606	0.00656103450058363	0.00434486536250496	0.000550942912933984
T[C>A]G	0.00241208525035909	0.00367548843132439	0.0030577364278677	0.00173093418808283	0.010790381695738	0.00429789300374227	0.00113788879018155	0.000205826273041743	0.00198043335922104	0	0.00331221400403533	0.000101362023768266	0.00214159557997725	0.00425130546114749	0	0.00260431418973245	0.00453202092816975	0.00241224162171779	0.0163924876842808	0.0018786456631325	0.00114040815722763	0
T[C>A]T	0.0157556924445364	0.0200129214067521	0.0158772123901346	0.0189792972453483	0.0372088435038775	0.0195471327197542	0.005815353331993	0.00129674668477886	0.0496952207651819	0.0365169454216865	0.319279621133718	0.000392985244203248	0.00535329184493939	0.0193352491578799	0.0514008746510496	0.0146407171462168	0.0172414007819302	0.00520757082675085	0.113851489186517	0.00880101175974583	0.012158891408445	0.000428132468145907
T[C>G]A	0.0016724518902691	0.00181468543919977	0.117415751300712	0.0158903637059105	0.00278669002051795	0.00249741072476655	0	0.000172757148075239	0.00489439271713794	0.00324075908248039	0	8.50766711681589e-05	0.00227054607042496	0.20741704346095	0	0.000786920924943194	0.00475485344386233	0.000368123322360253	0.00192798260061443	0.000438003508452954	0	0.000185371261369923
T[C>G]C	0.00219757403221415	0.00388327410446998	0.0369403594357719	0.0193229311764007	0.0108705663252637	0.00879711728905298	0.000206441274869494	0.00102690487929304	0.00537951609127881	0.00291875070442023	0	0.00111257004044078	0.00303673592948409	0.0648281108716586	0	0.0027026270509501	0.00723554572180679	0.000656460771884246	0.00875152832079871	0.00114557745248286	0.000103449175297737	0.000330565747760391
T[C>G]G	0.000314619815264228	0.000864820807370446	0.00600626798331155	0.00216366773510353	0.00321636377469112	0.00143263100124742	0	0.000308739409562615	0	0	0	0.000304086071304797	0	0.0115548302277342	0	0	0	0	0.00146175049413969	0	0	0
T[C>G]T	0.00325278811758171	0.0072297988328057	0.157396098827533	0.0316671147408573	0.00502822209511859	0.0071566005039537	0.000100264712620569	0.000698248214880927	0.0110907788832166	0.00555692647721316	0.000103561343215607	0.000785970488406496	0.00163876280967533	0.277772513858285	9.96140981609489e-05	0.00151455694616036	0.0185592148544344	0.00297575475814335	0.00333964368280451	0.0106219107445208	0.000502433529274586	0.000321099351109431
T[C>T]A	0.0127634486362642	0.0207781482788374	0.193951389346062	0.00962502030186581	0.00304794220994151	0.0102671329795958	0.00642501386736443	0.103827045993218	0.00591021007352506	0.00491024103406119	0.00331813181772719	0.0256931546927839	0.0130556399049435	0.138613507209237	0.00793602214650397	0.00979279373262641	0.0163566958468864	0.0150930562167703	0.014372233931853	0.0190969529685488	0.00931079197081978	0.00593188036383754
T[C>T]C	0.0186270560825771	0.0252412816790548	0.0557919292953252	0.0153288057377033	0.00724704421684248	0.0228725049515378	0.00691578270812803	0.296467438651899	0.00724587881682451	0.00980700236685196	0.0224956503596806	0.160715799478218	0.0106848116037403	0.0332842314206838	0.0290218883072628	0.0162157623057005	0.0148102576493233	0.0185997218700536	0.0050008733261707	0.0343673235744857	0.0080690356732235	0.00947621810246456
T[C>T]G	0.0794939399900955	0.0412951935519387	0.0290484960647431	0.00108183386755177	0.00114129037166459	0.0081549764686392	0.0404467742691806	0.102089831428704	0.0103422630981543	0.00549914851949892	0.228756457504505	0.00810896190146125	0.00112715556840908	0.0235456917848169	0.00966067966196615	0.010833947029287	0.00407881883535279	0.0180918121628834	0.013886629694327	0.00939322831566246	0.0252963263966857	0.0139138635116429
T[C>T]T	0.0140276487570711	0.0279761780921612	0.110399550152735	0.00954207762058947	0.00774346202648263	0.0126041620815901	0.00471244149316674	0.0841887847656432	0.0154631051737154	0.0108870396288258	0.0405960465405181	0.0937269807424746	0.00983257685805195	0.0792428244175406	0.0228116284788574	0.00767375519387918	0.0211948429994428	0.0213616680852433	0.00151801985582023	0.0270100016074959	0.0098476971737819	0.00685011949033452
T[T>A]A	0.00401133828765718	0.00330788651724385	0.0015189161291282	0.00496553778615003	0.00324696617458839	0.00674427774073875	0.000143879497332052	0.000715702603241128	0.0146909790389048	0.0174943509059093	0	0.000211474647649158	0.00446807545711687	7.58087762309366e-05	0	0.000579568986665584	0.00669749847542561	0.000457521132518804	0.000653505888822593	0.0028307320268075	7.2099028407295e-05	0.00207349379564351
T[T>A]C	0.00181072111748012	0.00513281470517459	0.00226261161099673	0.00896578995263813	0.00412019768579716	0.006469290585732	0.000714420445397302	0.00133265835836786	0.00940328667598657	0.00272720703979826	0.000737910068380918	0	0.01284442141575	0.000470526905189786	0.00141956918871966	0.00170869175337002	0.0085095760102968	0.00246109414784521	0.00216328236160437	0.00432484314014307	0.000626501945374539	0.00428989301371599
T[T>A]G	0.000949140590682921	0.00204567681792473	0.000449246874925303	0.00596359882443314	0.00699987629768349	0.00643757624506014	0	0.000846727878428745	0.00606506661572024	0.0134771689103068	0	0	0.00343129952000545	0.000538123549979664	0	0.000514253982303644	0.00587280403405336	0	0.00163219430859101	0.00446528062094432	0	0
T[T>A]T	0.00277938013627155	0.00404033483506968	0.00215208063234523	0.0106597519968573	0.00317274017112607	0.00756364072587127	0.000492066386757616	0.00349670781552027	0.0180186934178882	0.0110517465534698	0.00203298068211549	0.000551040837256868	0.00719996258881889	0.000518530454945697	0.000838068658244195	0.000212369990984642	0.00615942863481526	0.00283139361138607	0.00148998890229011	0.00602850770368525	0.000704508366971156	0.000600323999905593
T[T>C]A	0.00590760729636783	0.0063902353174029	0.00182269935495384	0.00684642331120686	0.00202033450863277	0.0130287183627908	0.00424444517129554	0.0016461159874546	0.00505002404462353	0.0126935755410318	0.00222915225338765	0.000140983098432772	0.0391936443606743	0.000379043881154684	0.001286512811575	0.00492633638665747	0.0193833485288788	0.00129630987546994	0.000145223530849465	0.00377430936907666	0.00288396113629179	0.0298736698705675
T[T>C]C	0.00434573068195227	0.00970568598796652	0.00141413225687296	0.00980633276069797	0.00143311223853814	0.0135094009290286	0.0031255894486132	0.00159919003004143	0.00702871933356572	0.0138380505352726	0.00894715957911863	0.000787543472655497	0.0332787282135341	0.000564632286227743	0.00496849216051883	0.00890318334650698	0.017899452987176	0.0106016363291794	0.00621943678961254	0.00180201797505962	0.0101135314039033	0.0298385891842913
T[T>C]G	0.00724798269248777	0.00667068527584154	0.000718794999880485	0.00587458988675503	0.00307311642337324	0.0114244310827828	0.00902165143958385	0.00160878296901461	0.00262517808740129	0.00943401823721474	0.00571403763368401	0.00058377616277198	0.0296761039568039	0.000179374516659888	0.00287495988726697	0.00334265088497369	0.0153811534225207	0.00541280548819585	0.000944954599710586	0.00489463452680436	0.0206422028007666	0.022622968216326
T[T>C]T	0.00434723559775808	0.0103579493044514	0.00178103224745812	0.00793967734938339	0.00155111741699497	0.0129555430255023	0.00203856074513869	0.00167841975144973	0.00882243080211951	0.0245682711152674	0.00718803884033689	0.000344400523285543	0.0284168736218279	0.00088890935133548	0.00181581542619575	0.0033271298587594	0.0133967572807232	0.00536474578999465	0.000993325934860076	0.00269509756164751	0.00288848430458174	0.0205610969967665
T[T>G]A	0.00102106792776728	0.000676613151254425	0.00030378322582564	0.00240753347207274	0	0.00390861550883723	0.000647457737994236	0	0.00221894995900124	0.0408472751384486	0.00371525375564609	0	0.00148935848570562	7.58087762309366e-05	0	0	0.0053579987803405	0	0	0.0023226519194318	0	0
T[T>G]C	0.00117696872636207	0.00326633663056565	0.00131985677308142	0.00523004413903892	0.000268708544725902	0.004851967939299	0.00169674855781859	0.000888438905578573	0.00294446350460186	0.00818162111939477	0.00848596578638055	0	0.00262726801685796	0.000376421524151829	0.00133084611442469	0.000359724579656847	0.00674897407713195	0.00908711685358233	0.00324492354240654	0.00162181617755364	0.000358001111642593	0.0017159572054864
T[T>G]G	0.00172571016487804	0.00257933163999206	0.00215638499964146	0.00881188483013256	0.00256093035281104	0.0054402052775156	0.000936209111654928	0.000846727878428745	0.00606506661572024	0.00847136331504998	0.00193398196832381	0.000250189784045134	0.00102011607351513	8.9687258329944e-05	0.000169115287486292	0.000771380973455465	0.00456773647093039	0.00405960411614689	0.000687239708880426	0.000944578592892068	0.000341193434723416	0.00027256588212441
T[T>G]T	0.00285064629361184	0.00624415383601677	0.00148419353954843	0.00830725500444743	0.000775558708497483	0.00988515421599018	0.00506125426379263	0.000979078188345677	0.00837383262574057	0.0433323875657628	0.0459598847063965	0.000206640313971326	0.002451051094066	0.00022222733783387	0.00174597637134207	0.00233606990083105	0.0125498358434361	0.0426199248871797	0.00106427778735008	0.000922007060563626	0	0.000225121499964597
