Type	Signature_1	Signature_2	Signature_3	Signature_4	Signature_5	Signature_6	Signature_7	Signature_8	Signature_9	Signature_10	Signature_11	Signature_12	Signature_13	Signature_14	Signature_15	Signature_16	Signature_17	Signature_18	Signature_19	Signature_20	Signature_21	Signature_22	Signature_23	Signature_24	Signature_25	Signature_26	Signature_27	Signature_28	Signature_29	Signature_30
A[C>A]A	0.0115851295768073	0.000745839982487565	0.0238782051176822	0.0376925226026429	0.01640118508823	0.00175030980826387	0.000409722370858683	0.0401009615308265	0.0139745460286503	0.000744412413164339	0.000201773505780505	0.00863840292695615	0.000364839528738207	0.000102291300284561	0.00134789354056874	0.0181558532018761	0.00200059929485618	0.0526862412607236	0.0111151420697846	0.00122156250775034	0.000109909710746776	0.00165623520905922	0.000452985045640022	0.0296314787876553	0.0108103584066195	0.00227050281972931	0.00599261786245439	0.0016719266042033	0.0729700890586518	0
A[C>A]C	0.00944774840407363	0.000669069924124728	0.0190393085715938	0.0315657363711728	0.0097303229074038	0.00285180051172758	0.000506634541904533	0.0359175415113222	0.00771838381874113	0.0010519877256429	0.000997997033506733	0.00521597734263835	0.000699415373728064	0.00424994290641986	0.00410267709984093	0.0108207565707028	0.000369700820950693	0.0112823151681673	0.00760427941323216	0.00226480535428987	0.00076107807512382	0.00266989526288387	0.000362547585579945	0.0206847623425712	0.00756263922436207	0.00163754670251763	0.00539578396467778	0.00108551970058971	0.0568876233724087	0
A[C>A]G	0.00155680155567891	0.000108555233061285	0.00230489167761198	0.0189145697610115	0.00242566857253693	0.000515251241997381	0	0.00276041053601998	0.000582786529092683	0.000319315396135562	0	0.00190886269838319	4.16090701824533e-05	0.000511907793443858	0	0.00248311312396907	1.7227860500411e-06	0.00238751226624299	0.000519857462497294	1.67539304068468e-07	0	0	0	0.0212022114207895	0.00158354769930399	0.00031634314539392	0.000901821890044277	0	0.0186254373160743	0.00207071279607142
A[C>A]T	0.00576486774505237	0.000313470752007167	0.0155180050445993	0.0222308335548112	0.00895324468123137	0.00173303263090405	0.00036297508121341	0.0325074861973887	0.00701540114213338	0.0086674336894325	0.000178752149886037	0.00457180499484173	0.000817461603060058	0.0268236296527288	0.00523569367618142	0.00879145166536949	0.00307608666090685	0.0179399240867346	0.00681004676273019	0.0027587619670202	0.000584217348457355	0.000899880850860295	0	0.022543132306701	0.00480606855183472	0.000589563995206098	0.00277216369127782	0.000544171548044498	0.0247603596734307	0
A[C>G]A	0.00188006823006123	0.000287845802161053	0.0258493342605374	0.0100169169656339	0.0128111618642716	0.00133847220631943	0	0.00912679006516168	0.00558981841146012	0.000531723152260243	0.000706207270231767	0.00347779858098234	0.00411441361595368	0.000102291300284561	0.00114052530355816	0.00541292517819909	0.0018146121457601	0.00158141607932898	0.00602503028081782	0.000721616059675708	0.000549548553733879	0.000581025097910229	0	0.012405626196313	0.00877406999637675	0.0014168638870781	0.00152435133356677	0.000305320912979143	0.00969914810583089	0
A[C>G]C	0.00266508539356034	0.000291644561064133	0.0129547884731731	0.00551634227845737	0.00791820398375896	0.00122220021931182	0	0.00465246602819917	0.0026495944452395	0.000315596317692871	0.00029939911005202	0.00166467361999096	0.000992759617502522	0	0.000102566927496023	0.00267730059481305	0.00175746075232831	0.00257701335393424	0.00195245011961366	0.00210894210757292	0.000869803514427223	0	0	0.00862105949521799	0.00176773538091739	0.00168272856566909	0.00201686970808967	0.000318250161912244	0.00358851066192566	0
A[C>G]G	0.000619084601886131	0.000239718357871752	0.00568631395499071	0.00320410744585441	0.00253113224128281	0	0	0.000638822701945978	0	0	0	0	2.16970392387534e-05	0	0.000622653635312806	0	2.82010171239495e-05	0.00272813546322167	0	1.31955767523311e-05	0	0	0	0	0	0.000342302394159852	0	0	0.000161169634883157	0.00507336739544769
A[C>G]T	0.00274098548430574	0.000591316539656184	0.0222083956484035	0.00494018523440249	0.011374001002888	0.00164182038717226	9.07437703033526e-05	0.00835450105141904	0.00392037122648631	0.000188422471509403	0.000804384674487163	0.00248467662763137	0.00372749930646913	9.06203704484083e-05	0.000918542750207268	0.00729290876786333	0.00128523122462915	0.00367867493451192	0.00662599144481856	0.000778271970984701	0.00175265204537207	0.00029212731979983	0	0.00355682997644146	0.00331765803452741	0.00246356243602595	0.00134895834962057	0.000326134113388578	0.00367348600288772	0
A[C>T]A	0.0308091221266552	0.00812969638649381	0.0192472241597394	0.0123920622255265	0.0239726542680802	0.0321233329516663	0	0.0197312340570663	0.010830273172204	0	0.0226995194003069	0.0135746331709311	0.00161319449845036	0.0299713509833764	0.0121310418651186	0.0152238520636849	0.0102109087019984	0.00398836620964503	0.0229574429665645	0.0340164957583615	0.00560539524808558	0.00342836726132654	0.0197507760622767	0.00653278609371822	0.0229250269614526	0.00657543147847026	0.0157979834084078	0.00650110897231275	0.00541913309061068	0.0684816096952198
A[C>T]C	0.0147898864445721	0.00294632909302256	0.00947725040846016	0.00766158649785745	0.0138513740378216	0.0166015529789855	0.0199614009510386	0.0061040830408826	0.00645118647536572	0.00336636072205729	0.10967987398239	0.00599282503196747	4.36732451645424e-05	0.0324817064990661	0.0173338107468279	0.00847811855024132	0.00456329796095596	0.00254239211194946	0.0208603881200828	0.0227310010732253	0.00674097723681097	0.00166103589086918	0.0809312087976811	0.00393373291878826	0.014199714100734	0.0117010235824629	0.00617707441543333	0.00214859984731661	0.00925889789421434	0.0565895567924844
A[C>T]G	0.179333941193938	0.00363248707830844	0.0038509812365553	0.00289403253173947	0.0184137094160867	0.0935696255467243	0.000102520974025838	0.0210586318723168	0.014569663227317	0.0134112466376937	0.00727025558177269	0.00213343478054592	0.000345349327483463	0.0507812531096307	0.0320666622186095	0.00395040724267807	0.0100873669358689	0.00883180019270026	0.0382615092398008	0.0358224717738491	0.0281617129933409	0.00399596537979371	0.00924920594619382	0.00322051741384331	0.0214936869497514	0.0222043265727035	0.0077271251139824	0.00650474598623254	0.0330190323470814	0.0215359183107506
A[C>T]T	0.0116739917812598	0.00321950346187589	0.014117882907145	0.00539760979314346	0.0160239684806915	0.013590624316037	0.00390198212304416	0.0201303244031402	0.00784074245297261	0.00442792808047095	0.0571113118885885	0.00665893336205208	0	0.0251018426142091	0.00606238215136796	0.0100901888432082	0.00554911127962924	0.00517741328826039	0.0244793572822463	0.0172601439208241	0.00292108674228677	0	0.0293962188814829	0.00313441036049279	0.00554340001425683	0.0111771453170933	0.00456439590162616	0.0017268294603352	0.00440589113157348	0.0204366086741187
A[T>A]A	0.00293535968543804	1.01123176696573e-07	0.00634705133690551	0.00346602125533504	0.00683343384997342	0.000431961360458208	0.000716237953547178	0.0102064572965196	0.00985302256931109	0	0.00014108855472782	0.0045498635302023	0.000947734611204107	0	0.00152250658381831	0.00638709609593248	0.000468079856847662	0.00221409033301376	0.000799008814488234	0.000415806165870519	0.00637884136931636	0.0382059953472258	0	0.000843905536472875	0.0156046459631339	0.0034708707790586	0.115169945525221	0.000806497440429551	0	0.00556975875404493
A[T>A]C	0.00209079703082723	0.000104343821459787	0.00670735405147095	0.00340202460399223	0.00686080475388681	0.00287005651511557	0.000692197739090901	0.011468308152516	0.00413158085675586	0.000179661932076329	8.52206118358882e-05	0.00615979972991426	0.000975863590301427	0.0006912564392054	0.00788252311348317	0.00695383129832977	0.00173289409813538	0.000714354273883474	0.00465069237570642	0.00172403766398538	0.0271099939113573	0.0108521027232071	0	1.3257848272028e-05	0.00820510311335586	0.0120563189820762	0.00142370645930422	0.00340146612897852	0.00268603323838875	0.00332059598252858
A[T>A]G	0.0024971304797551	0.000495485679522011	0.0067431086257132	0.00878846908427831	0.0107505907259583	0	0.000784554440941292	0.0130463883964368	0.00673932289743582	0	0.000601011904095161	0.00439188999461529	9.51211286799267e-05	0	0.000794155666510712	0.00767770928169197	0.00101053234753047	0.0039954487906625	0.00397827356532852	0.000167915625276189	0.00252551945811221	0.0636463283541721	0.000201885671204995	0.0055745843713372	0.00580253505284516	0.0011105708796027	0.00120139106725561	0.00181826355723967	0.00346963868574472	0.005898506757342
A[T>A]T	0.00556152104855227	0.000103804635337919	0.0060074611975616	0.00197415047786516	0.00782973360620246	0.0034772709615156	0.00228451697405775	0.0167790779291228	0.0137285556952803	0.000813192700441476	0.000192864394452404	0.00428934167004926	0.000674917885342145	0.000586648369244037	0.00521958518966624	0.00603624323611341	0.00142339321761635	0.00181797767597631	0.00218444864596831	0.00489567942112016	0.00301162698310859	0.0102447394773897	0	3.27415440503922e-06	0.0103370229746834	0.00283237762770972	0.00185973934875417	0.00430989696485806	0.00339231270454762	0.0062622191217779
A[T>C]A	0.0101573026521282	0.00099575475618352	0.00981641964612402	0.0060655371968363	0.0271457758190995	0.00539951700572758	0.000358118976773589	0.0123763582770569	0.0205203445245156	0.00230518032989836	0.000423265664183461	0.0365558000874874	0.00041872712159916	0.00185968630136221	0.00833753605424313	0.0565376284047357	0.00205963020652722	0.00213816100971277	0.010532388918254	0.0118683011022175	0.0203661802755281	0.0129664714107704	0.000746485505776665	0.0034183116388111	0.0157824225550319	0.0428308552121936	0.00406284638978128	0.00342394618296314	0.00737788057848438	0
A[T>C]C	0.00553305412457027	0.000392734313433864	0.00835682754858105	0.00174462800204729	0.0127690576118143	0.00487039893474158	8.65247173863626e-05	0.00718457652104609	0.0103289521418896	0.00467121023398458	0.00127830917753832	0.0300408694520434	0.000133956982117943	0.00397472452543104	0.00639360208093634	0.0162891116714301	0.00745165119658625	0.0013326739781815	0.00421194781196054	0.0168356358578597	0.0153190034088149	0.00103087724037762	0.000187011220343663	0.000548686865507587	0.00876786993911732	0.0259462679575858	0.00179478775385435	0.00796455116906878	0.00559269492362824	0.00777710584490182
A[T>C]G	0.0090059804839237	0.00053504014858127	0.0107387852368716	0.00711865995826543	0.0265765331384591	0.0190141374392038	0.000610209009621005	0.00915749605673425	0.0174429533815985	0.00235309685958055	0.000686870747537326	0.0464967484212532	0.000258942952259774	0.00304689601930552	0.00644148485058688	0.0333980353753601	0.00411970435504286	0.00295423270391014	0.0119348206959855	0.0482680471286925	0.0209524577265606	0.00460474934229645	0.000424149211391802	0.0023977779391156	0.0185097863752958	0.0490620602837312	0.00557334799410998	0.00562134118988772	0.0130086407688621	0.00809946081579728
A[T>C]T	0.00615712912379184	0.00103599582507446	0.0116518869508074	0.00236898057343819	0.0190979283999535	0.00150900437952563	0.000717991048989577	0.0151920174932579	0.0183294770634284	0.00271064233480493	0.000192864394452404	0.0178722569585386	0.000185750418503507	0.00162957880345566	0.00416245401201231	0.0357144391470043	0.00218528258648458	0.00364809374687245	0.0105912661622706	0.00484301343015163	0.0132371511583145	0.00184583455591148	0.000199441088369191	0.00469472922062637	0.0100847119439089	0.0277143848912732	0.00190196103093543	0.0024644354147102	0.00524402906201419	0
A[T>G]A	0.00115883635175624	2.57575925839132e-05	0.00177067584214892	0	0.0026573784959811	0	0	0.00322245550472754	0.0272790294274316	0	0	0.000941351075214269	0.000294314496887261	0	0	0.0041003579875122	4.05763664809369e-05	0.000281490125103962	0.00101692030934866	1.27788500520177e-06	0	0.00127201191482925	0	0	0.00403409765318466	6.27755737688109e-05	0.000914699598175348	0.00532461624642279	0	0.00390603020077577
A[T>G]C	0.00157315309034423	2.29275150844175e-05	0.00133202059256168	0.000174462800204729	0.00208312093137698	0.00147851396233227	0	0.000732195270932764	0.00501691961177497	0.00359323864152659	0	0.000947661496909887	0.000103462728679858	0.00172814109801349	0.000525501540898877	0.00400083444561438	0.00596698589042482	0.00110519976278919	0	0.000333522587259073	0.00287811579195917	0	0	0.00127916451505026	0	0.000153424339980063	0.000932528169906645	0.0167875845556832	0	0.00218459326919055
A[T>G]G	0.00123113147046737	0.000254241135107271	0.00829796337611629	0.00131827036264175	0.00512885039069324	0.000613359272232381	0.000784554440941292	0.00638142671036625	0.00515359986274504	0.00135755588052724	8.58588434421658e-05	0.00171856565006685	3.33913335014028e-05	0.000609379203861103	0.00105887422201428	0.00585425332729012	0.00323559011849877	0.00210207552164482	0.000884060792295225	0.000580396348945887	0.00149660412332576	0.0010185525700516	0	0.000746169871737305	0.00663404013568419	0.00118894661350836	6.62873022469218e-05	0.00671286590550363	0.0025957377962222	0.00563439585027865
A[T>G]T	0.00210100147502171	0.000151549805288925	0.00482506424382655	0.000131610031857677	0.00267287782361919	0.00190265769592362	0	0.00204601224947861	0.0143222229685898	0.00928394999670684	0	0.00214467083502463	0.00013368579947187	0.00365025651974067	0.00191605025949773	0.00546136292791214	0.0215206694185986	0.000224946926104435	0.00112532202974125	0.000351041390134935	0.00126068106269662	0	0	0.000708889383564727	0	0.00131249793955549	0.00018781368813457	0.0658656673995107	0	0.00639416888421843
C[C>A]A	0.00665536039960464	0.000715386319503681	0.0195516026488079	0.0460171096439155	0.0102655540728183	0.0100517910214389	0.00118813832237916	0.0334900969691865	0.0110316026427709	0.0031866424144641	0.000682634535792813	0.0146397133330795	0.00180155242384248	0.00553710549977597	0.0106236603436012	0.0173318125365739	0.00108980018323934	0.0894552418825736	0.0112461878938323	0.0173892744057045	0.00212481993707384	0.0048427496127744	0.000159108549131446	0.063551311630784	0.0156613878808505	0.00398734803215543	0.00563618642794329	0.00135137225643496	0.0518160221430298	0
C[C>A]C	0.00823224861479846	0.000250735246414673	0.0182304991078782	0.0681035326444374	0.00583882655970801	0.0266515196440873	0.000660115401489203	0.0299189889849717	0.00712968344137425	0.00102800920945497	0.00184213729448363	0.0134958326478545	0.00135703320914459	0.0112067014007518	0.00935471272612453	0.0121123863762424	0.000494832361991077	0.0231137619172078	0.0177405587531921	0.0405890532055623	0.0016527342609934	0.00445242969106749	0.000790810899112358	0.0375052690538856	0.00917726298757906	0.00475927888250953	0.00276245653452668	0.000429584957513431	0.0289233644351154	0
C[C>A]G	0.000949005422302009	7.5314771836776e-06	0.0021530236670782	0.00925329643150895	0.00313030335107956	0.00954023034940861	0	0.00128956873712092	0	0.000757992781729191	0.00102727237094078	0.00319854324565627	0.00027096274066137	0.000937416669717004	0.0015836345287329	0.0025261837136094	0.000330760909164461	0.018235891186627	0.00190394855270041	0.0131584249028259	0.00302169963812707	0.00100931478867764	0.000166806355301133	0.0236238431819801	0.00142030347809701	0.000920046315705856	0.000312166293604376	6.53614625139122e-05	0.0153908902537803	0.00242263001188036
C[C>A]T	0.00759707966020804	0.000460608732743882	0.0160569819925193	0.0451779989833933	0.0122429071871424	0.0595364613907615	0.00134850929124952	0.0318431474364782	0.0107319529439689	0.0172312369322115	0.00143035251813924	0.00806644145006897	0.00138710098376108	0.13021316104156	0.0239402119917162	0.00959292342320547	3.48127112856461e-05	0.0397786006812125	0.0100991164148184	0.108406273682943	0.00623311295212853	0.00495111130473641	0.000731304256207674	0.021041415840201	0.0138977213719556	0.0214611155634983	0.00361464784412443	0.000226174821188589	0.0426125633041842	0
C[C>G]A	0.00129657312823471	2.93274941905731e-05	0.0175225517914867	0.0104811204178116	0.00799768649679438	0	9.90115268649304e-05	0.00698761942588633	0.00202621273030486	0	0	0.00206040409872971	0.00561891773489519	0	0.000902008897098211	0.00436020441171671	0.00203194575187418	0.000462012682674623	0.000200824783818433	1.33255812143708e-05	0.000106240996853692	0.000619506820968688	0.000192245623945297	0.0134751312279634	0.00760296419903102	0.00137626751026485	0.00526405457125933	0.00011954146317077	0.00263953536592477	0
C[C>G]C	0.000787232201998077	0.000328136654083163	0.0156521425430225	0.0107590271441537	0.0089996730428454	0	0.000440076934326135	0.00712941867608558	0.0025016433127629	0	0.000216722034645133	0.00228947160990389	0.00106794831037055	0	0.000334096883075877	0.00605619318812118	0.000832032865887457	0.00409192216859113	0.00312412355402126	0.000609511602740659	0	0.000976122771692475	0.00030454722248406	0.0178940091680512	0.00539509733631656	0.00145260428295937	0.00155998201618285	0.000185447993071089	0.00124483501576357	0
C[C>G]G	0.000538138267606653	2.13153866129191e-05	0.00457984027575477	0.00662451903619391	0.00292143939161725	0	0.00062579544778888	0.000729546805387121	0	0	0.000821817896752624	0	0.000316796120363664	0	0.00042230254099544	0.00321514290823014	3.91166112207298e-06	0.0057385493805994	0.000211549839188934	0	0	0.000428448860115777	0	0.000839955653176822	0.00091616168898659	0.000235562055357337	0.000422989558056703	0	0.00161386450937818	0.00347599862162519
C[C>G]T	0.00146045653355908	0.000346045008426905	0.0262253684741614	0.00983039792694206	0.0104683355004257	0.0002085340153792	0.000311194451826814	0.00863238966984002	0.00459940840455814	0	0.000204336074019891	0.00215862517677902	0.00704505461391637	0	0.00178501580639988	0.00913611754590992	0.00105476945425611	0.00582749145085269	0.0008415930345682	0.000126574414737722	0.0003339167652926	0.0019633909419486	0.000198097456077738	0.0108825365715018	0.00021721076759851	0.00258932808451166	0.000312465266588438	0.000352579907360897	0.000147568435940217	0
C[C>T]A	0.0210849187938882	0.0158606971406631	0.0149851238204961	0.0209622408356232	0.0241592621339206	0.00845942808734957	0.0746546912561575	0.00513673243503252	0.0110316026427709	0.00123353899914739	0.0302309580136817	0.0202787140243398	0.00384235041466785	0.00593261303547426	0.0051113837502232	0.0228910731615128	0.022446868451328	0.00984311948527081	0.0439806276562368	0.0111529867954152	0.00361219389302553	0.00822934434581242	0.0585022403879883	0.00603469037531131	0.0151345674932335	0.00709536172442144	0.019404763964741	0.00507874697504502	0.00919851227061588	0.0705955050971224
C[C>T]C	0.0207440756581386	0.00412678372093946	0.00988395308432252	0.015972164007816	0.0206438992070005	0.0109481346255794	0.110789368216605	0.00466889535514247	0.00863066942903201	0.00274135789187991	0.164492024295656	0.011326859543735	0.0011755572711395	0.0183482268031915	0.00980017523689237	0.0118701386487175	0.00451250583930075	0.00633214891178894	0.0840166084349287	0.0201850162465513	0.0107427726964571	0.00841035513556931	0.200017536705343	0	0.0069650881012928	0.00778399058360585	0.00883439511646702	0.00340240259008044	0.00791534198536068	0.0721107622098242
C[C>T]G	0.101589601549792	0.00553895916064233	0.00385829652769129	0.00799148328175774	0.0143763168082358	0.0944587642287601	0.0216942421900145	0.00927304504693432	0.00901200695458647	0.0118030304583545	0.0138681770077005	0.00525474961786386	0.000143381517897934	0.0305181204696758	0.0163642234635733	0.00183722451898865	0.0146510533162948	0.0171794492161897	0.0251744308634832	0.0467880501992348	0.0355889068490522	0.00616919288921444	0.0154126674456764	0.00308021139253146	0.0128568075839565	0.0134933171972896	0.00879553912174996	0.00278316596707799	0.0211018799646772	0.018538730703536
C[C>T]T	0.0180908209051862	0.0099090568244597	0.0175322409013061	0.0210203189714399	0.022710075125125	0.00907122966899518	0.0817404093465098	0.0208411240217035	0.0114395542369779	0.00463089492553185	0.0833691182001154	0.0232904295389315	0.00067521337468047	0.019267818578942	0.01008008925967	0.0240965100273375	0.0106696318984221	0.00544077359523314	0.121925790883067	0.0145173949342249	0.00445222353723467	0.00464994284982202	0.157865916952738	0.00415999001831629	0.0150801687344523	0.00703242698187435	0.00833317836648659	0.00293694017299228	0.00172546899732406	0.0364566600473396
C[T>A]A	0.00109324510942041	0.000149574661961119	0.00722109892861571	0.00685905809350627	0.00490256737922959	9.11815317069143e-05	0	0.0116298316072967	0.00567231094798668	0	0.00035738392469413	0.00168901120919236	0.000275232632457895	0	0.0014691735490855	0.00539293796619776	2.90896066551578e-05	0.000380711320606633	0.00395585691203555	4.12961796460211e-05	0	0.0847436647769001	0.000526082109866493	0.00253444091560401	0.0254379792339215	0.00351078815488376	0.337045559611483	0.0027194437274853	0.00163025031056753	0.0049470788251394
C[T>A]C	0.00203690131277917	0.000519751827637481	0.0140512228205021	0.0117526290522275	0.00698779377643225	0.00274466322615917	0.00147030499259679	0.0200225544056441	0.00585062487007796	0.000109034836555868	0.0011378277983392	0.00989215457045021	0.000248391306745328	0.00356588494827557	0.00457120192400986	0.0147996166698221	0.0114469538256585	0.0026631025898589	0.00564490737905829	0.0046587415671756	0.00416953380683851	0.0606363737631794	0	0.0028576648851561	0.0176949885877794	0.00445280730329127	0.00332089716612781	0.0240564520882473	0.000409839781989488	0.00731834692706396
C[T>A]G	0.00160669589057552	0.000260381616901031	0.0128206689834123	0.0365331631619184	0.0119311065437878	0.000852029875380195	0.000741697058666122	0.0184787343543154	0.00614363589969025	0.000330016498506742	0.000626158420844175	0.00359752033029703	0.000323504110291525	0.000211625270306645	0.00289584181495386	0.0151646702036974	0.00504601344278012	0.00595621304699553	0.00225657288875952	0.00120779310307688	0.0028423326545618	0.242874763446329	0.000178931617901844	0.00739502295651418	0.071027102802222	0.00275227755102033	0.00523582022192815	0.0109325371153382	0.00383638692744667	0.00898860527388991
C[T>A]T	0.00210678681719391	0.000581625255787404	0.0164123616929717	0.01099794367528	0.00994662717235279	0.00104884183477844	0.00170747165235225	0.0265472766246758	0.0074414379453703	0.000886358445579619	0.000373719231275674	0.00561032219766961	8.07895755273098e-07	0.00189461078949191	0.000672142862349104	0.0100256682795108	0.0315980525217386	0.00319932966924496	0.00211643645020733	0.00228710486200624	0.00101785842623708	0.0630502634503348	0.000423623005337521	0.00279260262996353	0.0370462485773625	0.00168637558980837	0.00578983242529042	0.012124298588353	0.00215601154924103	0
C[T>C]A	0.00386113476822722	0.000528854602604113	0.0075298184661257	0.00475561361149769	0.0138416773046347	0.00565325496582868	0.000907132160179075	0.00500414400873138	0.0158824706543627	0.000470897569704268	8.93459811735324e-05	0.0309983233687069	4.12632913566952e-05	0.000543539146277167	0.002938347098171	0.0145809063530532	0.00718264461294542	0.00017742617356744	0.0060717803766127	0.013631146596631	0.0213167532487606	0.00392747756182104	0	0.00169370683613295	0.008733329546486	0.0373506854727305	0.00499457901244226	0.0219731447534382	0	0
C[T>C]C	0.00562169008568913	0.00043945519376086	0.0159346329405541	0.00275286806628752	0.0140564101787155	0.00422255880947564	0.000840174281483878	0.0122467098384244	0.0140892598912081	0.0020716618945615	0.000413755563032437	0.0442846454607362	4.83932981969543e-05	0.00555858536054722	0.00531535107443007	0.0224306690151992	0.0444017081777377	0.00326039130087655	0.00745553804781284	0.0194840570040064	0.0112690102887527	0.00152694303324551	0	0.00472344793479346	0.012063628048274	0.0248121362814153	0.00675657973612031	0.0530957136671385	0.00296663457635198	0
C[T>C]G	0.00757286184733071	0.000409116813038287	0.00938328689383358	0.0106822114508533	0.0212806977176168	0.0287560082940816	0.00105956722666589	0.00639175500140865	0.0185513711480843	0.00165008249253371	0.000104359736807363	0.0481603528088151	6.11858371745118e-05	0.00169300216245316	0.0137284352708923	0.02216374875925	0.0323178287435378	0.00280010246266874	0.00429823407382767	0.0794074232417081	0.0239892876045016	0.00313207859700071	0.000331470145176458	0	0.0150851041365333	0.0543938620978437	0.00674174430343543	0.0459007422133572	0.00744489342571047	0
C[T>C]T	0.00649028803998547	0.000567475836293556	0.0119006593320524	0.00516425181274019	0.019369526595295	0.00314652550433533	0.00426867913088063	0.0112472675783956	0.0296579048547367	0.00196968543462138	0.000840868270370267	0.0336619331860177	7.71054030960679e-07	0.00255772456581408	0.00336071431174551	0.0274661537240766	0.103021117231757	0.00126480883617565	0.00509868781186312	0.0105471704985578	0.0207643118952365	0.00241009332604865	0	0.00153021147418295	0.00906475235886353	0.0213802757332264	0.00415838844798043	0.0055983571279695	0.00293688548668417	0
C[T>G]A	0.000279823423014645	0.000110086712215167	0.00188286281239329	0	0.00198473071042674	9.11815317069143e-05	0	0.0023445433913479	0.0222767120866387	0.00207194930669878	0	0.00129159680702946	1.45687799923062e-05	0	0	0.00019973844319251	8.84603479409961e-05	5.63224591183654e-05	0	2.1329204483231e-05	0	0.00109257429309096	0	0	0	9.40399636962416e-05	0	0.0101610064168431	0.00103132656410817	0.00430585291845834
C[T>G]C	0.00224596301642421	2.474890286193e-05	0.00643108003847425	0.00137643403314376	0.00391490859166331	0.00422255880947564	0.000840174281483878	0.00234725541995197	0.00764163248336714	0.00196262705800562	0.000103438890758109	0.0056362276040937	0.000164960941523711	0.00209757938133857	0.00201983340828342	0.00948100442910484	0.0221849472532542	0.00215460516207614	0.00117158455037059	0.00899733349987041	0.000563450514437638	0.00120194148695541	0.00019479290232091	0.00231780834756746	0.00323266800631274	0.00447317233296515	0.000449984334428267	0.0416009437905618	0	0.00646987887689575
C[T>G]G	0.00172718817279878	0.00025793627992352	0.0116577443180641	0.00491381726739253	0.00811577463759113	0.00532518672112622	0.000953610503999301	0.00746078738716006	0.0151783945757053	0.00407020348158315	0.00114795710488099	0.00522220693107634	5.18452197182358e-05	0.000529063175766613	0.000750773803876926	0.0078156377203671	0.0151930850735325	0.0057285799009442	0.00139692607399399	0.0164743999073722	0.000454773224729888	0.00477109726267978	0	0.000121884615430952	0.0132985187669002	0.00632984423148171	0.000480202642712926	0.0229161521542467	0.00234021518677822	0.00802554042311599
C[T>G]T	0.00266669676368835	6.78981195152758e-05	0.00870115786272761	0.00114761151394226	0.011676977667864	0.00820003616281328	0.00123317397114329	0.00492224070710997	0.0548940857129491	0.0179241374550545	0.000840868270370267	0.00654537589728121	0.000468030517438334	0.00596802398689953	0.00432091840081566	0.0194247322915522	0.264411926946001	0.00226080022209124	0.00182783147972451	0.00209521700840048	0.00325714696395867	0.00166163423110704	0.000195089542114382	0.00242716385834267	0.00864978161960622	0.00699808720639133	0.00153420941651188	0.131814320544386	0.00110435342626337	0.00890939988609687
G[C>A]A	0.00802944403668459	0.000359314299834381	0.0097569126585199	0.0362789762419605	0.0121967902152245	0.00230877752227553	0.000287114931876588	0.0241660110920474	0.0128393580014891	0.00139106825821809	0.000377050025331431	0.00649889111052808	0.000134527581317856	0.00172034695501062	0.00232502871123705	0.0101150226223323	0.00666818182837486	0.125388484579601	0.00310588990734751	0.0010796053443757	0.000102693014776488	0.00133584854086002	0.000326661607532259	0.0528438667724034	0.0137425528569061	0.00143036293730309	0.011568951598305	0.00238846219295397	0.0760356895244308	0.00869884395766555
G[C>A]C	0.00588369222934125	0.000143104958290771	0.0114310777874964	0.0403337400816234	0.00993697123477883	0.00584557529341897	0.000100268137034689	0.0169148255006922	0.0104876346536863	0.00229018996495494	0.000987568898674915	0.00614984286510893	0.000804668696933064	0.01141502352034	0.0100480247119656	0.0103765241295261	0.00138303073340959	0.0164232744992273	0.00315229021824639	0.00331526714076514	0.00408839568890679	0.00195063054087959	0.000555878390728119	0.111327409076024	0.00691623891450785	0.00213743340648284	0.0140209906658061	0.000502673337086187	0.0749804766541234	0.00961997970645594
G[C>A]G	0.000627226329966815	0.00019005121680463	0.000975519788263117	0.0228534658152379	0.00300624516624214	0.00210789597692821	0	0.000905993626870359	0	0.000207352577016193	0	0.0016405817129903	0.000102873710878847	0.00109697128539533	0.00131407292494392	0.00395783024066799	0.00136661166552566	0.0094232938388247	0	0.00378642773423731	0.000321455747209416	0.000358388092880624	0.000145548026987321	0.0469178914011622	0.000700816805368986	1.43566434724475e-05	0.00182892540008094	0	0.0176707355953523	0.000907654524297706
G[C>A]T	0.00477458596889821	0.000137647783367888	0.0134941299057124	0.0273293345427718	0.0115989137292595	0.00918823870128807	0.00010506950767194	0.0235942722309728	0.0101536549239277	0.00959942566838696	0.000620915363810912	0.0031070876716473	0.000616101537427461	0.0772259972195085	0.0328637963500284	0.00728749630467844	0.00347669164624879	0.0770149814767691	0.00767203805416328	0.0137383614891426	0.00259305012770981	0.000586397603894215	0	0.0535074577556405	0.01173459620791	0.0022093645166395	0.00875279540435104	0.00161813195235339	0.0637484882228414	0.00880730106412429
G[C>G]A	0.000587263837499194	4.576848896844e-05	0.011991041702503	0.0067540647258969	0.00570182926713761	0	0	0.00380063763129055	0.00119688930522356	0	0	0.00125784989236027	0.0013741173520427	0.000191149661667847	0.00213127631863396	0.00326630938846148	0.00132266104081408	0.00089993888964515	0.00194118119209219	0.00129593342014341	0.00041077205910595	0	0	0.00477931788820375	0.00425551101614322	0.00137346885541581	0.00152537130472999	9.12081570643478e-05	0.000258912386111097	0.00724903663138796
G[C>G]C	0.00244558795313163	1.55279270426916e-05	0.0103561204002715	0.00919892317651055	0.00579035336043725	0.0030235734276305	0.000401072548138754	0.00325704671434763	0.00330588483648807	0.000208199087723176	0.000197513779734983	0.00120800484850354	0.000841543173606346	0.00010013178526614	0.00050747599555382	0.00353243374622165	0.000278744204752699	0.000661965028099795	0	0.00183542167566754	0.00451875312984435	0	0.000134486707560426	0.0094876038935089	0.0025585108354819	0.00201088756080867	0.00151758518415947	0.000123228725312804	0.000964560770933457	0.00678460317963472
G[C>G]G	2.52925779021459e-07	4.3311644191676e-05	0.00175446708163775	0.0062419157733249	0.00117779291217639	0	0	0.000342004982243157	0	0	0	0	8.69045481351077e-05	0	0.000606495196127962	0	4.66042245356104e-06	0.000551732346547942	0	6.43454397191221e-07	0	0.000230484318479728	0	0.00567325029544146	0.000445336496871945	0.000222529042730947	0	0	0	0.00161364221822225
G[C>G]T	0.000953059077885549	0.000300806843370429	0.0197896669669379	0.00635565919599343	0.00680226125355329	0.0017954029646195	0	0.00647030309744651	0.00525600960768022	0.000436337530381226	0	0.0010356958905491	0.00299622037561651	0.000314779879970823	0.00191439590388515	0.00335456179104245	0.00203911732446677	0.00147226819367161	0	0.00131494668470207	0.000450965239601707	0.000608187118133447	0	0.00324232940501468	0.0022341973349643	0.0013993043892732	0.00538543423990479	0.000195965751165003	0.00513041179257585	0
G[C>T]A	0.024328263582047	0.0065233566788615	0.0162276856051923	0.00839433758790043	0.0205515442475679	0.0628179884185801	0	0.0023074461744951	0.00674610335671463	0	0.0246025141528759	0.0129977822210561	0.00298783966502463	0.0532351807744953	0.0461130694395348	0.0131706023728285	0.00211078470706218	0.00263302317489153	0.036300088292124	0.0549357072907987	0.0167389614085675	0.00197065939851164	0.0497422984155727	0.0228854042674956	0.0102448022400713	0.00999104536998657	0.0152899066499354	0.00378312335747371	0.0113389121218162	0.0477472499686462
G[C>T]C	0.0277543030863841	0.0021343441856116	0.00865356119599122	0.00808696542989941	0.0193652636180904	0.0779074086519459	0.0210563087772846	0.00172832245420129	0.00786572599026471	0.0139493388774528	0.0962879676208042	0.0101033132783933	0.00268332192115405	0.0618814432944747	0.136511042803978	0.0101557470203873	0.000347930258666953	0.0042855216779187	0.0624356836775252	0.0551592405250633	0.0421750292118806	0.00348075232743782	0.159346767365568	0.0161192191872851	0.00743544306746298	0.0212556049687791	0.0226994267906537	0.00197623830872015	0.00385997837635095	0.0509351721154663
G[C>T]G	0.105400934027385	0.00032273576358894	0.00127346747776901	0.00231554939978181	0.0141193269902099	0.134403462528899	0.00019972091937693	0.0123580171187623	0.00999086313773805	0.027992597897186	0.00885198213520523	0.00251555862658513	0.00340564779208717	0.0975307197378758	0.184879952286341	0.000989457560166999	0.00799645679132902	0.0120922540576541	0.0281539873698357	0.00463530908022909	0.00203588639899297	0.00354332084042588	0.0127086005616281	0.0127549232094394	0.0111478047385749	0.0244196292988982	0.0105141948615063	0.00255361445301379	0.0200098760436727	0.0161361146069855
G[C>T]T	0.0189415136370203	0.0036597341581425	0.0117225122747629	0.00868606756785769	0.0219596892718243	0.0553406560859189	0.0169161907351823	0.00704081788352976	0.0120649311449023	0.0165808261544866	0.0540196366515493	0.013233891934794	0.00188678362414865	0.0582342777946022	0.0850842623948956	0.0134182471641698	0.00103692189122942	0.00204616759191622	0.0977119291064961	0.0526512785917539	0.0187150574434709	0.00125837267955461	0.110270804652545	0.019236628512697	0.0110071312092187	0.0197615442749868	0.00896212361302998	0.00128123637142466	0.00616210199942228	0.0203734572291731
G[T>A]A	0.000614407141529815	0.000107274801023903	0.0040782547394998	0.00608446853018178	0.00631794354903929	0	0	0.00759044996494748	0.00298324510121208	0	0.000258444097478372	0.0014369617573007	0.000128391908907111	0	0	0.00288883847961565	7.96871693019315e-06	0.00166957440284967	0.00230630004432841	0.00014420902507348	0	0.0505025513703446	0	0.00196542076260965	0.0337815831243948	0.00213186031083362	0.107984700199158	0.000563391447858498	0.00260886723320962	0.00335673265464441
G[T>A]C	0.000616893218871241	0.000343446794563211	0.00646962976307803	0.00574474964727311	0.00472262606549765	0.00308410716624479	0	0.00924191651954901	0.00361293280440273	0.000113768227129302	0.000323788054978424	0.0046807210852848	0.000294829035741269	0.00273579865637247	0.00421503573014848	0.00482565424702653	0.00300645091616125	0.00168447359244974	0	0.00420768344999434	0.0166966688337524	0.0111788693857263	0.000195830323354022	0.00537054691383401	0.00683271592627865	0.00620093490592202	2.88866354602637e-05	0.00404971624790812	0	0.00376272831668888
G[T>A]G	0.00131046816939514	0.000101381249888635	0.00909056095236401	0.0143659048233891	0.00782389890175459	0.000646154331335985	0.000642835630660316	0.0103464582537805	0.00341062128565222	0	0.000422097849875329	0.00222954035447622	0.000175004316101319	0	0.00281971095825544	0.00601561407880781	0.00404210781113754	0.00164155206953103	0.00173848211611774	0.000896958102248802	0.00356382822566932	0.0579279547072535	0	0.000211801664308641	0.0436915029623063	0.00158124055221226	0.00188554490609597	0.00269411773802994	0.000581995733355338	0.00551827542167379
G[T>A]T	0.00195007372029387	0.000208971572260072	0.00828669698690079	0.00411992900056402	0.00496423860497905	0.0019169031824178	0.000908122768247221	0.0172468230541438	0.00371683979020415	0.000377129440081861	8.94435489301308e-05	0.0030833250019021	0.000118602165364831	0.000816199054287489	0.0039527156562014	0.00329928327169641	0.00375548360691463	0.00333762971162389	0.00478905100658485	0.00174456405548324	0.00399516573471807	0.0103498558214032	0	0	0.0195309529048004	0.00248008811525599	0	0.00212963554457669	0	0.00596138205122815
G[T>C]A	0.010025904694037	4.36010250703206e-06	0.00629935543374236	0.00537902290349403	0.0152737180314968	0.0107259817763791	0.000174932660168743	0.00533509404671973	0.00904917680700999	0.00581174779342244	0.000861480324927905	0.0548919391288868	0.00098097349189226	0.00681309619586989	0.0172646615937855	0.0155034331739373	1.06315606899928e-05	0.000471046151817827	0.00345945006649262	0.00218291035270114	0.133834108221313	0.00396565967016701	0.000214297262507493	0.00112155051015753	0.0163133576734418	0.093199064764077	0.00469617837152527	0.00373412383934294	0.00631342885452925	0
G[T>C]C	0.00781681381156741	0.000217461710455519	0.00721310937351708	0.00176761527608404	0.0112435620150007	0.00649865438601581	0.000109580962267825	0.00605339560914532	0.0120846373112781	0.0114905909400595	0.0017268696265516	0.0328850660863599	0.000617833015874673	0.0138978571743722	0.0553500744564235	0.0119434942613907	0.011282616608455	0.0025419525215903	0.003333941070529	0.00173397641836634	0.0781921462989106	0	0.000575312814648108	0.00742573421719681	0.00472755297235069	0.047902306879911	0.0024199223500074	0.0090506845351452	0.007932584576559	0.00741475175481231
G[T>C]G	0.00543477746023111	5.6568326410688e-07	0.00686991811281583	0.00453660152317549	0.016193427147957	0.0123846246839397	0.000321417815330157	0.0057581930761823	0.0114499428875468	0.00600659472868312	0.00200496478690781	0.0481111339650132	0.00071828617727699	0.00877347324419982	0.01670136490659	0.0174570761502658	0.00531603131269426	0.0064021821327283	0.0065193079354415	0.0296069189214296	0.10162658553199	0.00169875552222838	0	0.000300442134638914	0.0153124012719017	0.0519512042332161	0.00148004086533361	0.0103019952049402	0.00615449681339909	0.0086561916405844
G[T>C]T	0.00987227217444583	0.000560405526410055	0.00716981037545603	0.00219729546696748	0.0152467364066942	0.00383380636483559	0.0073557944228025	0.00821877787152712	0.0130089392657146	0.0116910126425377	0.00205720162539301	0.0402821492183983	0.000653362556960691	0.00779923540763602	0.00864082027169607	0.0141969158963906	0.00788972373380224	0.00441030419079666	0.00911761633945962	0.00137515380881098	0.0977353959005422	0.00152399494845451	0.000882091807218783	0.00388699721456801	0.013712462144583	0.05479837372321	0.00382444303676838	0.000432649782123269	0.0103884302088858	0.00788734694014133
G[T>G]A	8.82850566582407e-05	8.91380865102512e-05	0.00381129800105011	0	0.00152565299749487	0	0	0.000908874340995149	0.00715978824290901	0	0	0	1.7207459166632e-05	0	0	0	3.65476048755881e-05	0.00119427725302505	0	3.16401708319451e-06	0	0	0	0	0.0051731557833422	3.5542211669001e-05	0	0	0	0.00291500531574137
G[T>G]C	0.000225988127326251	5.49333149413326e-05	0.00518680949963354	0	0.000384864459611431	0.00176234695213989	0	0.000613186820357884	0.000747503338841944	0.00227536454258605	0	0.000480073957465108	0.000108868214159768	0.00207920697884308	0.00244028384377017	0.00386052339762122	0.0106059061079658	1.02657200351524e-06	0	0.00313493054993159	0.000705493049313479	0	0	0.00118809302157588	0	0.00293025355013044	6.25506768969045e-05	0	0	0.00210271766299642
G[T>G]G	0.0012975017446334	0.000125611320372096	0.0184640618591524	0.00194425779564664	0.00683020662602085	0.00107692388555998	0.00182136762020423	0.00695427379288685	0.00609039515295039	0.00100109912144719	0.00105524462468832	0.00129078652101255	1.20598959806479e-05	0.00128392291378534	0.00401266559444044	0.000943625737852206	0.00546297350086604	0.010572058844745	0.0046721706870664	0.00295965658591266	0.000459848803312172	0.00216258623381837	0.000195572611693199	0.00316438512917695	0.00992310880968397	0.000951455364076222	0.00571094814410787	0.00527825344082903	0.00397054238474894	0.0036788869471541
G[T>G]T	0.000741038512089796	8.3758120265733e-05	0.00674769294897253	0.000183107955580624	0.00321877032135036	0.00319483863736301	0.000817310491422499	0.00525515023591613	0.0191004266996603	0.00282847080061395	0	0.00318278709873764	5.19271241659298e-05	0.0034461737847694	0.0174654877832155	0.00439904436226187	0.0614756822790114	0.00267170589191955	0.0023024283685504	0.00326615520674404	0.000779544533603527	0	0	0.00075667607581912	0.00268112680298879	0.00773062041249748	0.00234584008636166	0.0335706099634688	0.00571391661167055	0.00522761898419292
T[C>A]A	0.0107834592612516	0.0139364432267994	0.0105831090874678	0.0287377408365914	0.0136758572993035	0.0014760166992594	0.00086378574037619	0.0248963912938385	0.0218014701912317	0.0335400351305397	0.00076569004051343	0.00624400169366863	0.0442679422187082	0.000431305551440433	0.00498383252464023	0.011601842403024	0.00168021236477683	0.0589747786695637	0.00446763578622013	0.000600899360741702	9.26856306849615e-05	0.00376236102008797	0.00174524844952654	0.0274349320440129	0.00639096617140489	0.00251571523708694	0.00687241310999915	0.000782831051388918	0.0236481360269251	0
T[C>A]C	0.0116813996934255	0.00715467602495178	0.0179298490462259	0.0556987112665893	0.0132535319336342	0.00299339848560766	0.00205380975858607	0.019806574858669	0.0050202512116028	0.0109812890381379	0.00252856827372904	0.0111346984081083	0.0189347672487838	0.0170234397844721	0.00644472604457331	0.0163930332759685	0.00140846678519163	0.0437608727999827	0.00656103450058363	0.00421196651869359	0.000550942912933984	0.00302460483228414	0.000697598706518898	0.0648538870474	0.0112208906784379	0.00226719220025295	0.0072348334059831	0.000994701218945374	0.0330413692149985	0
T[C>A]G	0.00238649515416434	0.00181815707358365	0.00146854885658404	0.010790381695738	0.00430376321831138	0.00113788879018155	0.000205826273041743	0.00185975004109855	0	0.00331221400403533	0.000101362023768266	0.00214159557997725	0.00251100138678014	0	0.00260431418973245	0.00453202092816975	0.00238407192714338	0.0158818554893715	0.0018786456631325	0.00104127964831172	0	0.000567727881449802	9.97791281538265e-05	0.0133054155396133	0	0.000296445401622831	0.00167291591617222	0	0.0130956184182673	0.00176683333808411
T[C>A]T	0.015511525457196	0.0131863780918406	0.0171241065119615	0.0372088435038775	0.0195014736330329	0.005815353331993	0.00129674668477886	0.0405652050033329	0.0365169454216865	0.319279621133718	0.000392985244203248	0.00535329184493939	0.0197776063524214	0.0514008746510496	0.0146407171462168	0.0172414007819302	0.00533028809555275	0.119675997740266	0.00880101175974583	0.0123289072927049	0.000428132468145907	0.00386651446897692	0.00020183388812981	0.0305197469590897	0.0261950320470236	0.00327057887908052	0.010993344657946	0.0023279733406468	0.0418421093661006	0
T[C>G]A	0.00165039167497204	0.0343097973148413	0.0145683229314091	0.00278669002051795	0.00248177285001321	0	0.000172757148075239	0.00379250037551854	0.00324075908248039	0	8.50766711681589e-05	0.00227054607042496	0.257555372566079	0	0.000786920924943194	0.00475485344386233	0.000361618278626194	0.00158510257411036	0.000438003508452954	2.1213048122506e-05	0.000185371261369923	0.000209391318339133	0.000194308814737476	0.00891565237191123	0.00902594323475381	0.00394422741294955	0.00278655367986409	0.000526025850373648	0.000721413663831247	0
T[C>G]C	0.00216357723171176	2.12624304156962e-05	0.0217552794764905	0.0108705663252637	0.00872021694706732	0.000206441274869494	0.00102690487929304	0.00416025357942222	0.00291875070442023	0	0.00111257004044078	0.00303673592948409	0.0698028822049078	0	0.0027026270509501	0.00723554572180679	0.000717746652161845	0.00821829899156084	0.00114557745248286	0.000157756694859894	0.000330565747760391	0.000694055831399957	0.000166069943935294	0.00785896792168169	0.00357709807740715	0.00313329277664605	0.00358691062728647	0.000800429164174245	0.000464257331557565	0
T[C>G]G	0.00031976998552096	0.00178414192261303	0.00273522903029129	0.00321636377469112	0.00145475706658959	0	0.000308739409562615	2.81485040103526e-05	0	0	0.000304086071304797	0	0.0104336678157234	0	0	0	1.49669965512284e-05	0.00158502790716911	0	0	0	0.000437904638675927	0	0.0016552684486498	0.00225795002480654	6.93047259989159e-09	1.48165697664477e-05	0	0.000150119566682234	0.00207863367181729
T[C>G]T	0.0032037092283358	0.0711521857625959	0.0342665544549599	0.00502822209511859	0.00710281189407143	0.000100264712620569	0.000698248214880927	0.00664458455915955	0.00555692647721316	0.000103561343215607	0.000785970488406496	0.00163876280967533	0.350481151470213	9.96140981609489e-05	0.00151455694616036	0.0185592148544344	0.00303332991541725	0.00362151592300312	0.0106219107445208	0.000688634487884278	0.000321099351109431	0.000275995862524172	0.000427113127652842	0.00614544257129672	0.0174460429850836	0.00869287208403945	0.00238849881081448	0.00145146877900542	0.00139097641486835	0
T[C>T]A	0.0127570737813371	0.386879359803495	0.00806473932717971	0.00304794220994151	0.0101801069598706	0.00642501386736443	0.103827045993218	0.0066132805777899	0.00491024103406119	0.00331813181772719	0.0256931546927839	0.0130556399049435	0.104628787663628	0.00793602214650397	0.00979279373262641	0.0163566958468864	0.0148270066010188	0.0131200846662301	0.0190969529685488	0.00935032480764315	0.00593188036383754	0.00187273431745017	0.0122669438679297	0.0231786593576443	0.0102038865608421	0.0106101468115846	0.0182096352322968	0.00769031924284744	0.0106188876012252	0.0753713550489724
T[C>T]C	0.01850313210267	0.089779920451008	0.0146074838592913	0.00724704421684248	0.022719267345669	0.00691578270812803	0.296467438651899	0.00444644339100049	0.00980700236685196	0.0224956503596806	0.160715799478218	0.0106848116037403	0.0164165666769964	0.0290218883072628	0.0162157623057005	0.0148102576493233	0.0183705505876659	0.010412913744209	0.0343673235744857	0.00848522173474663	0.00947621810246456	0.00219780668500768	0.0435847026093542	0.012502074832318	0.00706196081981366	0.0120605492290268	0.00922033123352479	0.00613716824694374	0	0.095204906047309
T[C>T]G	0.0797096364266246	0.0523785877376877	0.00184527221686798	0.00114129037166459	0.00830949457616895	0.0404467742691806	0.102089831428704	0.00607356960118724	0.00549914851949892	0.228756457504505	0.00810896190146125	0.00112715556840908	0.00668178165958941	0.00966067966196615	0.010833947029287	0.00407881883535279	0.0178531442061121	0.0120977653352544	0.00939322831566246	0.024093540167714	0.0139138635116429	0.00165784503452943	0.00276331657583334	0.00557400691367374	0.0154559550221322	0.0115910441219875	0.00533093912883786	0.00230558158461341	0.0165838762424189	0.0160057856847071
T[C>T]T	0.0139893563453055	0.243282665545736	0.0108067804981371	0.00774346202648263	0.0126003337713354	0.00471244149316674	0.0841887847656432	0.0129849545451091	0.0108870396288258	0.0405960465405181	0.0937269807424746	0.00983257685805195	0.0298667786021767	0.0228116284788574	0.00767375519387918	0.0211948429994428	0.0210852307445776	0.00548035724115584	0.0270100016074959	0.00961794471985203	0.00685011949033452	0.00126775886064254	0.0236724138062107	0.00557304972465688	0.0132099433918941	0.00785794785497829	0.0133191399389449	0.00721570401224088	0.0136695660939476	0.0466422525870964
T[T>A]A	0.00408457056191974	6.16409519227541e-05	0.00536718460997788	0.00324696617458839	0.0070605155945533	0.000143879497332052	0.000715702603241128	0.0115532561496727	0.0174943509059093	0	0.000211474647649158	0.00446807545711687	0.000307087013260467	0	0.000579568986665584	0.00669749847542561	0.000533204192620404	0.00339693296436691	0.0028307320268075	0.000668775233679378	0.00207349379564351	0.0313999323542907	0	0	0.0166613388177015	0.000488543479479034	0.0424809864422074	0.00016989918199712	0.000867858480201746	0.00563782649164016
T[T>A]C	0.00180996971325355	4.55105171847161e-06	0.00850283163259112	0.00412019768579716	0.00650785575101891	0.000714420445397302	0.00133265835836786	0.0114558568087069	0.00272720703979826	0.000737910068380918	0	0.01284442141575	0.00072959542574167	0.00141956918871966	0.00170869175337002	0.0085095760102968	0.00244309134658682	0.00233130853040199	0.00432484314014307	0.00063592486421563	0.00428989301371599	0.0244224477293146	0	0.00717230079190944	0.00322663085650611	0.00489854952765234	4.70204283334944e-05	0.0105650417984768	0.00152178708879454	0.00592183101766089
T[T>A]G	0.000940611440060218	6.01494708377252e-05	0.00584516523326584	0.00699987629768349	0.00648258103092878	0	0.000846727878428745	0.00754967832440603	0.0134771689103068	0	0	0.00343129952000545	0.000220900334941677	0	0.000514253982303644	0.00587280403405336	1.90773722990668e-05	0.0017380268740159	0.00446528062094432	8.30133098343124e-05	0	0.063577684474212	0.000191228772131604	0.00957866004512796	0.00920237346713473	1.85301599439803e-05	0	0.00321468940304304	0.00210204074303631	0.00316398245893646
T[T>A]T	0.00283725079471495	0.000206099074140912	0.0108174816483123	0.00317274017112607	0.00767494585429178	0.000492066386757616	0.00349670781552027	0.0206196972496779	0.0110517465534698	0.00203298068211549	0.000551040837256868	0.00719996258881889	0.000119313529528362	0.000838068658244195	0.000212369990984642	0.00615942863481526	0.00289515451674869	0.00200631027669226	0.00602850770368525	0.00163521524178206	0.000600323999905593	0.0177271953436996	0	0.000191092138502752	0.0108342391201293	0.00093897958977039	0.0015167322929589	0.0134722076315889	0	0
T[T>C]A	0.00588863222261474	7.7808220158142e-05	0.00685920798384843	0.00202033450863277	0.013084358709842	0.00424444517129554	0.0016461159874546	0.00373998406076437	0.0126935755410318	0.00222915225338765	0.000140983098432772	0.0391936443606743	0.000597065579940764	0.001286512811575	0.00492633638665747	0.0193833485288788	0.00130367708670877	0.00022021096227269	0.00377430936907666	0.00414787641964483	0.0298736698705675	0.00369598251546054	0	0.00121588778785119	0.0110781732589815	0.0223913347601219	0.00138430307099386	0.00830074297806359	0.00837739463592416	0
T[T>C]C	0.00439788106145817	0.000445680569848491	0.0102318256214743	0.00143311223853814	0.0135155778661246	0.0031255894486132	0.00159919003004143	0.00576035722854478	0.0138380505352726	0.00894715957911863	0.000787543472655497	0.0332787282135341	0.00012570121983068	0.00496849216051883	0.00890318334650698	0.017899452987176	0.0104891057241646	0.00566134800248725	0.00180201797505962	0.0100876491627652	0.0298385891842913	0.000871207443603604	0.000199854550312962	0.00210350086141213	0.00701670450536391	0.0353742757950435	0.00348392546149325	0.0301049867908005	0.00324153373440484	0.00834439825215853
T[T>C]G	0.00718398672767116	0.000173710623140989	0.00544203999053502	0.00307311642337324	0.0114299351767864	0.00902165143958385	0.00160878296901461	0.00154602530147666	0.00943401823721474	0.00571403763368401	0.00058377616277198	0.0296761039568039	3.3696567719325e-05	0.00287495988726697	0.00334265088497369	0.0153811534225207	0.00535482910391551	0.00132826380139003	0.00489463452680436	0.0203398400198377	0.022622968216326	0.00162185231838818	0.000197826596890264	0.000411524952167448	0.0044176823169614	0.0176148986742318	0.00109705710647102	0.0155107845768719	0.00146036775763166	0.00521627660913352
T[T>C]T	0.00445940124339865	0.000436587368564137	0.00792211202261722	0.00155111741699497	0.0130216971023596	0.00203856074513869	0.00167841975144973	0.00745907251326426	0.0245682711152674	0.00718803884033689	0.000344400523285543	0.0284168736218279	0.000133716988047575	0.00181581542619575	0.0033271298587594	0.0133967572807232	0.00537424780562547	0.000966467562043258	0.00269509756164751	0.00381341369803103	0.0205610969967665	0	0	0.00025293657779781	0.0126891553585143	0.0175339298936135	0.00120092070679628	0.0141246702939809	0.00270500597046333	0
T[T>G]A	0.00101933008473682	5.4759105323829e-05	0.00408383583790329	0	0.00399048698207146	0.000647457737994236	0	0.00133024358836223	0.0408472751384486	0.00371525375564609	0	0.00148935848570562	0.000416226849038055	0	0	0.0053579987803405	0.000101794305187305	2.64558927482325e-05	0.0023226519194318	1.94688489996339e-07	0	0.00127083044253243	0	0	0.00158862664086047	6.63809334258089e-06	0.000956393273522853	0.00784941184018003	0	0.00636064925313256
T[T>G]C	0.0011695408316824	1.35325890475036e-05	0.00575422778324297	0.000268708544725902	0.00488574720867296	0.00169674855781859	0.000888438905578573	0.00241538437076923	0.00818162111939477	0.00848596578638055	0	0.00262726801685796	0.000222473702463993	0.00133084611442469	0.000359724579656847	0.00674897407713195	0.00910547317592412	0.00292421227745334	0.00162181617755364	0.000338732632028424	0.0017159572054864	0	0	0	0.000548538644296912	0.00262463562127122	0.000279870631469341	0.0312532438044264	0	0.00394794815480729
T[T>G]G	0.00175260460102363	0.000186589370150961	0.00986071835520538	0.00256093035281104	0.00549447484463814	0.000936209111654928	0.000846727878428745	0.00544422005017458	0.00847136331504998	0.00193398196832381	0.000250189784045134	0.00102011607351513	4.31560422213675e-07	0.000169115287486292	0.000771380973455465	0.00456773647093039	0.00408243451820989	0.000650316464453885	0.000944578592892068	0.000441087356834216	0.00027256588212441	0.00234188705685012	0.000204424422474876	0.00116333211961037	0.00851403702435075	0.00125982137921434	0.002239184639464	0.0125591304813439	0.000304861699837531	0.00718302952568969
T[T>G]T	0.00287224791497824	1.76014777079483e-05	0.00955931305948813	0.000775558708497483	0.0100200207466213	0.00506125426379263	0.000979078188345677	0.0053865791888778	0.0433323875657628	0.0459598847063965	0.000206640313971326	0.002451051094066	0.000498985148550747	0.00174597637134207	0.00233606990083105	0.0125498358434361	0.0432733189958396	0.00151358165362775	0.000922007060563626	0.000435157106309509	0.000225121499964597	0	0	4.90944606477865e-05	0.00586898454205566	0.00195167668933722	0.00010969028362351	0.190865758160871	0.00434602408119516	0
