Type	DBS1	DBS2	DBS3	DBS4	DBS5	DBS6	DBS7	DBS8	DBS9	DBS10	DBS11
AC>CA	5.22377892403831e-05	0.000394207346682642	0.00684408045528347	0.00434682008577431	0.00217391969181708	0.0027654381252021	0.0500891347954256	0.218754254687175	0.0257575530979613	0.0107612350762334	0.00142977242983905
AC>CG	2.77480409647105e-05	3.34127617375395e-05	5.01180694756978e-05	5.20778445058951e-05	0.000469322849354901	0.000151787205368236	0.00682041595798278	0.000989990185165679	0.0021674038582431	1.97792171183106e-05	0.000202464125101296
AC>CT	0.00450905665676546	0.000132807822679179	0.00325497999605608	8.73563843324692e-18	0.0020520176530236	0.00024951321430395	0.0148412251245705	0.323552804607077	0.0298410676134919	0.0150858435648132	0.000788983910188556
AC>GA	0.000133484894034781	0.000249805190277503	0.00630517648242651	0.00461980878681328	0.000566844480389686	0.00892009741136619	0.0106180235633876	0.00118025551366103	0.0264904916007488	0.0059784639312408	0.000461284243787489
AC>GG	6.00156492077641e-05	4.39530651247759e-18	0.000485013575571269	7.36019536262752e-18	1.1275938588397e-17	0.000108122392865045	0.0027718170453242	0.000824143936263309	0.00746550217839287	0.000659307237277023	0.0023481663993707
AC>GT	0.00311114398695239	0.00029512849484262	0.0108858602517108	1.17595132755247e-08	0.000835028965735344	0.000137232267867173	0.0049106994897476	0.000153636709105876	0.0126693655481843	0.0320713859488993	0.00595912450684742
AC>TA	0.00126127458930502	0.00155996490131099	0.00108858602517108	0.00133344480892111	0.00150345847845293	0.0105003477686245	0.00591466471876267	0.0126165244563766	0.0431386661640654	0.000117334338837436	0.000275518190859496
AC>TG	0.00018078269113372	6.70363295428236e-06	1.19636681974246e-17	5.57526924044966e-05	0.00113775236207249	0.000466797638426972	0.00108908402017069	0.00261487643974902	0.0187422845712808	8.5598193856644e-06	0.00024942745308871
AC>TT	0.0278531471804859	0.00307776858907303	1.9184981433708e-06	0.000169043003335667	0.00758840191489419	0.00330605008952733	0.00128769453286715	0.000272679722121687	0.0464892421768083	0.000793403624519808	0.00294303522054461
AT>CA	0.000455687463781219	3.58374049533882e-05	0.00682504757110819	0.000865084320219834	9.86836311466128e-05	0.000106605301627467	0.0108954573754682	2.54421897531108e-05	0.0119609275656321	0.00354815169877556	0.00889910500472357
AT>CC	0.000280786673740709	3.95349149882616e-18	0.0088027602195543	6.6109063772258e-18	1.94626050316931e-05	5.97550769648693e-05	0.00614464533066948	0.000130871695492621	0.00167641346982876	0.00116596486418688	0.00178357589757118
AT>CG	3.76273051006069e-06	3.95349149882616e-18	0.0141542179741732	8.93416776122231e-18	9.5942419170318e-18	1.70194428914025e-06	0.00108954573754682	0.000243439657349909	8.6834450515849e-18	0.00260331810193448	1.63338003251255e-05
AT>GA	0.00200426851289664	0.000159277355348392	0.00175473524200367	0.000305990523745881	0.00101424843122908	0.00151491744417978	0.0141346474060129	0.000148260242446185	0.00599929988921864	8.10144552185016e-05	0.0105137105541038
AT>GC	0.000164501283605669	5.54626505231008e-06	0.00508970166879517	1.66217074627392e-05	9.5942419170318e-18	1.60843086666002e-05	0.00911881072235135	0.000206832190079246	0.00170466762943261	0.00410097986714003	0.0039238669746566
AT>TA	0.00221225864159347	0.000434220409223593	0.00227824741365117	0.00427820084126184	0.000724593699067259	0.00205729529456514	0.0333734730419748	0.000288283804756472	0.00866460894518233	0.00294506642419615	0.00360470076140701
CC>AA	1.05861415529223e-05	0.725095332065859	0.00930912143633897	6.98349450207006e-18	1.01349696782785e-17	8.1990556306841e-18	9.373519916452e-18	0.036833794085078	8.97386363330082e-18	0.0145465441721292	7.2884826077962e-18
CC>AG	1.22839189717873e-05	0.0727098357845046	1.13675740311729e-17	0.00541719644946292	0.0234552155411589	0.0608508225120652	8.60621850736191e-05	0.0149848768587588	0.0262649667316122	7.57057371877963e-05	0.000963864638745292
CC>AT	0.0186755516075139	0.100151288959373	0.0060319829769017	0.0156629805260714	0.00234552155411589	0.000432673056173451	0.000883433514249681	0.0278428679698227	0.0194002595176681	0.0111488112268143	0.0342112448937372
CC>GA	0.000133824808310528	0.017726778145809	0.000650307163044581	0.00354162935462125	6.52499000239646e-05	0.0350682499866609	0.000313141926412445	0.000782113895402312	0.0109437361381717	0.0035994733389429	0.000945023663296567
CC>GG	9.80716132544314e-05	0.000450680800317177	7.42476682216254e-05	7.28278712358735e-05	1.14862989687157e-05	0.0178798683030582	0.00212563228193879	5.4138909941322e-05	0.00304434841661868	7.86787535149467e-18	0.00342112448937372
CC>GT	0.00691095278737949	0.0011016641785531	1.16748057617453e-17	7.9711601530771e-05	2.39378331448864e-05	0.00339816281560884	0.000169013688759035	0.000221389471010049	0.0178084433521158	0.00114673486904376	0.068918304930862
CC>TA	0.0103864030330559	0.0160242062334996	0.0213013999863422	0.00016959915219313	0.00122584871346797	0.00219300042170105	9.373519916452e-18	0.000692204634249759	0.000683486066083997	0.0253768179353203	0.0583078608623695
CC>TG	0.00254666612829736	0.000237358554833713	2.96990672886501e-05	8.28042919531165e-06	0.00464278134785902	0.00678644725093973	0.000244706935871977	0.00407008590808867	0.0154207191037874	7.86787535149467e-18	0.0320296582628322
CC>TT	0.85687825022711	4.17630874960585e-18	1.13675740311729e-17	6.98349450207006e-18	1.01349696782785e-17	8.1990556306841e-18	9.373519916452e-18	0.00423443617041054	8.97386363330082e-18	0.0218729058354643	0.329221255209298
CG>AT	5.06256468980361e-07	0.000968223959458121	0.000244503226457741	0.000243217150151477	0.00133075603579619	0.00626150207099106	5.41311580396819e-05	0.00026169703000726	0.000183163310746457	6.61422421366625e-18	0.00151719922655278
CG>GC	4.55043128005565e-06	0.000310673600904389	9.55628807634125e-18	4.27726712335356e-06	8.04945114335254e-05	0.000489958384865348	0.000163003648203229	9.18377776112437e-18	1.00363457943264e-05	1.69595492658109e-05	0.000138381907476791
CG>GT	1.42725704355989e-06	0.00107767536357078	9.55628807634125e-18	5.87075879675979e-18	0.00525810921460932	0.00267401016824818	1.80437193465607e-05	0.000983395671766414	8.31343976630036e-05	9.1046001321722e-06	0.000983678619413337
CG>TA	0.000298884416180777	3.51086427038293e-18	0.0842847389796227	5.87075879675979e-18	8.52008437552436e-18	6.89263490573286e-18	7.87996245859458e-18	0.000411238190011409	7.54398658873534e-18	0.319553612482121	6.15215950107664e-18
CG>TC	1.05784933816792e-05	0.00181015783724779	0.000621589188389046	5.87075879675979e-18	2.41808108943453e-05	0.0073992020494072	4.2450682713889e-05	0.000735514944585622	0.000111236165887117	0.00236541081865257	0.000571033774828929
CG>TT	0.000104105807883192	0.00468115236051057	0.00617284554120424	0.000302763417947184	0.00180138926796801	0.0155291894864102	2.72834983356207e-05	0.000267386095876983	6.93344221958049e-05	0.00693556304186056	0.000582704538110105
CT>AA	2.89154616491671e-05	0.00336031588703667	0.000110255577125525	7.29946995470046e-18	0.470151256449083	0.00462575135246237	9.7976345480971e-18	0.0208164769684108	9.3798954018567e-18	0.00436164528269141	0.00456058956190108
CT>AC	0.000437385502924224	4.36527017101025e-18	0.0311498766442017	7.29946995470046e-18	0.210861829609138	0.00201344087886197	1.09464722274094e-17	0.0141471202697937	9.3798954018567e-18	0.0144278342684449	0.00243576942510626
CT>AG	2.97505652347027e-18	0.000614487671554681	0.122030444585533	0.000378529656222324	0.0269378509596363	0.0407850844692552	0.0013655995055976	0.0206143752502709	0.000605221632359268	0.0294105852395222	0.000514102823341576
CT>GA	9.31140497872096e-05	1.89475755624186e-05	1.84116109374664e-05	0.000701791897073344	0.0162434232378331	0.00757879797479324	0.00202672307576787	0.00562853285019652	0.00295331518195931	8.22386553301357e-18	0.0120233724813756
CT>GC	0.000263057629443686	0.000140274868804646	2.87949031522003e-05	7.52888186756248e-05	0.00489320513686277	0.00184823547341689	0.0169074224502561	0.000239490535995794	0.00323408810418784	8.22386553301357e-18	0.00633300050527627
CT>GG	1.12738984047295e-05	9.40050986466955e-05	6.41195055322229e-05	0.000965615596864661	0.000575077717115831	0.00703155506925639	0.00433523652570669	0.000309215628754064	0.0108149570043581	8.22386553301357e-18	0.00416672046337326
CT>TA	0.00815269875379044	0.00353827654149032	0.000196961419331035	7.29946995470046e-18	0.00336975364064364	9.1275986508409e-05	9.7976345480971e-18	0.0110145436386252	9.3798954018567e-18	0.0044726286232179	0.0432219510752897
CT>TC	0.0109607345601535	4.01981713589433e-05	0.0067866054269498	7.29946995470046e-18	0.000239111261327109	8.57003040746375e-18	0.0684967371061657	0.017987052914452	3.11969913587251e-05	0.00305204186447872	0.00309912790683732
CT>TG	0.00233829003949943	0.000408262677864268	0.0558770983102176	3.21176678006821e-05	0.000881785832910941	0.0115643783811559	9.7976345480971e-18	0.000976151298615769	9.837451275118e-18	0.05071938662061	0.00153401648900309
GC>AA	0.0015048220134308	0.00485195174014492	2.10957408008288e-05	0.312064823091103	0.000122428072699781	7.81915910446521e-18	8.93920554963918e-18	0.0118934378551251	8.55806701298095e-18	0.00413138476008805	0.000945683909752078
GC>AG	0.000101908832555124	0.000310410298336044	0.000509813736020031	0.0107510137223459	0.00244856145399563	0.00344796654486057	7.21860625136793e-05	0.0078552008159431	0.117649701730558	7.50332379221874e-18	0.00311130006308433
GC>AT	4.6382805097519e-05	0.000910218505582304	0.00389685212015311	0.00879109440659081	0.00144520356495231	0.00177108664052947	0.000346097559997092	0.0050800653164139	0.119547277564922	0.00784760585555941	0.0257226023452565
GC>CA	5.48593341605153e-05	0.00101241512688064	0.000231467156009095	0.0113218640084881	0.00421594415763157	0.00818656537563888	0.000662529614851577	0.00445312440622126	0.0259967889307848	0.000106322401914031	0.00199539304957688
GC>CG	4.90495782858775e-06	6.38967660267117e-05	1.08408668004259e-17	9.35243052129737e-07	0.000297325319413755	8.5162889523332e-18	0.0026204529542637	0.00022311720627444	0.00237196979295481	7.50332379221874e-18	0.0038205629953984
GC>TA	7.87650509561566e-07	0.000702959937154854	0.00413124924016232	0.0168400834411966	0.000204353625107906	0.000780973843084537	6.17042506966245e-06	0.00789207969301325	0.013283030840547	0.00284538999408025	0.000229801190069755
TA>AT	0.000485914978332246	0.00265354412382977	0.00143070432934521	0.0292203501512855	0.00173904907549285	0.00815649622142562	0.055744952742612	0.0090350444009952	0.0148573619292324	0.0106392172923257	0.00213054995920255
TA>CG	7.26466947803654e-06	1.82370850692301e-05	0.00329555342069862	0.000373905138449015	7.33748513670512e-06	0.000246503211359304	0.00304699114453346	1.94672606165773e-05	0.00129402829706217	0.00420453683379411	0.000557955684383087
TA>CT	0.000675469930275716	0.000270179038062669	0.00033942226847914	0.00838162675392137	0.00211103818255014	0.024840671106092	0.0290712925593192	0.00381893629320416	0.0136112606061355	0.00165726269361228	0.00322926406372403
TA>GC	1.93403783455012e-05	7.93168461741118e-05	0.00196351835544619	6.74759401519817e-05	4.85445784709768e-05	0.000251261960613345	0.00150851036991656	0.000734912374472702	0.000554994358517777	7.58044232078207e-18	0.000974511640532105
TA>GG	6.76432138153602e-05	7.6132593225516e-05	0.00538734181946542	0.00213385451762677	0.00151585561125847	0.000207481467476171	0.00430574814194727	0.000202124189176903	0.00311525330774227	0.00878758428279595	0.00035827633843092
TA>GT	0.00110653905956848	0.00125440267671953	0.000357182736015839	0.0077472375730053	0.00177624798619858	5.94843656755077e-05	0.0262740547872885	0.000142511525087863	0.00745743714899534	0.00369303600243229	0.00255092752962815
TC>AA	1.13455730615723e-05	0.00151353564232023	0.00585983333740739	0.394077893326879	0.0406427070673538	0.0471540854381653	0.0211815849907813	0.0390950086114477	0.00382619765888615	0.00836621778522498	0.000224273326059741
TC>AG	3.21631383121638e-06	0.000208763536871757	6.55362052671792e-06	0.00194439488264186	0.0149895132500884	0.00852479972550235	4.32277244709824e-06	0.0116881984508452	0.0484236939485048	0.000299900134893646	0.0489887357383951
TC>AT	0.00256056052582275	4.35271974377613e-18	0.00119544869542737	0.00874457805508986	0.000752493685306452	0.000611561719438212	0.00247478722596374	0.0186406613224686	0.0537119346152581	0.00341952552332608	0.0874355916343506
TC>CA	4.60068192038072e-06	0.00071188366073269	0.0699124013843686	0.0879656722307494	0.00143859086896822	0.0121488691740251	0.00292867833290906	0.0177338183392133	0.0506012048112856	0.0278873926174166	0.000291451972114502
TC>CG	3.43489826634759e-05	4.06045079215567e-06	0.000123814329169263	0.000415913343880611	1.0663680567177e-17	0.000887485188814375	0.00176152977219253	0.0109828761305356	0.00807752839098186	0.000931793039042252	0.00334859712642194
TC>CT	0.00197766869880619	0.00349678924260193	0.0207068791886527	8.60940621832866e-06	0.00105630798071093	0.0096676170800081	0.0099315696972082	0.00882660503701757	0.0532971706413951	0.0289940351815998	0.0207737043953953
TC>GA	6.68243844543986e-05	0.000923778650657522	0.0830409897359371	0.0378481142931357	2.4747786976656e-05	0.0075570084523173	9.769465730442e-18	0.00968306785453639	0.0179385418695746	0.0484709443112241	0.000242876643428752
TC>GG	0.000427800965899654	1.03024805446212e-05	0.00018892358847379	1.08137469408959e-05	3.50090645035622e-05	0.00155464342820152	0.000762969336912839	0.00192452233113054	0.00386767405627245	8.2002214005975e-18	0.00757568423971383
TC>GT	0.00530847913890082	8.94551755495476e-05	0.0463236369478107	7.2784835179107e-18	3.88318933861351e-05	8.54539102918714e-18	9.769465730442e-18	0.000278098514864936	9.48772590211604e-18	0.0507948936960088	0.015709468000498
TG>AA	0.00139796935244885	0.00302895977510847	6.9898286043411e-05	0.00777758104436511	0.0177521480626997	0.0257377852508936	0.0239435183115519	0.00854442494870626	0.0160610992882657	0.00154053957372767	0.00793335332069421
TG>AC	0.000241838493817794	0.000225125388690494	8.41290748187163e-05	0.000120282380502633	0.00143989645397453	0.0101941816091775	0.00277575300779938	0.0038030099482681	0.00739013872314504	0.00022457161391664	0.000877430903668094
TG>AT	0.0024592015616071	0.00438994507946464	0.00100243350343694	7.13539545354598e-18	0.0201191011377263	0.223060805507745	0.00136668754964168	0.00811967318825033	0.000758327852471279	0.0027122175593797	0.0106385964070612
TG>CA	0.000284695948418415	0.000147354799870142	0.016637466288776	0.000819551134950138	0.000469445693213614	0.0115063039945172	0.0253208003383225	0.00499824164629522	0.0231767761881303	0.0316787010935549	0.0568405008034413
TG>CC	0.000105102805330096	6.07838549464334e-05	0.000506448659356451	0.000122321064917931	0.000499032606651447	0.00796357355410002	0.00111242009854555	0.00123474348969744	0.0119949982026288	0.000206128534512857	0.00317131492896205
TG>CT	0.00188776883359881	0.00314152246945371	0.00635153587250756	8.36879952480178e-05	0.000323483586920306	0.277564350744932	9.57740732462071e-18	0.01926199843928	0.000983996462724127	0.00469756081284564	0.00565365409060966
TG>GA	0.000415309143391738	0.00150424691534103	0.000547257538932694	0.00800183633004799	0.00322497356472378	0.00750937734379013	0.00874044363142932	0.000267692388566404	0.00628212617730899	2.19147178797879e-05	0.00740648949863022
TG>GC	9.07149455713158e-05	0.000278336844199156	0.000521098000742795	0.000615682693420254	0.000287979290794906	0.00565221950607859	0.00411065712605403	0.00349679356282314	0.00397461381121006	8.03901284600143e-18	0.00620078190582995
TG>GT	0.00193878961288526	0.00654910221645074	0.0107777297342385	3.29247533070765e-05	0.0815612580436259	0.0276555025833131	0.00922778957936356	0.00776406706321747	0.0033951944065068	0.00235420484154158	0.00530916620695244
TT>AA	0.00506463033855188	0.00398728601419065	0.00304610072698579	1.65878781619047e-05	0.00438673938197815	0.000176111057898922	0.225084564907876	0.003197040095696	0.000313379716482126	0.0142216779986218	0.00436929872335453
TT>AC	0.00066421381489205	0.0003191679060083	0.00229876545545821	6.0822219926984e-07	0.000861298829876198	0.000116799043580632	0.0383122663672981	1.00912159445153e-17	0.00612055399346323	7.26776785998537e-18	0.000952635361066812
TT>AG	0.000385613020312329	0.000198901738526912	0.0216632629341535	6.45084150740739e-18	0.000796211030102945	0.00193448415930422	0.0516257789299341	0.0130382082114976	0.000843643928828716	0.00682640543933849	0.0011633143351489
TT>CA	0.0006688264108288	3.85776860305686e-18	0.00065651984612675	6.45084150740739e-18	9.36194380300216e-18	7.5736879821816e-18	0.0935777106021255	0.00561714586646028	8.29858897311907e-18	0.00126523893918773	0.00185031098976439
TT>CC	0.00500005399543738	2.75687060841952e-06	0.00771931115906957	6.45084150740739e-18	0.000689217386640064	7.5736879821816e-18	0.0339063557350588	0.000262550220149335	0.00474205084178233	0.00282471949214007	0.00366398215794929
TT>CG	7.73071078999358e-05	1.40618903516701e-05	0.0300826096640212	6.68122870410051e-18	9.36194380300216e-18	1.02199163133053e-05	0.00255734378001714	0.000103591243324228	1.8196241602188e-05	0.00841531015366727	9.12331557329373e-18
TT>GA	0.00171588568847113	4.43134570950655e-05	0.0116357263794799	6.45084150740739e-18	2.6659249496168e-05	7.5736879821816e-18	0.0417603703403549	0.00324169149368057	8.42724926727595e-18	0.00852319874538096	0.000647608846417537
TT>GC	0.000977870338591072	1.42469152247184e-06	0.0629086019703586	6.45084150740739e-18	5.04653351666592e-05	3.73209443941238e-07	0.00351515043919959	0.000255405996471803	3.27164747998936e-05	0.0253047787837548	5.29445421823672e-06
TT>GG	0.00148525589163361	3.85776860305686e-18	0.161764976495208	6.45084150740739e-18	9.36194380300216e-18	7.5736879821816e-18	8.65857219900934e-18	0.00048044904231409	8.28939895210787e-18	0.0830742156195359	6.72340725983694e-18
