Type	Signature_1A	Signature_1B	Signature_2	Signature_3	Signature_4	Signature_5	Signature_6	Signature_7	Signature_8	Signature_9	Signature_10	Signature_11	Signature_12	Signature_13	Signature_14	Signature_15	Signature_16	Signature_17	Signature_18	Signature_19	Signature_20	Signature_21
A[C>A]A	0.0135373207541047	0.0121011311141129	0.0116464448051069	0.0268645928121077	0.0412815942770446	0.0169727473857836	0.00205864818980871	0.000447659838344086	0.0417395313611501	0.0138448671467317	0.000793427033856875	0.000223521072968933	0.00871108524538569	0.000770793532069118	0.000115647548464167	0.00155664937311541	0.0182865975158385	0.00200133311365336	0.0564940108421038	0.0122070684392295	0.00148120675233942	0.000113344081324979
A[C>A]C	0.00996381552166897	0.00969613670358496	0.0060625741429568	0.0197587015294594	0.0313144818744936	0.00908404004016148	0.00303818628446558	0.000501396503064176	0.0291678757186968	0.00692636706619765	0.00101562201893289	0.00100140932688836	0.00476433784886318	9.86650126370243e-05	0.00435220030869771	0.00429171223504379	0.0098719266231285	0.000298876167036169	0.00769430063135804	0.00756453916311703	0.00245022928789241	0.000710918868410597
A[C>A]G	0.00145218063905164	0.00149117047641206	0.00115494715325766	0.00170348105603863	0.0165778945632949	0.00200725822667754	0.000484973383761311	0	0.00154441267782468	0.000462053471621843	0.000272360984391749	0	0.00154044127457347	8.81971818448727e-05	0.000463149417205102	0	0.00200144839927533	0	0.00153849472905518	0.000456890673388906	0	0
A[C>A]T	0.00677075674550501	0.00693185380855914	0.0036491167874223	0.0171190410207768	0.024437222068403	0.00931827818151175	0.00204582640369226	0.000398043098806879	0.0302554049268569	0.00697587073514507	0.0092721136493033	0.000198746934418554	0.00462723264552981	0.000195817716786281	0.0304375790872603	0.00606882018065487	0.00888733738683368	0.00316357998668563	0.0181841474603886	0.00750656563999736	0.0029380033986755	0.000604688991474851
A[C>G]A	0.00217564083548111	0.00593420852711307	0.00532408905376313	0.0241781335308969	0.0109707250544475	0.0133275935848099	0.00157426038044195	0	0.00964092436330912	0.00553794685869266	0.000566733595612053	0.000782323755391266	0.00350706029359683	0.00198204051103488	0.000115647548464167	0.00131716485417458	0.00545190484944253	0.00177896276769188	0.00158183230357891	0.00661691560257297	0.000569694904745931	0.000566720406624892
A[C>G]C	0.00281586090829775	0.00448315998122746	0.00308098030215837	0.0109324795264522	0.00547243372563965	0.00745095419024481	0.00130207983619953	0	0.00376031847244523	0.00237770809735143	0.000304686605679867	0.000300422798066507	0.00152053335602016	0.00138131017691834	0	0.000107292805876095	0.0024425385459287	0.0015940062241929	0.00172109356227746	0.0019422465418814	0.00224604351390137	0.000812478706754968
A[C>G]G	0.000580872255620657	0.00111837785730904	0.000177684177424255	0.00340696211207726	0.00280827722110461	0.00209849723698106	0	0	0.00072678243662338	0	0	0	0	0.000617380272914109	0	0.000575457673855275	0	0	0.0024434916284994	0	0	0
A[C>G]T	0.00322416987881191	0.00558686724868946	0.00611473623838331	0.0207020961181487	0.00543049379297844	0.0118504189917052	0.00193815132981372	9.95107747017198e-05	0.00816895933025137	0.00389828070493401	0.000201567688028333	0.000894361204883494	0.00251480035083142	0.00137072401750397	0.000102829659078582	0.00106470529485173	0.00737245033225976	0.00118634249500711	0.004319990833131	0.007303685487565	0.000607862772139758	0.00181406697442455
A[C>T]A	0.0358980737854383	0.0308346129349993	0.0082079706245515	0.0207081236259997	0.0135720309951928	0.0249465213254134	0.0377822491306069	0	0.0259737844611504	0.010729772038717	0	0.025146120709005	0.0136888482427489	0.00143147370241408	0.0338847317000008	0.0140098443580387	0.0153334823890571	0.0105625914331705	0.00395458075894727	0.0252127301408384	0.0337259383609591	0.0057805481475739
A[C>T]C	0.0155955373382645	0.0172028231837798	0.00357791260895811	0.00952830784415556	0.00760060239672174	0.0130646867993334	0.0176865844417103	0.0197550222207285	0.0065043346550404	0.00578920232398609	0.00324999046058525	0.11005488502503	0.00547392008167259	0.00157864020219239	0.0332632452164754	0.01813248419306	0.00773470539544089	0.00428389172751842	0.00141737116893438	0.0207513709474697	0.0227667138000003	0.006296709977351
A[C>T]G	0.165548592851887	0.0627223581640821	0.00426442025818213	0.00179313795372487	0.0025365084577719	0.015145675710385	0.088071166491054	8.96402024896515e-05	0.0266184067413313	0.0115513367905461	0.0114391613444535	0.00644518905575434	0.00172166965981741	0.00352788727379491	0.0459444221867461	0.0296360702035467	0.00318412245339257	0.0083712327371652	0.00814497209499801	0.0336271535614235	0.0311201295723259	0.023240929794111
A[C>T]T	0.0136489858203038	0.0196574958750185	0.00453673978976826	0.0146308083142685	0.0059333172923283	0.0167121293472765	0.0160435860079024	0.00427896331217395	0.0209770807492875	0.00779656140986802	0.00473684066866582	0.0634996455467281	0.00673966494022821	0.00117490630071769	0.0284838155647673	0.00702705494602143	0.0102002395007977	0.0057339887258677	0.00482231534861135	0.026983060273504	0.0184385040882393	0.00302344495737425
A[T>A]A	0.00407449853647087	0.00451076224896635	0.00196301151300567	0.00915040324338492	0.00457513920243729	0.00835188700288976	0.0006123277505228	0.000943164879159488	0.0108013408670381	0.0117650125612127	0	0.00018837269526448	0.00552979473085129	0.000185596377622038	0	0.00211917207148231	0.00775338817155353	0.000562208755433299	0.00276140356227712	0.00105759591626595	9.6022234736094e-05	0.00792823322675132
A[T>A]C	0.00236895456582804	0.0124392222484399	0.00237156301895641	0.00877548335600354	0.00392959287663051	0.00740812144319054	0.0035601353329743	0.000797622659552211	0.00949832351445076	0.00431694177486421	0.000201956717610312	9.95652599454366e-05	0.00655110030826094	0.000588586946433761	0.000824224978661415	0.00960084177213543	0.00738667930565812	0.00188200091878985	0.000805270418598775	0.00538670045005252	0.00192861387074955	0.0294849945822717
A[T>A]G	0.0030449796912829	0.00837518264185504	0.00289410140550933	0.00795623833801491	0.010175957143586	0.0116837539595033	0	0.000906238115361693	0.0107152108546505	0.00705875538154207	0	0.000703879295008143	0.00468221166624032	0.000594433045556297	0	0.000969620146877798	0.00817539395813146	0.00110040165209214	0.00447297791224229	0.00461904069020926	0.000205028388903643	0.00275343154375353
A[T>A]T	0.00760028309850986	0.00793363318944015	0.00210078236384751	0.00839539618507516	0.00257052499926674	0.00940652810422611	0.00486234828149088	0.00296751666801799	0.0226850978685445	0.0161702321686148	0.00103045060899335	0.000254007601131951	0.00514244634814026	0.0010844770216489	0.000788525823681695	0.00716657285918861	0.00722808575949731	0.00168466615966926	0	0.00285219045446567	0.00457493766358293	0.00369236208515086
A[T>C]A	0.014260744877648	0.0315753357427645	0.00476731367444235	0.013018099459661	0.00800649360426525	0.0337915428162896	0.00765409688153499	0.000471582439579744	0.0156762823203031	0.0245023402101289	0.00296121626298164	0.000565118085793441	0.0444290404237362	0.00278394566433058	0.00253401544205528	0.0116049899152603	0.0686318434444923	0.00252993939944985	0.00180919543735398	0.0139410370780511	0.0158436687314555	0.0253130337962542
A[T>C]C	0.00678382443850757	0.0119209213214215	0.00177867226421731	0.00887520475777631	0.00201517583416949	0.0140043939610999	0.0060414417771685	9.97028324440264e-05	0.00757844961259369	0.0107923544371605	0.00525087465786812	0.00149347889918155	0.0319492122725957	0	0.00473929362730314	0.00778734943739874	0.0173030433050348	0.00812231975477726	0.00140922323254786	0.00487852116231171	0.0210117405918504	0.0166610414591604
A[T>C]G	0.0110924260182448	0.018948850727197	0.00249491500474942	0.0128911203451381	0.00824252528630467	0.0292093848987581	0.0236431109210561	0.000704851867503539	0.00867421831090752	0.0182697198110501	0.00265151430355599	0.000804433480009307	0.049570371336066	0.000792577394075062	0.00364180047103172	0.00786469674689769	0.0355629637178719	0.00450164312219513	0.00355805061201092	0.0138571220706278	0.0594582327820565	0.0228432839185478
A[T>C]T	0.00842441018148081	0.0270625043239792	0.00579815932421913	0.0148403467917995	0.00308462999912008	0.0233868726261034	0.00211007566932623	0.000932648095662796	0.0170138234014084	0.02158944511161	0.00343483536331118	0.000254007601131951	0.0214268597839177	0.0010844770216489	0.00219034951022693	0.00571511506492256	0.0427661740770258	0.00261123254748736	0.00462235338567393	0.0138288022034699	0.00690556628465347	0.0162292193975235
A[T>G]A	0.00162979941458835	0.000980600488905729	9.34767387145559e-05	0.000754672432444117	0	0.00316795713902715	0	0	0.00516170271522175	0.0325725554380682	0	0	0.00114409546155544	9.27981888110192e-05	0	0	0.00497748376445412	0	0	0.00134603116615666	0	0
A[T>G]C	0.00193823555385931	0.000932941668632989	0.000494075628949253	0.000997214017727676	0.000201517583416949	0.00223258454452318	0.00183400911092615	0	0.000808367958676661	0.00524200072662083	0.00403913435220624	0	0.0010078615858863	0	0.00206056244665354	0.000640056118142362	0.00424987028544713	0.00643842419586002	0.00110724682557332	0	0.000406023972789379	0.00313025627414528
A[T>G]G	0.00152248984564145	0.00387352197185796	0.00169654220322961	0.00815766209340769	0.0015263935715379	0.00563689884011122	0.000762680997453422	0.000906238115361693	0.00622502725841599	0.0053978717623557	0.00152971979051307	0.000100554185001163	0.00183216978244186	0	0.000728360094206345	0.00129282686250373	0.00623373789307524	0.00350127798392954	0.00284644048960873	0.00102645348671317	0.00071759936116275	0.00163166313703913
A[T>G]T	0.00293022962834115	0.00317345327577606	0.000504187767323403	0.00542732682671525	0.000171368333284449	0.0031930416500584	0.00266053019175916	0	0.00360899284272298	0.0168694854515819	0.0117643111193408	0	0.00257122317407013	0	0.00490638290290832	0.00263076725210721	0.00653969663954519	0.0257753922429397	0	0.00146931023411868	0.000345278314232674	0.00154563994262129
C[C>A]A	0.00712791797291055	0.00921739779263123	0.00595534742743144	0.0191136638805613	0.0458920772679495	0.00972547467479574	0.0107653407559397	0.0011820683310697	0.0302493169509184	0.00995191862723808	0.0030927430640393	0.000688588415192113	0.0134427617327477	0.0033921985177502	0.00570029920204341	0.0111718863243978	0.0158956154814262	0.000978633481701955	0.0959694292449528	0.0112465370534473	0.0178511223733037	0.00199527167091938
C[C>A]C	0.00807566924400204	0.00493767603397194	0.00120175912019695	0.0162714780078071	0.0626994996020695	0.00514242528229361	0.026350105770104	0.00060627756753503	0.0207887269373678	0.00593764883863196	0.000921050770314462	0.00171541619602134	0.0114401486633078	0.00109361589491389	0.0106504684339897	0.00908152623205843	0.0102550819947821	0.000401549393516144	0.022341309569562	0.0163778478797538	0.0385776443967018	0.00143271229994852
C[C>A]G	0.000771170701387014	0.00107233207070034	0.000471789900115742	0.00142835066410272	0.00705569150951278	0.00226108675345435	0.00781210228606436	0	0	0	0.000562471224312647	0.000792285655817417	0.00224560251071225	0.00109285205362285	0.000737857091552252	0.00127330376478773	0.00177142604755085	0.000236462047686566	0.0153789593372516	0.00145577220180242	0.0106620220760388	0.00216948137600229
C[C>A]T	0.00796001923699208	0.010287154525082	0.00110071103264769	0.0158542328970076	0.0440782053836512	0.0114068418003111	0.0623800735110515	0.00131252642303864	0.0302878204188767	0.0094716469053334	0.0163608362154993	0.00141153962467452	0.00724630229937531	0.00109272094468254	0.131143952684588	0.024629684938157	0.00860721947009988	0	0.0411803781511117	0.00988041975712344	0.109368062746053	0.00572615941351622
C[C>G]A	0.00138302886041548	0.00215072615161395	0.00410040314675608	0.0150741782150819	0.010452642327841	0.00761995953901522	0	9.85056942558084e-05	0.0053909673773914	0.00182790342132944	0	0	0.0018919442438682	0.0050398377978003	0	0.000948556386033776	0.00399889697645943	0.00185940361523371	9.94501857460651e-05	0.00020083101881156	0	9.97635835459691e-05
C[C>G]C	0.000763914658216409	0.00325676504368362	0.00180263868029543	0.0125320700184353	0.00990529553974062	0.00791933493473216	0	0.000404185045023353	0.00399389335249923	0.00208338555741472	0	0.000201813670120158	0.00194073950538258	0.000397678507241415	0	0.000324340222573515	0.00512754099739106	0.000702711438653251	0.00397858937540145	0.0028841493121579	0.000617242310347229	0
C[C>G]G	0.00042842816743723	0.000989844988338775	0.000157263300038581	0.00230123162549883	0.00505123369431029	0.00209958055677904	0	0.000476028229322511	0.000884475383904232	0	0	0.000633828524653934	0	7.80608609730609e-05	0	0.00033954767061006	0.00225454224233745	0	0.00464572729979474	0.000161752466866935	0	0
C[C>G]T	0.00152657903175191	0.00388392568804117	0.00440284413059075	0.0220141577805583	0.00959109098625743	0.00976261235161764	0.000218494127884594	0.000302890713008918	0.00706033651656247	0.00405927724514289	0	0.000201648517810645	0.00193915131955114	0.0040728689756349	0	0.00183642387696785	0.0081973518762856	0.000902746776071657	0.00591203448704079	0.00082336831309362	0.000102789532656064	0.000306758540009798
C[C>T]A	0.0224476222728974	0.0253990516952505	0.0132774959037816	0.0150741782150819	0.020905284655682	0.022960141242559	0.00905994024014725	0.0742732934688796	0.00529113464818045	0.00995191862723808	0.00119719086349908	0.0304946298156507	0.0186207144001765	0.00523367771310032	0.0061074634307608	0.0053751528541914	0.020994209126412	0.0211384832047622	0.0065637122592403	0.0439819931197316	0.0110315924778843	0.00339196184056295
C[C>T]C	0.0202983037754646	0.0192254194514226	0.0061089421943345	0.0099043779177956	0.014704768636316	0.0181013369936735	0.010824317308051	0.101753585084629	0.00256018804647387	0.0071876801730808	0.00245613538750523	0.1531765756212	0.00960155334241908	0.00198839253620707	0.0174375316517282	0.00951397986215645	0.0100499803548865	0.0039151065867824	0.00357052892664233	0.0775630154305322	0.0191345116207641	0.00931262994966538
C[C>T]G	0.0814013518130737	0.0368717258156194	0.00385295085094522	0.00174576192279222	0.00609355175821558	0.0104171496855575	0.077348397359824	0.016502311949847	0.0104528909006864	0.00621604935724873	0.00875848049286836	0.0106958563535351	0.00368920412474156	0.00335661702184162	0.02402134753609	0.0131574722361398	0.00128830985276426	0.0105619714633333	0.0149784656045106	0.0192485435571653	0.0373978501606513	0.0255516695395825
C[C>T]T	0.0187551138186663	0.0237234379864136	0.0103066578511556	0.016662091898129	0.0205086094493377	0.0210666898113854	0.00950449456297982	0.0795592939503424	0.0165764422562771	0.0100961510968938	0.00439697473291543	0.0822725952667432	0.0209224221319991	0.00327816283404761	0.0194055490845929	0.0103703936581714	0.0216205155737033	0.00982990933944693	0.00193670095265129	0.119285484359438	0.014390534571849	0.0040901138667973
C[T>A]A	0.00134447038873638	0.00150999657356488	0.000308447054557597	0.00736686426940728	0.00786285304877221	0.0052794804048453	0.000112250558962517	0	0.0098828659001664	0.00588200697362549	0	0.00041438475362896	0.00178273076327121	0.00010206934331347	0	0.00177591726920602	0.00568533538038854	0	0.000314202009502308	0.00454727643447336	0	0
C[T>A]C	0.00213259795247503	0.00475429355741546	0.00164802860980438	0.0138248794160762	0.011658086300574	0.00655840540530241	0.00292379723935995	0.00145497947964733	0.013903187237432	0.00524981883938784	0.000105256674365258	0.0011416207487418	0.00903484445630586	0.00102254095645652	0.00365137164179726	0.00478141670749846	0.0135007436263101	0.0106346889318087	0.00241324231037644	0.00561492761303838	0.0048671065397755	0.00389440631903628
C[T>A]G	0.00164435007492526	0.00295487412700782	0.00321915863746995	0.0116749542607077	0.0350814899150537	0.0108478458439591	0.0008786411260191	0.000710517058287626	0.0124472509961359	0.00533661717457254	0.000308402958314998	0.000608174287558464	0.00318076481880418	0.000399473835898334	0.000209775494426136	0.0029322401749013	0.0133917924341001	0.00453782472049242	0.00666091801256246	0.00217287740232056	0.00124005772956432	0.0025699648431794
C[T>A]T	0.00249062364842941	0.00653904923862571	0.00259725632421218	0.0170894212451661	0.0121823807004027	0.0104559304249439	0.001247661082209	0.00188682393739636	0.0217783183048741	0.00745636857391754	0.00095548130319934	0.000418715655520302	0.00572197595359228	0.000103136111113523	0.00216639256519764	0.000785084166811965	0.0102128979722012	0.0328041024738207	0.00402148757521575	0.00235082885411361	0.0026679830711132	0.00106162118588996
C[T>C]A	0.00470564636057733	0.00862855184894216	0.00174786664249305	0.00798941617949804	0.0054515781138154	0.0150993139578576	0.00695953465567604	0.00103739330568385	0.00641334914798032	0.0164696195261514	0.000525332484923236	0.00010359618840724	0.032718352831801	0.000816554746507761	0.000643195474702883	0.00355183453841204	0.0153714623247542	0.00772971423356947	0	0.00697954057384283	0.0156310929356468	0.0230090273625966
C[T>C]C	0.00594882586743035	0.0105891083778799	0.0019570339741427	0.0144485581867262	0.00273072291725156	0.013328372275292	0.00449814959901531	0.000831416845512758	0.0113753350124444	0.0126424208785258	0.00199987681293991	0.00041513481772429	0.0404466873916018	0.00112479505210217	0.00569184402986043	0.00555978686918425	0.0204620645586263	0.0415062616561854	0.00356740167620865	0.00741594213042805	0.020738106126	0.0105254224838818
C[T>C]G	0.0077832570213129	0.0125582150397832	0.00110658578163029	0.00903539938437382	0.010257745589197	0.0195261225191264	0.0296541380031446	0.00101502436898232	0.00833245727840501	0.0161144910761602	0.00154201479157499	0.000101362381259744	0.0425812064452818	0.000399473835898334	0.00167820395540909	0.0139009904587914	0.0195726197113771	0.02924375930984	0.00256189154329325	0.00413881409965821	0.0816371338629841	0.0216905032764341
C[T>C]T	0.00769829127696362	0.0173284804823581	0.00374004910686554	0.012266639789475	0.00572042224192824	0.0203783950118805	0.00374298324662699	0.00471705984349091	0.0126420481867318	0.0297174109830047	0.00212329178488742	0.00094211022492068	0.0343318557215537	0.000412544444454094	0.00292462996301681	0.00392542083405983	0.0279790850696761	0.107055928073294	0.000952457583603731	0.00566336042127369	0.0117391255128981	0.0216570721921551
C[T>G]A	0.000336117597184095	0.000970712083005994	0.000102815684852532	0.000726310561772549	0	0.00211179216193812	0.000112250558962517	0	0.00294383239579425	0.0231002455691474	0.00231146293366224	0	0.00136326470132504	0	0	0	0.000210567977051427	0	0	0	0	0
C[T>G]C	0.0023570819474724	0.00248519890501263	0.00123602145735329	0.0059249483211755	0.00136536145862578	0.00370232563202555	0.00449814959901531	0.000831416845512758	0.00126392611249382	0.00685690623920044	0.00189462013857465	0.000103783704431073	0.00514776021347659	0.000204508191291303	0.00214786567164545	0.00211271901029002	0.00864891388560494	0.020133634385463	0.00251816588908846	0.00116536233478155	0.00962840641564284	0.000526271124194092
C[T>G]G	0.00175397341325361	0.00337699900229465	0.0014083819038931	0.00974604877415603	0.00471856297103062	0.0074385228644291	0.00549150703761937	0.000913521932084091	0.0061721905765963	0.0131845836077675	0.00380363648588497	0.00111498619385718	0.00461723925310284	9.98684589745835e-05	0.00052443873606534	0.000760210415715152	0.0069019237929593	0.013512633612133	0.00655844235083073	0.00134511458238892	0.0172574700697701	0.000411194374908704
C[T>G]T	0.00316988464345561	0.00773787493237376	0.00114279278265336	0.0109036798128667	0.00127120494265072	0.0123764074417703	0.00975444118817944	0.00136270617700849	0.0081801488267088	0.055004226146725	0.0193219552424755	0.00094211022492068	0.00667563861252433	0.000618816666681141	0.00682413658037255	0.00504696964379121	0.0197874898211397	0.269826760348157	0.0022224010284087	0.00203026128309812	0.00181422848835698	0.00339718779484786
G[C>A]A	0.00859593486806159	0.0168492144952607	0.00883867875336696	0.0102624989459323	0.0364377682129024	0.0116148382902846	0.00249026051337015	0.000287680035834128	0.0259484450793234	0.0116651380062634	0.00135968190118658	0.000383044116826106	0.00600998731338148	0.000849146958470936	0.00178364846001102	0.00246240235426839	0.0093428330954949	0.006287690248418	0.136118781425732	0.00312808040183767	0.00117153132141094	9.7117875625595e-05
G[C>A]C	0.00551193301622585	0.00612955111363865	0.00375002160957177	0.0102971282861476	0.035481153751471	0.00832932999745445	0.00552233117711262	8.79932550133738e-05	0.0102555470488101	0.00834558173736721	0.00196061750409721	0.000878718396869032	0.00498116360867924	0.00034630698717722	0.010365792792944	0.00932060030250524	0.00839452496211893	0.00113645297382829	0.0135032165854175	0.00278067694856643	0.00304587789412784	0.00338644233254214
G[C>A]G	0.000481560319378523	0.00115896049634906	0.000810179977104082	0.000743282259851485	0.0170480299943648	0.00211791563886758	0.00168864070941638	0	0	0	0.0001505302199819	0	0.00112682777797601	0.000146236156561209	0.0008447221123827	0.00103365485293266	0.00271515281604887	0.000959787247492983	0.00727761179785142	0	0.00310199386441499	0.000225790075278702
G[C>A]T	0.00494209209378648	0.00856369654720465	0.00272114360411647	0.0137305019073996	0.026513491724518	0.010764226857958	0.00957273616969826	0.000101688482386699	0.0209208541388787	0.00891066458015465	0.00906306823186125	0.000609289020227546	0.00277542136018905	0.00100051509518	0.0773388783017325	0.033619368533357	0.0065017640282697	0.00313178683109244	0.078845561134099	0.00746352036034756	0.0138726922784577	0.00236870134414541
G[C>G]A	0.000621392882028548	0.00229308836326033	0.00237598891219542	0.010646143766341	0.00678362706091269	0.00546580625425158	0	0	0.0032071111895793	0.00108742811922794	0	0	0.00116322335097706	0.000943496620523262	0.000198183162223447	0.00225720215807936	0.00301695652042023	0.00123848444287021	0.000871315101587188	0.00195505025114854	0.0013667865416461	0.00038847150250238
G[C>G]C	0.00228079986878311	0.00265308928799285	0.00200582551209653	0.00792086791242127	0.0080921929608618	0.00483638515981226	0.00285637819505825	0.000351973020053495	0.00222946674974132	0.0026306725041701	0.000178237954917928	0.000175743679373806	0.000978442851704852	0.000952344214737356	9.09280069556488e-05	0.000470737389015416	0.00285771062540219	0.000174838919050506	0.000266510853659556	0	0.00170210823495379	0.00374290994649394
G[C>G]G	0	0.000154528066179875	7.36527251912802e-05	0.000817610485836634	0.00465629013061947	0.000832038286697978	0	0	0	0	0	0	0	0	0	0.000477071470584304	0	0	0.000375134628755228	0	0	0
G[C>G]T	0.000988418418757296	0.00380608735431318	0.00393054076150157	0.0166800171319522	0.00616592830802745	0.00631363306091768	0.00187053465384908	0	0.00453456937000327	0.00461257931208005	0.000411957646902784	0	0.000925140453396349	0.00130066962373401	0.000315239993077714	0.00195840981747711	0.00299287550507653	0.00181845686966658	0.00153995236590037	0	0.00124233065180219	0.000411948059851376
G[C>T]A	0.0258913700845228	0.0230305831266581	0.00522717560682992	0.017359928123493	0.00843107934713434	0.0197159439885503	0.0677558381346129	0	0.00349866675226832	0.00612914030837569	0	0.0249936286229034	0.012019974626763	0.0035852871579884	0.05519401067923	0.0488376466929897	0.012165147259759	0.00200062871540573	0.00309800925008778	0.0365594396964778	0.0532070475140802	0.015830213726972
G[C>T]C	0.0258490651795419	0.0232374027293167	0.0025290843413391	0.00862494506019204	0.00711401578976861	0.0163004092423302	0.073599344826001	0.0184785835528085	0.00222946674974132	0.0062591863030254	0.0119419429795012	0.0856750436947306	0.00818334021425876	0.00199126517626902	0.056193508298591	0.126628357645147	0.0082159180480313	0.000262258378575759	0.00453068451221245	0.0550753434328964	0.0473902766468713	0.0349338261672768
G[C>T]G	0.0823468146137275	0.0378593762140693	0.0014730545038256	0.000668954033866337	0.00172733343555238	0.010060099284621	0.107670948090882	0.000148628770344517	0.0133308475890155	0.00674178604282806	0.0203215796975565	0.00667906598677987	0.00172780259289655	0.00233977850497935	0.0751034750827528	0.145427286616449	0.000678788204012218	0.00561106390842051	0.0100536080506401	0.0210599407282598	0	0.00143000381009845
G[C>T]T	0.0194388955688935	0.0244223938568429	0.00413210695439909	0.0118997683197464	0.00842676868763751	0.0202864275399978	0.0576564799186424	0.0163718456642586	0.00546209492295849	0.0105879661481838	0.0156543905823058	0.0530081447597965	0.0118212391267311	0.00240123622843201	0.0583193987193771	0.0870404363323159	0.0119715020203061	0.000909228434833288	0.0016426158569604	0.0950562245894266	0.0509355567238896	0.0170958444838321
G[T>A]A	0.000754473654985997	0.00176389565930616	0.000395635640742343	0.00449172208374742	0.00695895503637807	0.00680568783135977	0	0	0.00637193948105266	0.00308645638490111	0	0.000298979268856808	0.0015132272050627	0.000196381856036337	0	0	0.00303850270899992	0	0.00211584106722606	0.00264504029583861	0	0
G[T>A]C	0.000592500827459939	0.0034223005116355	0.00130493710475642	0.00680401042589197	0.00576595436322064	0.00446714583415197	0.00332426398887005	0	0.00611598905793215	0.00328027160680994	0.00011112536848398	0.000328710814789205	0.00432564033132516	0	0.00283452766362614	0.00446103166259789	0.0044542160845403	0.00283416078330868	0.00166160551110089	0	0.00446824093037698	0.0157794350981977
G[T>A]G	0.00137555922237512	0.002207018497951	0.00147270397744716	0.00912958049647838	0.0142658807059605	0.00734612209287888	0.000689077094852674	0.000636828869189813	0.00666921609790298	0.00306371898866835	0	0.000423966771035909	0.00203853649019164	0.000417718166775171	0	0.00295259681599032	0.00549364455514407	0.00379605701911063	0.00150018144857835	0.00173113499105103	0.000864461524034692	0.003332298448755
G[T>A]T	0.00231116207812889	0.002330836013142	0.00191890770344184	0.00896908426809548	0.0046341759834225	0.00528971735158361	0.00231552204314534	0.00101902433140221	0.01435525666386	0.00378186880638775	0.000412824398445391	0.000101761825576767	0.00319329943386419	0.000100262016109799	0.000947709757204341	0.00468826677237606	0.00341285142201072	0.00394827955273192	0.00401230023536191	0.00540166139795253	0.00186741674000848	0.00423135161003573
G[T>C]A	0.0121793604304882	0.0120359939105597	0.00128581583241261	0.00808509975074537	0.00615211966984149	0.0166586985722836	0.0131742040858535	0.000199594918705605	0.00687764896367588	0.00936225103420005	0.00646874856336482	0.000996597562856026	0.0578052792333952	0.000785527424145349	0.00804382060864854	0.0208215666316679	0.0163066312049662	0	0.000403017346138297	0.00396756044375792	0.000203204662934023	0.144128449701561
G[T>C]C	0.00829501158443914	0.0112935916883972	0.000869958069837613	0.0070234946331788	0.00177413980406789	0.0107211500019647	0.00700469911940475	0.00010972166833903	0.00633838866003877	0.0109719429607091	0.0112236622168819	0.00175312434554243	0.0303903961739255	0.00107955377900194	0.0143994005312208	0.0585803894641145	0.0110241848092373	0.0106826060293943	0.00276934251850148	0.0033554681185751	0.00145217830237252	0.0738966502838134
G[T>C]G	0.00573149675989631	0.0111454434146526	0.00105193141246226	0.00732489597973265	0.004505014959777	0.0153404314292471	0.0132073109846763	0.000318414434594906	0.00570110408369126	0.0102853423191009	0.005804783999288	0.00201384216242057	0.0439894716304512	0.000104429541693793	0.00899360135946929	0.0174884580639427	0.0159423410619867	0.00495596333050554	0.00707228397186936	0.00649175621644137	0.0310125571747446	0.095024252538691
G[T>C]T	0.011775921064752	0.0153623282684359	0.00171691741886902	0.00876524144382058	0.002471560524492	0.0162840318470319	0.00463104408629069	0.00825409708435792	0.00733254117362635	0.0132365408223571	0.0127975563518071	0.00234052198826563	0.0417189119585483	0.000701834112768593	0.00905589323550815	0.0102487692233337	0.0146856030886522	0.00830151085446198	0.00493821567429158	0.0102839322768712	0.000726217621114409	0.103513308899167
G[T>G]A	0.000107781950712285	0.000518792840972399	0	0.00359337766699794	0	0.00162523888510084	0	0	0.000202283793049291	0.00740749532376267	0	0	0	0	0	0	0	0	0.00161206938455319	0	0	0
G[T>G]C	0.000237000330983976	0.00102669015349065	0.000543723793648508	0.00504813676759727	0	0.000335035937561398	0.00189957942221146	0	0	0.000678676884167575	0.00222250736967959	0	0.000443655418597452	0	0.00215424102435587	0.00258270254150404	0.00356337286763224	0.00991956274158038	0	0	0.00346288672104216	0.000666736694290045
G[T>G]G	0.00137555922237512	0.00518649347018485	0.00178828340118584	0.0187899505567055	0.00193072069704728	0.00648187243489313	0.00114846182475446	0.00180434846270447	0.00623894409158666	0.0054709267654792	0.000967463999881333	0.00105991692758977	0.00118020533642674	0.000313288625081378	0.00131613678431258	0.00420177239198623	0.000861748165512796	0.00506140935881417	0.0126443864951604	0.00465242528844965	0.00324173071513009	0.000429973993387742
G[T>G]T	0.000880442696430053	0.002330836013142	0.000504975711432063	0.00703257743748395	0.000205963377041	0.0034227582863188	0.00385920340524224	0.000917121898261992	0.00774564208481656	0.0194346035883815	0.00309618298834043	0	0.0032963090930211	0.00110288217720779	0.004001441197085	0.0207155973663128	0.00455046856268096	0.0640836142789565	0.00329214378286105	0.00259695259516949	0.00373483348001696	0.000825629582445995
T[C>A]A	0.0128989256186132	0.0134188278768603	0.0235786091634352	0.013294293536218	0.0321214168426642	0.014509242893151	0.00177173714921287	0.00096317521581789	0.0279179123722225	0.0220433541324572	0.0364836022773434	0.000865661581989392	0.00642602825441376	0.0335475215402277	0.00049764952273948	0.00587407464647263	0.0119257037744582	0.00172240999844612	0.0628177069644753	0.00500743054944896	0.000686416204591625	9.75474685383367e-05
T[C>A]C	0.0127748345724153	0.012950953184669	0.0143167784724568	0.0183218453988622	0.0569125463905312	0.0128917950986338	0.00328468219350187	0.00209353527429566	0.0176104309116738	0.00464021546439491	0.0109196400666096	0.00261330820148978	0.0104755993016379	0.0173026032039477	0.0179558787388782	0.00694386522903345	0.015404130080401	0.00135192429688282	0.0414267264442367	0.0067224920319483	0.00447593495003016	0.000530067278905841
T[C>A]G	0.00224296547312899	0.00319191707515269	0.00250577551283516	0.00144500403250418	0.0094902355493854	0.00358435108403123	0.00107474628919404	0.000180591869413846	0.00164722267070831	0	0.00283498459541403	9.01713420845709e-05	0.00173426394488244	0.0034648519674041	0	0.00241528015619965	0.00366561692716359	0.00197355672068904	0.0143123883833305	0.00165683844257539	0.00101121865250717	0
T[C>A]T	0.018316075705463	0.0217276136183507	0.0162660224731666	0.0198076808874483	0.0409120607912015	0.0203799448270434	0.00686668684874045	0.00142238619865307	0.0516739549000484	0.0363203022113223	0.341639843054318	0.000437053401254484	0.00541955532054812	0.0197004953683697	0.0583407714662689	0.0169746757132242	0.0174338264285381	0.00532634129607485	0.124271334549029	0.00970360008400749	0.0134785674528195	0.000443246049217308
T[C>G]A	0.00197644828027137	0.00200281013087467	0.122284203799031	0.0168587055712909	0.00311480405747047	0.00264695647375053	0	0.000192635043163578	0.00517359914590137	0.00327671480347336	0	9.61846202210436e-05	0.00233673754705955	0.214836811671458	0	0.000927485470495679	0.00488758351412221	0.000382757777432471	0.00213930271396046	0.000490924563671467	0	0.000195094937076673
T[C>G]C	0.00237408430106833	0.00391793541721078	0.0351694775519047	0.0187406304365505	0.0111074672323527	0.00852350089165873	0.000226529806448405	0.00104676763714783	0.00519825972693985	0.00269779968860169	0	0.0011498556086555	0.00285698162771943	0.0613830446997191	0	0.00291194348314306	0.00679906431134943	0.000623965060099764	0.00887715566662215	0.00117376845002272	0.000106569879762623	0.000318040367343504
T[C>G]G	0.00029256071388639	0.000751039311800632	0.00492205904306907	0.00180625504063022	0.00282882021183603	0.00119478369467708	0	0.000270887804120769	0	0	0	0.000270514026253713	0	0.00941728996268805	0	0	0	0	0.00127626393227151	0	0	0
T[C>G]T	0.00378138337145042	0.00784924261605341	0.161250502783991	0.0330492797127591	0.00552865686367588	0.00746150985470988	0.00011839115256449	0.000765900260813194	0.0115323847845602	0.0055270025104186	0.000110814091162607	0.000874106802508967	0.00165904754710657	0.283019684827563	0.000113063510593544	0.00175600093585078	0.0187663481937766	0.00304362359775706	0.00364529248010486	0.0117112414806987	0.000556965597223946	0.000332434536912981
T[C>T]A	0.0150834210862815	0.022932175998515	0.2019932671653	0.0102115588031819	0.00340681693785832	0.0108819321698633	0.0077122675906913	0.11577366094131	0.00624736500637147	0.00496471939920207	0.00360934033225055	0.0290477553067552	0.0134362408955924	0.143572020150975	0.00915675121840643	0.0115420414106129	0.0168132872885804	0.0156930688747313	0.0159475293222507	0.021404310976076	0.010492361984472	0.00624303798645355
T[C>T]C	0.0201231907423887	0.0254665802118701	0.0531173230282455	0.0148668688379339	0.00740497815490182	0.0221611023183127	0.00758874851602157	0.302201816844578	0.00700173759138837	0.00906460695370168	0.0223693597481031	0.16610186928669	0.010052342764198	0.0315154558357618	0.0306115282114611	0.0174716608988583	0.0139168347622934	0.01767901003616	0.00507266038092694	0.0352130535006816	0.00831245062148459	0.00911715719718046
T[C>T]G	0.0739203403752945	0.0358621271384802	0.023804867371934	0.000903127520315111	0.0010037749138773	0.00680107641585413	0.0382023453704426	0.0895735672292676	0.00860216283592116	0.00437507457693664	0.19579683931553	0.00721370736676567	0.000912770497306546	0.0191899493579304	0.00877090365071621	0.0100475654497905	0.00329905523444723	0.0148016754051678	0.0121245073565793	0.00828419221287693	0.0224306682919773	0.0115225724548254
T[C>T]T	0.0163072157893799	0.0303731562099458	0.113103076263418	0.00995855779424197	0.00851413157006086	0.0131411666097876	0.00556438417053105	0.0923456885894765	0.0160788057092425	0.0108284130816364	0.043439123735742	0.104237236199194	0.0099542852826394	0.0807397351162694	0.0258915439259217	0.00889707140831064	0.0214313917242538	0.0218488693981846	0.00165695112732039	0.0297800140509196	0.0109165257055893	0.00709193678747693
T[T>A]A	0.00527207380754104	0.00406021843970004	0.00175929296063455	0.0058589130349396	0.00403626996378505	0.00794973490506763	0.000192073435578721	0.000887548793122712	0.0172705064889785	0.0196720718576792	0	0.00026589723923179	0.00511399724549934	8.73261105275594e-05	0	0.000759698959080205	0.0076564958510227	0.000529056704075459	0.000806452903067484	0.00352855023197528	9.03600424868605e-05	0.00242698284475287
T[T>A]C	0.00219601151402614	0.00581360120643952	0.00241827249373655	0.00976180603996982	0.00472619187303148	0.00703662994816718	0.000880061699843266	0.00152499816778922	0.0102005799752292	0.00282983576683809	0.000823737545607788	0	0.0135657993868696	0.000500149624022885	0.00168091725045079	0.00206676439117769	0.008976689502173	0.00262609325772124	0.00246339222835502	0.00497460680683135	0.000724536537867737	0.00463341586298353
T[T>A]G	0.00115408014911747	0.00232299915831183	0.000481396210597017	0.00650987144836923	0.00805018828900306	0.00702025386016113	0	0.000971441676376906	0.00659634165837958	0.0140205216234284	0	0	0.00363338862179874	0.000573482092655869	0	0.000623630415648001	0.00621120937080237	0	0.00186343648644216	0.00514943445602209	0	0
T[T>A]T	0.00357113840096074	0.00484822419834584	0.00243685366274415	0.01229601547443	0.00385570224855682	0.00871594800908637	0.000642182744050273	0.00423921579583592	0.0207082867808107	0.0121492571690624	0.00240433159406826	0.000677338626926831	0.0080563211518907	0.000583936254556571	0.00105134451947258	0.000272142319304099	0.00688373899868341	0.00320079493315926	0.0017975421281927	0.00734638874047778	0.000863176700573223	0.0006869358973202
T[T>C]A	0.0077643268801968	0.00784360380396599	0.00211115155276146	0.00807819827544702	0.00251145686635514	0.0153574424302443	0.00566616634957227	0.00204136222418224	0.00593673660558637	0.0142736893478975	0.00269671036294812	0.000177264826154527	0.0448596249605205	0.000436630552637797	0.00165087059320732	0.00645744115218174	0.0221587997570775	0.00149899399488047	0.000179211756237219	0.0047047336426337	0.00361440169947442	0.0349665306151432
T[T>C]C	0.00527042763366274	0.0109929913721765	0.00151142030858534	0.010676975356217	0.00164389282540225	0.0146941390094079	0.00385026993681429	0.00182999780134706	0.00762467594108043	0.0143587962984007	0.00998781774049443	0.000913736361968392	0.0351477529568893	0.000600179548827462	0.00588321037657777	0.010768930248768	0.0188820020562949	0.0113124017255684	0.0070822526565207	0.00207275283617973	0.0116960898255792	0.0322279814469743
T[T>C]G	0.00881297568416975	0.00757499725536466	0.000770233936955228	0.00641270918794581	0.00353422900492817	0.0124584786814127	0.0111421158021609	0.00184573918511612	0.00285513295661206	0.00981436513639988	0.00639515241824762	0.000679070879548163	0.031423901593935	0.000191160697551956	0.00341306011099165	0.004053597701712	0.0162674531140062	0.00579064199611216	0.00107883165004546	0.00564457238448575	0.0239340550774505	0.0244977829858315
T[T>C]T	0.00558562672970783	0.0124290838539411	0.0020167064795124	0.00915841152578234	0.00188500998818334	0.0149292970848707	0.00266047136820827	0.00203482358200124	0.0101393271374924	0.0270080609010091	0.00850102956474136	0.000423336641829269	0.0317967568867175	0.00100103357923984	0.00227791312552392	0.00426356300243088	0.0149721323221364	0.00606466408388071	0.00119836141879513	0.00328426790750771	0.00353902447235021	0.0235275544832169
T[T>G]A	0.00134198242373772	0.000830499226302281	0.00035185859212691	0.0028406851078495	0	0.00460723272907329	0.000864330460104244	0	0.0026085660842728	0.045932000337465	0.00449451727158019	0	0.00170466574849978	8.73261105275594e-05	0	0	0.00612519668081816	0	0	0.0028952207031592	0	0
T[T>G]C	0.00142740748411699	0.00369956440409787	0.00141065895467965	0.00569438685664906	0.000308229904762922	0.00527747246112539	0.00209014653712776	0.00101666544519281	0.0031941210023445	0.00848950730051428	0.00947298177448956	0	0.00277482260185969	0.000400119699218308	0.00157585992229762	0.000435108292879514	0.00711944339827513	0.0096963443362015	0.00369508834253254	0.00186547755256176	0.000414020878781564	0.00185336634519341
T[T>G]G	0.00209832754384994	0.002928998938741	0.00231070181086568	0.00961906378191871	0.00294519083744014	0.00593260889591081	0.00115625730022424	0.000971441676376906	0.00659634165837958	0.00881289930615499	0.00216451312617612	0.000291030376949213	0.00108019661729152	9.55803487759782e-05	0.000200768241823038	0.000935445623472001	0.00483094062173518	0.00434298149708412	0.000784604836396698	0.00108930344262006	0.000395604216156206	0.000295154011877488
T[T>G]T	0.00366270605226743	0.0074927101247163	0.001680588732927	0.00958241205938337	0.000942504994091668	0.0113911399722713	0.00660530822451709	0.00118698042283406	0.00962376813050126	0.0476355766700646	0.0543550678230433	0.000254001985097562	0.0027425774134096	0.000250258394809959	0.00219030108223454	0.00299356551234508	0.0140256182098174	0.0481803868886079	0.00128395866299478	0.00112356533677895	0	0.000257600961495075
