Samples	SBS96A	SBS96B	SBS96C	SBS96D	SBS96E	SBS96F
SP.Syn.Abst.1	1321	1321	1017	1043	844	1246
SP.Syn.Abst.2	1769	368	712	1257	807	366
SP.Syn.Abst.3	1654	657	860	1112	797	504
SP.Syn.Abst.4	708	1428	952	507	650	636
SP.Syn.Abst.5	2256	1225	1241	1547	1210	634
SP.Syn.Abst.6	1478	2722	1828	1094	1270	756
SP.Syn.Abst.7	1714	1665	1450	1300	1110	521
SP.Syn.Abst.8	1220	931	898	983	793	429
SP.Syn.Abst.9	6	1065	294	366	375	2192
SP.Syn.Abst.10	2853	2588	2286	2105	1763	785
SP.Syn.Abst.11	2140	1820	1580	1550	1290	839
SP.Syn.Abst.12	930	2260	1155	1023	992	3024
SP.Syn.Abst.13	3324	2165	2237	2317	1874	547
SP.Syn.Abst.14	3537	2587	2464	2468	2073	490
SP.Syn.Abst.15	1570	1461	1159	1310	1016	1480
SP.Syn.Abst.16	1024	2759	1720	818	1170	315
SP.Syn.Abst.17	3427	2118	1717	3041	1966	5764
SP.Syn.Abst.18	1604	3905	2362	1310	1769	1047
SP.Syn.Abst.19	2430	2541	2056	1733	1632	723
SP.Syn.Abst.20	1235	998	938	1007	750	619
SP.Syn.Abst.21	2692	788	1262	1801	1248	204
SP.Syn.Abst.22	2745	1167	1469	1867	1337	683
SP.Syn.Abst.23	1889	1262	1223	1288	1078	427
SP.Syn.Abst.24	4658	574	1725	3104	1866	889
SP.Syn.Abst.25	1815	2899	2057	1305	1506	682
SP.Syn.Abst.26	627	4119	2299	584	1405	215
SP.Syn.Abst.27	1901	1115	1106	1369	994	1309
SP.Syn.Abst.28	2275	527	1063	1522	1010	300
SP.Syn.Abst.29	999	1501	635	1228	885	4221
SP.Syn.Abst.30	274	3640	2116	278	1154	96
SP.Syn.Abst.31	2151	8115	4813	1715	3087	616
SP.Syn.Abst.32	3362	4940	3590	2511	2671	828
SP.Syn.Abst.33	1561	2799	2029	1080	1323	47
SP.Syn.Abst.34	5945	3861	3967	4031	3342	472
SP.Syn.Abst.35	2580	1417	1391	1990	1419	1927
SP.Syn.Abst.36	3146	2787	2176	2447	1988	2541
SP.Syn.Abst.37	1689	1850	1597	1176	1153	69
SP.Syn.Abst.38	3024	1604	1691	2131	1610	782
SP.Syn.Abst.39	2352	2835	2205	1685	1655	486
SP.Syn.Abst.40	1661	3053	2010	1251	1471	770
SP.Syn.Abst.41	1793	1898	1498	1209	1195	438
SP.Syn.Abst.42	1032	0	18	752	310	667
SP.Syn.Abst.43	2362	2178	1879	1625	1421	329
SP.Syn.Abst.44	3711	1259	1757	2561	1706	871
SP.Syn.Abst.45	5292	1774	2535	3670	2503	1321
SP.Syn.Abst.46	1437	1286	1078	1074	879	762
SP.Syn.Abst.47	1638	2147	1523	1158	1293	458
SP.Syn.Abst.48	1897	2191	1580	1513	1303	1389
SP.Syn.Abst.49	706	1471	783	683	729	1235
SP.Syn.Abst.50	2200	1629	1566	1590	1310	311
SP.Syn.Abst.51	978	2585	1644	824	1102	433
SP.Syn.Abst.52	2573	2719	2149	1932	1760	1070
SP.Syn.Abst.53	2579	781	979	2073	1259	2743
SP.Syn.Abst.54	2433	927	1166	1734	1185	785
SP.Syn.Abst.55	1179	3003	1469	1362	1377	3605
SP.Syn.Abst.56	2069	3665	2521	1315	1807	137
SP.Syn.Abst.57	4192	630	1475	2865	1746	1128
SP.Syn.Abst.58	1438	3585	2210	1161	1522	1068
SP.Syn.Abst.59	358	6176	2764	1041	2015	4556
SP.Syn.Abst.60	2967	1219	1457	2193	1436	1330
SP.Syn.Abst.61	2258	4462	2917	1784	2204	1149
SP.Syn.Abst.62	3263	2563	2169	2566	2011	2321
SP.Syn.Abst.63	3239	977	1626	2184	1449	190
SP.Syn.Abst.64	1473	4141	2473	1146	1715	587
SP.Syn.Abst.65	1583	603	771	1172	789	474
SP.Syn.Abst.66	1865	739	1006	1262	880	107
SP.Syn.Abst.67	2875	782	1332	1943	1275	658
SP.Syn.Abst.68	2447	8540	5148	1908	3359	372
SP.Syn.Abst.69	3645	2732	2609	2558	2175	623
SP.Syn.Abst.70	2173	687	1154	1508	1002	128
SP.Syn.Abst.71	2077	3426	2294	1605	1763	1466
SP.Syn.Abst.72	6840	879	2686	4595	2789	668
SP.Syn.Abst.73	1477	1025	942	1061	820	574
SP.Syn.Abst.74	1473	2128	1301	1291	1174	2095
SP.Syn.Abst.75	2775	950	1321	1981	1334	800
SP.Syn.Abst.76	964	3054	1815	749	1286	421
SP.Syn.Abst.77	1417	2726	1820	1070	1344	388
SP.Syn.Abst.78	1894	2760	2021	1311	1458	486
SP.Syn.Abst.79	4557	2106	2532	3174	2272	1306
SP.Syn.Abst.80	2446	3912	2898	1736	2079	67
SP.Syn.Abst.81	1666	1078	1046	1282	933	1110
SP.Syn.Abst.82	219	2994	1617	245	987	235
SP.Syn.Abst.83	2597	1705	1663	1853	1454	608
SP.Syn.Abst.84	1734	1289	1142	1421	1054	1257
SP.Syn.Abst.85	1628	2768	1643	1553	1412	3508
SP.Syn.Abst.86	2386	2217	1898	1742	1569	756
SP.Syn.Abst.87	4242	723	1716	3008	1774	1028
SP.Syn.Abst.88	5146	2233	2825	3501	2522	536
SP.Syn.Abst.89	5999	77	2021	3970	2188	390
SP.Syn.Abst.90	382	2008	1114	447	734	1184
SP.Syn.Abst.91	1130	904	733	942	752	1217
SP.Syn.Abst.92	1312	1333	1105	907	872	180
SP.Syn.Abst.93	1072	875	696	767	650	489
SP.Syn.Abst.94	2021	809	1024	1446	965	787
SP.Syn.Abst.95	4758	4632	3880	3276	3075	886
SP.Syn.Abst.96	1577	1364	986	1174	973	1744
SP.Syn.Abst.97	2300	1366	1414	1478	1198	118
SP.Syn.Abst.98	2839	3284	2670	1981	2010	292
SP.Syn.Abst.99	2592	2090	1954	1834	1555	583
SP.Syn.Abst.100	3931	1387	2033	2635	1785	570
SP.Syn.Abst.101	1358	540	399	1266	743	2568
SP.Syn.Abst.102	914	1796	1090	824	857	1482
SP.Syn.Abst.103	2539	1693	1651	1699	1459	456
SP.Syn.Abst.104	2159	1168	1383	1459	1096	112
SP.Syn.Abst.105	3750	1686	2031	2595	1813	1260
SP.Syn.Abst.106	105	1512	746	194	476	664
SP.Syn.Abst.107	1756	1778	1503	1232	1142	321
SP.Syn.Abst.108	94	1377	749	163	430	444
SP.Syn.Abst.109	1525	1454	1271	1054	957	64
SP.Syn.Abst.110	1299	4331	2619	971	1687	489
SP.Syn.Abst.111	2160	2096	1785	1550	1419	488
SP.Syn.Abst.112	1787	1984	1452	1471	1237	1341
SP.Syn.Abst.113	948	2571	1574	790	1035	929
SP.Syn.Abst.114	2078	927	1065	1405	1046	521
SP.Syn.Abst.115	2058	1952	1592	1542	1281	1057
SP.Syn.Abst.116	1082	2034	1337	852	1009	461
SP.Syn.Abst.117	3559	1800	2006	2478	1861	850
SP.Syn.Abst.118	916	1906	1264	693	977	429
SP.Syn.Abst.119	2166	1897	1514	1730	1392	1645
SP.Syn.Abst.120	1473	1787	1438	1101	1064	485
SP.Syn.Abst.121	4718	3976	3519	3326	2884	807
SP.Syn.Abst.122	111	2229	1013	371	764	1502
SP.Syn.Abst.123	1717	1298	865	1603	1027	3703
SP.Syn.Abst.124	1566	3668	2367	1173	1589	505
SP.Syn.Abst.125	6160	3280	3735	4222	3240	657
SP.Syn.Abst.126	3740	2321	2419	2459	2014	261
SP.Syn.Abst.127	3844	1629	2061	2640	1927	539
SP.Syn.Abst.128	885	2021	1242	766	942	147
SP.Syn.Abst.129	993	1316	919	928	771	1499
SP.Syn.Abst.130	1381	2119	1461	1043	1182	345
SP.Syn.Abst.131	718	2268	1368	602	954	626
SP.Syn.Abst.132	3352	2889	2454	2314	2063	843
SP.Syn.Abst.133	1819	829	905	1355	916	496
SP.Syn.Abst.134	3229	1185	1638	2235	1504	683
SP.Syn.Abst.135	2703	4684	3308	1883	2368	405
SP.Syn.Abst.136	1459	3776	2392	1107	1637	361
SP.Syn.Abst.137	483	644	431	429	326	421
SP.Syn.Abst.138	4434	2350	2515	3163	2320	1669
SP.Syn.Abst.139	3086	1990	1941	2130	1691	571
SP.Syn.Abst.140	183	2068	1096	198	639	729
SP.Syn.Abst.141	1525	1739	1296	1168	1059	498
SP.Syn.Abst.142	3006	1411	1602	2023	1514	484
SP.Syn.Abst.143	3599	671	1482	2415	1497	980
SP.Syn.Abst.144	1837	1028	1069	1219	978	90
SP.Syn.Abst.145	2225	1671	1567	1686	1353	1072
SP.Syn.Abst.146	2258	1403	1401	1642	1297	493
SP.Syn.Abst.147	2054	3327	2311	1512	1711	196
SP.Syn.Abst.148	2070	1508	1347	1529	1233	557
SP.Syn.Abst.149	2752	2048	1851	2023	1618	1115
SP.Syn.Abst.150	3203	1074	1663	2134	1480	178
SP.Syn.Abst.151	1604	3167	2060	1300	1538	1121
SP.Syn.Abst.152	5006	934	2061	3390	2066	1036
SP.Syn.Abst.153	129	2099	1064	264	684	735
SP.Syn.Abst.154	10388	6300	6276	7608	5679	4704
SP.Syn.Abst.155	1900	3273	2203	1471	1625	1124
SP.Syn.Abst.156	1354	1651	1314	1075	1015	1206
SP.Syn.Abst.157	1670	1492	1330	1183	1078	333
SP.Syn.Abst.158	1759	4124	2617	1411	1843	1083
SP.Syn.Abst.159	4917	1175	2185	3358	2165	880
SP.Syn.Abst.160	1034	1446	808	959	838	2071
SP.Syn.Abst.161	3680	560	1264	2648	1566	1825
SP.Syn.Abst.162	1145	892	527	1029	698	2428
SP.Syn.Abst.163	4026	1733	2218	2684	1987	448
SP.Syn.Abst.164	2232	2729	2156	1517	1582	84
SP.Syn.Abst.165	1423	1479	1190	1043	963	537
SP.Syn.Abst.166	4582	267	1704	3009	1786	289
SP.Syn.Abst.167	1792	2754	2037	1313	1460	355
SP.Syn.Abst.168	1521	1679	1219	1225	1071	844
SP.Syn.Abst.169	34	1749	853	329	588	815
SP.Syn.Abst.170	1361	1112	1028	922	781	181
SP.Syn.Abst.171	1332	1951	1381	1080	1045	700
SP.Syn.Abst.172	1169	1254	957	875	768	576
SP.Syn.Abst.173	1568	2601	1856	1129	1232	316
SP.Syn.Abst.174	257	3827	1989	395	1261	763
SP.Syn.Abst.175	1070	1347	897	888	845	1603
SP.Syn.Abst.176	93	1364	666	135	525	625
SP.Syn.Abst.177	1629	3449	2247	1269	1582	906
SP.Syn.Abst.178	187	2644	1497	223	830	40
SP.Syn.Abst.179	1647	2491	1737	1337	1359	803
SP.Syn.Abst.180	2945	2537	2099	2068	1785	985
SP.Syn.Abst.181	1256	1244	976	1001	819	821
SP.Syn.Abst.182	652	2136	1157	584	893	602
SP.Syn.Abst.183	2063	3181	2368	1411	1707	64
SP.Syn.Abst.184	52	964	447	136	339	522
SP.Syn.Abst.185	2292	2665	2076	1653	1639	582
SP.Syn.Abst.186	1360	941	901	878	726	62
SP.Syn.Abst.187	2584	2246	1991	1671	1597	266
SP.Syn.Abst.188	1404	1058	863	1079	862	1427
SP.Syn.Abst.189	994	730	698	714	587	277
SP.Syn.Abst.190	2834	3974	2973	2037	2130	655
SP.Syn.Abst.191	1695	2004	1566	1274	1184	564
SP.Syn.Abst.192	2517	1256	1518	1717	1287	400
SP.Syn.Abst.193	1519	1505	1241	1184	979	1420
SP.Syn.Abst.194	1573	1053	1030	1058	855	465
SP.Syn.Abst.195	295	4266	2227	383	1361	230
SP.Syn.Abst.196	3281	4565	3471	2339	2532	529
SP.Syn.Abst.197	3048	1803	1756	2272	1763	1556
SP.Syn.Abst.198	1482	2697	1986	978	1282	43
SP.Syn.Abst.199	1155	1232	943	774	748	340
SP.Syn.Abst.200	1073	1824	1333	801	892	32
SP.Syn.Abst.201	1868	1215	1196	1267	1096	432
SP.Syn.Abst.202	827	1297	716	818	648	1855
SP.Syn.Abst.203	2312	2642	2099	1621	1634	84
SP.Syn.Abst.204	1772	1522	1125	1485	1152	2488
SP.Syn.Abst.205	1640	726	945	1141	811	408
SP.Syn.Abst.206	1971	2315	1884	1418	1392	395
SP.Syn.Abst.207	2283	3200	2368	1770	1781	1078
SP.Syn.Abst.208	3145	1179	1587	2207	1548	473
SP.Syn.Abst.209	1334	1967	1333	1096	1074	1002
SP.Syn.Abst.210	667	3435	1825	675	1238	1403
SP.Syn.Abst.211	6541	139	2144	4410	2509	1451
SP.Syn.Abst.212	956	2991	1790	708	1196	573
SP.Syn.Abst.213	1909	4104	2751	1410	1871	434
SP.Syn.Abst.214	1054	1242	962	683	778	41
SP.Syn.Abst.215	3517	1158	1740	2470	1692	611
SP.Syn.Abst.216	2188	2925	2250	1597	1632	520
SP.Syn.Abst.217	751	3814	1929	946	1395	2369
SP.Syn.Abst.218	2219	3617	2632	1571	1855	65
SP.Syn.Abst.219	3587	0	163	2572	1046	1376
SP.Syn.Abst.220	6766	147	2231	4536	2505	877
SP.Syn.Abst.221	2146	2165	1656	1589	1455	956
SP.Syn.Abst.222	680	1802	873	635	745	1643
SP.Syn.Abst.223	940	640	551	775	508	1226
SP.Syn.Abst.224	2159	1109	1241	1533	1056	732
SP.Syn.Abst.225	2265	1064	1239	1598	1149	850
SP.Syn.Abst.226	2429	2365	1926	1766	1563	685
SP.Syn.Abst.227	2865	890	1347	1985	1313	713
SP.Syn.Abst.228	137	2227	1037	386	690	1818
SP.Syn.Abst.229	1319	2657	1729	1018	1270	745
SP.Syn.Abst.230	1698	4198	2703	1283	1871	173
SP.Syn.Abst.231	1261	1335	1017	954	900	746
SP.Syn.Abst.232	1540	2823	1960	1194	1399	539
SP.Syn.Abst.233	1998	1431	1329	1366	1148	534
SP.Syn.Abst.234	2509	2587	2126	1789	1676	526
SP.Syn.Abst.235	4846	919	1854	3410	2064	2200
SP.Syn.Abst.236	2667	4615	3172	2018	2314	1278
SP.Syn.Abst.237	1864	2538	1884	1292	1345	691
SP.Syn.Abst.238	2999	4223	2996	2352	2369	2085
SP.Syn.Abst.239	3357	1362	1756	2260	1592	594
SP.Syn.Abst.240	2082	1975	1615	1486	1367	670
SP.Syn.Abst.241	3383	999	1528	2393	1551	1116
SP.Syn.Abst.242	2092	1535	1400	1457	1197	574
SP.Syn.Abst.243	1573	943	972	1101	873	386
SP.Syn.Abst.244	803	4201	2248	840	1483	1058
SP.Syn.Abst.245	2057	4655	2991	1456	2087	905
SP.Syn.Abst.246	14031	4114	6737	9390	6401	1316
SP.Syn.Abst.247	1982	1778	1515	1471	1213	925
SP.Syn.Abst.248	779	1418	941	631	722	747
SP.Syn.Abst.249	2993	4059	3017	2125	2224	337
SP.Syn.Abst.250	1153	1642	1056	877	954	890
SP.Syn.Abst.251	5309	2044	2800	3609	2520	926
SP.Syn.Abst.252	2239	4708	3060	1759	2178	817
SP.Syn.Abst.253	2483	2184	1887	1679	1584	336
SP.Syn.Abst.254	2079	954	1013	1557	1046	1693
SP.Syn.Abst.255	3638	1192	1807	2482	1706	501
SP.Syn.Abst.256	1423	3373	1571	1888	1567	6220
SP.Syn.Abst.257	2073	1551	1430	1485	1197	682
SP.Syn.Abst.258	1633	1662	1253	1168	1035	790
SP.Syn.Abst.259	1362	812	794	1143	753	1092
SP.Syn.Abst.260	1183	2379	1613	868	1118	356
SP.Syn.Abst.261	2332	2021	1789	1629	1438	235
SP.Syn.Abst.262	313	4022	2078	369	1286	700
SP.Syn.Abst.263	1565	1078	998	1187	946	1017
SP.Syn.Abst.264	1527	2999	2004	1153	1415	526
SP.Syn.Abst.265	1560	0	130	1054	392	89
SP.Syn.Abst.266	2349	2623	2016	1780	1611	742
SP.Syn.Abst.267	1313	2932	1967	1003	1337	223
SP.Syn.Abst.268	2073	2276	1754	1616	1431	945
SP.Syn.Abst.269	2021	1170	1240	1435	1067	533
SP.Syn.Abst.270	3681	2735	2661	2507	2096	552
SP.Syn.Abst.271	1281	2173	1436	950	1075	464
SP.Syn.Abst.272	1217	1148	1041	784	769	336
SP.Syn.Abst.273	2019	2237	1747	1409	1366	462
SP.Syn.Abst.274	1902	1531	1428	1356	1161	82
SP.Syn.Abst.275	2480	1740	1625	1895	1493	1578
SP.Syn.Abst.276	1888	5585	3500	1619	2303	1035
SP.Syn.Abst.277	803	1073	785	649	604	568
SP.Syn.Abst.278	2500	2626	2126	1748	1673	606
SP.Syn.Abst.279	349	880	607	235	415	317
SP.Syn.Abst.280	1912	2310	1773	1375	1350	803
SP.Syn.Abst.281	6869	59	2404	4534	2544	441
SP.Syn.Abst.282	5969	2184	3010	4093	2817	1417
SP.Syn.Abst.283	1542	940	956	1121	902	523
SP.Syn.Abst.284	686	1453	812	699	658	1513
SP.Syn.Abst.285	1651	1403	1140	1136	996	967
SP.Syn.Abst.286	1337	712	754	888	627	340
SP.Syn.Abst.287	365	1445	404	715	560	3689
SP.Syn.Abst.288	717	1509	310	1288	796	5844
SP.Syn.Abst.289	118	1449	647	131	450	212
SP.Syn.Abst.290	3721	870	1626	2551	1613	720
SP.Syn.Abst.291	253	2912	1516	226	879	170
SP.Syn.Abst.292	1725	941	1014	1274	972	751
SP.Syn.Abst.293	3949	1554	2121	2658	1945	214
SP.Syn.Abst.294	862	2366	1387	714	1069	660
SP.Syn.Abst.295	2888	560	1215	2078	1285	748
SP.Syn.Abst.296	1874	905	996	1260	949	93
SP.Syn.Abst.297	3533	3433	2620	2766	2300	3006
SP.Syn.Abst.298	2358	4332	3066	1655	2142	58
SP.Syn.Abst.299	926	2112	1320	734	936	394
SP.Syn.Abst.300	1162	2746	1754	861	1167	826
SP.Syn.Abst.301	1594	901	875	1268	865	1832
SP.Syn.Abst.302	2314	2848	2224	1690	1694	488
SP.Syn.Abst.303	4156	1306	2009	2835	1906	373
SP.Syn.Abst.304	3972	832	1501	2917	1754	2458
SP.Syn.Abst.305	1415	2799	1891	1061	1323	373
SP.Syn.Abst.306	1851	1154	1171	1377	1022	984
SP.Syn.Abst.307	1600	5917	3604	1242	2291	218
SP.Syn.Abst.308	980	1975	1313	794	954	809
SP.Syn.Abst.309	2763	2233	2038	1904	1709	368
SP.Syn.Abst.310	885	967	763	711	618	445
SP.Syn.Abst.311	5428	67	1412	3969	2052	3839
SP.Syn.Abst.312	1917	1048	1113	1254	980	327
SP.Syn.Abst.313	1963	2490	1939	1435	1463	627
SP.Syn.Abst.314	0	1142	233	521	428	3696
SP.Syn.Abst.315	1276	2220	1528	865	1064	399
SP.Syn.Abst.316	1935	2999	2181	1442	1609	445
SP.Syn.Abst.317	1257	4384	2680	950	1724	69
SP.Syn.Abst.318	1359	2617	1754	1086	1311	575
SP.Syn.Abst.319	871	1357	863	828	769	814
SP.Syn.Abst.320	1697	1167	1114	1215	976	547
SP.Syn.Abst.321	845	1646	1113	671	745	302
SP.Syn.Abst.322	1207	3355	2080	999	1386	294
SP.Syn.Abst.323	2059	1904	1535	1473	1291	1356
SP.Syn.Abst.324	1368	2702	1807	1070	1330	504
SP.Syn.Abst.325	1067	1055	851	756	725	363
SP.Syn.Abst.326	2712	1342	804	2785	1531	7535
SP.Syn.Abst.327	1127	1857	1269	843	994	325
SP.Syn.Abst.328	7912	230	2699	5206	2964	935
SP.Syn.Abst.329	863	2206	1354	740	994	672
SP.Syn.Abst.330	2746	4268	3151	1946	2246	352
SP.Syn.Abst.331	4620	1744	2255	3313	2230	1671
SP.Syn.Abst.332	3066	2600	2259	2178	1907	1190
SP.Syn.Abst.333	970	4042	2293	877	1557	1183
SP.Syn.Abst.334	6471	301	2260	4293	2473	897
SP.Syn.Abst.335	809	652	590	568	491	260
SP.Syn.Abst.336	1999	4236	2855	1470	1849	238
SP.Syn.Abst.337	3007	1787	1860	2161	1640	812
SP.Syn.Abst.338	1875	1900	1576	1321	1192	474
SP.Syn.Abst.339	829	1219	865	676	650	342
SP.Syn.Abst.340	2871	3902	2938	2005	2166	102
SP.Syn.Abst.341	939	2915	1778	796	1205	219
SP.Syn.Abst.342	990	967	733	809	687	497
SP.Syn.Abst.343	3480	663	1387	2339	1473	916
SP.Syn.Abst.344	1268	654	806	841	635	65
SP.Syn.Abst.345	1344	740	754	970	755	751
SP.Syn.Abst.346	1857	1424	1235	1362	1122	932
SP.Syn.Abst.347	953	2405	1490	818	1087	951
SP.Syn.Abst.348	136	1896	1021	191	596	275
SP.Syn.Abst.349	1491	6163	3599	1209	2340	696
SP.Syn.Abst.350	2352	3021	2066	1912	1807	2433
SP.Syn.Abst.351	6706	0	934	4778	2217	3304
SP.Syn.Abst.352	4174	1506	2148	2729	1923	671
SP.Syn.Abst.353	8381	1232	3295	5689	3423	1503
SP.Syn.Abst.354	4129	1434	2164	2815	2000	742
SP.Syn.Abst.355	2594	678	1086	1784	1121	920
SP.Syn.Abst.356	244	3595	1826	369	1137	573
SP.Syn.Abst.357	1018	3106	2006	816	1238	0
SP.Syn.Abst.358	1199	3315	1980	1104	1416	1348
SP.Syn.Abst.359	4097	326	1426	2768	1592	897
SP.Syn.Abst.360	832	1209	831	652	669	730
SP.Syn.Abst.361	4257	413	1597	2789	1696	440
SP.Syn.Abst.362	830	1898	1161	662	912	590
SP.Syn.Abst.363	1360	2123	1567	1042	1132	638
SP.Syn.Abst.364	930	2862	1611	801	1157	1398
SP.Syn.Abst.365	2093	4470	2973	1568	2095	366
SP.Syn.Abst.366	1922	1471	1265	1411	1150	1091
SP.Syn.Abst.367	3698	4206	3269	2709	2630	1069
SP.Syn.Abst.368	1400	670	759	1158	745	1078
SP.Syn.Abst.369	72	1465	587	279	476	1243
SP.Syn.Abst.370	2241	2331	1597	1871	1523	2664
SP.Syn.Abst.371	4982	1229	2172	3435	2151	826
SP.Syn.Abst.372	526	1529	972	342	609	432
SP.Syn.Abst.373	1938	1151	1246	1349	1109	426
SP.Syn.Abst.374	1822	1948	1476	1508	1253	1796
SP.Syn.Abst.375	2162	1484	1389	1498	1240	613
SP.Syn.Abst.376	3060	952	1537	2113	1453	450
SP.Syn.Abst.377	872	3576	2037	862	1363	925
SP.Syn.Abst.378	2337	1436	1447	1619	1276	1099
SP.Syn.Abst.379	5172	2060	2740	3468	2471	985
SP.Syn.Abst.380	4569	1666	2133	3318	2216	2797
SP.Syn.Abst.381	2006	1501	1377	1479	1180	686
SP.Syn.Abst.382	1780	1186	1168	1315	1018	621
SP.Syn.Abst.383	1488	873	881	1062	812	641
SP.Syn.Abst.384	2753	2097	1950	1850	1683	345
SP.Syn.Abst.385	3904	2672	2683	2714	2163	529
SP.Syn.Abst.386	2760	3061	2410	2095	1936	1100
SP.Syn.Abst.387	6688	2465	2960	5020	3211	4842
SP.Syn.Abst.388	4159	3298	2937	3007	2509	1727
SP.Syn.Abst.389	1300	1702	1344	903	1031	43
SP.Syn.Abst.390	1024	1495	1047	775	799	33
SP.Syn.Abst.391	898	2657	1636	732	1104	615
SP.Syn.Abst.392	3726	3121	2838	2553	2264	476
SP.Syn.Abst.393	1080	835	784	707	638	446
SP.Syn.Abst.394	2231	1308	1234	1647	1186	1230
SP.Syn.Abst.395	192	3381	1520	617	1083	2994
SP.Syn.Abst.396	1089	1193	849	793	717	1046
SP.Syn.Abst.397	1694	954	1028	1203	883	551
SP.Syn.Abst.398	1364	1990	1510	1128	1169	702
SP.Syn.Abst.399	2102	3132	2178	1673	1736	935
SP.Syn.Abst.400	8796	1425	3627	5821	3624	823
SP.Syn.Abst.401	2639	640	1188	1858	1150	487
SP.Syn.Abst.402	3464	851	1613	2282	1499	206
SP.Syn.Abst.403	2469	5053	3305	1873	2390	833
SP.Syn.Abst.404	2684	4358	2749	2245	2312	3093
SP.Syn.Abst.405	1976	896	956	1430	950	968
SP.Syn.Abst.406	1790	2652	1817	1422	1409	1102
SP.Syn.Abst.407	4469	1696	2331	3015	2076	872
SP.Syn.Abst.408	2631	2707	2191	1816	1749	477
SP.Syn.Abst.409	2212	595	1038	1483	990	123
SP.Syn.Abst.410	1180	2391	1548	1032	1148	1459
SP.Syn.Abst.411	2933	2847	2326	2062	1921	760
SP.Syn.Abst.412	1499	2369	1755	1108	1225	377
SP.Syn.Abst.413	2428	2143	1921	1719	1482	556
SP.Syn.Abst.414	189	2471	1313	254	739	349
SP.Syn.Abst.415	1652	1556	1277	1137	1051	531
SP.Syn.Abst.416	1159	618	523	930	650	978
SP.Syn.Abst.417	1924	2118	1636	1477	1363	1339
SP.Syn.Abst.418	1662	1019	615	1654	986	4012
SP.Syn.Abst.419	3335	2105	1988	2387	1795	1216
SP.Syn.Abst.420	2302	3638	2564	1692	1842	879
SP.Syn.Abst.421	1373	1481	784	1628	983	4463
SP.Syn.Abst.422	1926	4450	2921	1485	1938	446
SP.Syn.Abst.423	1919	1675	1525	1345	1186	325
SP.Syn.Abst.424	861	2863	1609	782	1130	922
SP.Syn.Abst.425	1506	1539	1175	1089	968	1004
SP.Syn.Abst.426	1727	1454	1255	1391	1014	848
SP.Syn.Abst.427	221	1860	1104	56	516	0
SP.Syn.Abst.428	6823	4060	4317	4640	3655	417
SP.Syn.Abst.429	1061	2094	1438	783	996	815
SP.Syn.Abst.430	75	1576	687	319	469	1243
SP.Syn.Abst.431	648	779	381	710	478	2328
SP.Syn.Abst.432	116	1967	1046	250	667	816
SP.Syn.Abst.433	3560	1686	1917	2379	1769	725
SP.Syn.Abst.434	1073	2061	1227	972	979	1717
SP.Syn.Abst.435	1845	1324	1184	1364	1058	779
SP.Syn.Abst.436	3539	3667	2876	2764	2422	2069
SP.Syn.Abst.437	1181	1173	1020	900	838	598
SP.Syn.Abst.438	1558	2174	1334	1477	1302	2953
SP.Syn.Abst.439	139	2306	1115	307	754	851
SP.Syn.Abst.440	1291	1065	893	1017	816	896
SP.Syn.Abst.441	1709	2734	1851	1320	1429	912
SP.Syn.Abst.442	893	2008	1341	668	907	443
SP.Syn.Abst.443	2767	1690	1718	2047	1513	881
SP.Syn.Abst.444	1083	2280	1453	807	1064	333
SP.Syn.Abst.445	2626	3396	2592	1856	1932	711
SP.Syn.Abst.446	1831	1732	1421	1366	1152	875
SP.Syn.Abst.447	962	2563	1685	707	1162	107
SP.Syn.Abst.448	1277	914	716	1140	809	1985
SP.Syn.Abst.449	4005	298	1392	2723	1566	965
SP.Syn.Abst.450	2108	2021	1798	1477	1360	311
SP.Syn.Abst.451	2617	1592	1738	1826	1409	375
SP.Syn.Abst.452	1341	2868	1796	1119	1339	547
SP.Syn.Abst.453	2847	1338	1627	1958	1409	457
SP.Syn.Abst.454	4449	100	1573	2913	1728	277
SP.Syn.Abst.455	1289	3783	2304	1015	1563	374
SP.Syn.Abst.456	3266	1383	1763	2285	1615	515
SP.Syn.Abst.457	2407	986	1014	2056	1219	3192
SP.Syn.Abst.458	2167	1195	1299	1463	1166	363
SP.Syn.Abst.459	2110	1306	1183	1607	1198	1767
SP.Syn.Abst.460	2298	1579	1513	1559	1246	425
SP.Syn.Abst.461	2165	1625	1571	1532	1213	422
SP.Syn.Abst.462	3350	766	1202	2531	1502	2996
SP.Syn.Abst.463	1390	1581	1202	1130	965	1183
SP.Syn.Abst.464	659	1963	1061	671	859	1016
SP.Syn.Abst.465	2060	2169	1661	1460	1351	538
SP.Syn.Abst.466	3554	2281	2289	2480	1950	423
SP.Syn.Abst.467	2087	2722	2023	1534	1563	1058
SP.Syn.Abst.468	3062	150	1030	2067	1216	651
SP.Syn.Abst.469	170	1288	813	0	381	0
SP.Syn.Abst.470	5400	3380	3552	3634	2919	507
SP.Syn.Abst.471	2860	926	1258	2109	1326	1738
SP.Syn.Abst.472	5598	1231	2439	3776	2434	982
SP.Syn.Abst.473	1099	4427	2398	1077	1749	1595
SP.Syn.Abst.474	1881	2460	1880	1310	1390	744
SP.Syn.Abst.475	2508	1657	1745	1666	1378	131
SP.Syn.Abst.476	2980	2648	2208	2179	1863	1111
SP.Syn.Abst.477	2917	1299	1631	2070	1468	1045
SP.Syn.Abst.478	2940	1954	1993	2053	1681	347
SP.Syn.Abst.479	1940	642	932	1383	867	727
SP.Syn.Abst.480	2793	552	1015	2100	1217	1755
SP.Syn.Abst.481	1726	1831	1438	1315	1151	887
SP.Syn.Abst.482	1255	3776	2326	1108	1575	925
SP.Syn.Abst.483	5980	6119	4894	4415	4041	2223
SP.Syn.Abst.484	3168	1202	1563	2237	1487	1324
SP.Syn.Abst.485	799	1496	817	778	759	1597
SP.Syn.Abst.486	4354	2064	2412	2988	2151	606
SP.Syn.Abst.487	84	1464	634	236	443	821
SP.Syn.Abst.488	574	677	399	632	523	963
SP.Syn.Abst.489	3442	1880	2138	2227	1747	259
SP.Syn.Abst.490	522	1885	1172	421	707	0
SP.Syn.Abst.491	1571	488	672	1191	726	1371
SP.Syn.Abst.492	2699	45	924	1808	1058	534
SP.Syn.Abst.493	1722	1836	1514	1268	1143	861
SP.Syn.Abst.494	952	1777	1163	799	865	444
SP.Syn.Abst.495	941	1590	679	1143	891	3848
SP.Syn.Abst.496	1328	1351	1186	947	865	140
SP.Syn.Abst.497	1581	2144	1580	1087	1234	49
SP.Syn.Abst.498	1249	3934	2450	974	1577	334
SP.Syn.Abst.499	3340	2010	2093	2290	1826	827
SP.Syn.Abst.500	2482	3355	2072	2309	1901	4435
SP.Syn.Abst.501	1293	2278	1380	1162	1170	1937
SP.Syn.Abst.502	2810	766	1222	1887	1239	859
SP.Syn.Abst.503	961	522	403	788	496	1520
SP.Syn.Abst.504	1099	2318	1461	989	1098	1430
SP.Syn.Abst.505	1711	3203	2182	1328	1538	569
SP.Syn.Abst.506	3890	2220	2395	2610	2088	440
SP.Syn.Abst.507	1413	817	796	984	777	621
SP.Syn.Abst.508	4056	1399	1942	2878	1933	1234
SP.Syn.Abst.509	13	1234	368	511	407	3443
SP.Syn.Abst.510	2697	1749	1626	2051	1579	1569
SP.Syn.Abst.511	2104	2779	2089	1526	1608	632
SP.Syn.Abst.512	2386	1993	1642	1774	1427	1346
SP.Syn.Abst.513	3005	875	1485	1998	1332	174
SP.Syn.Abst.514	1574	1762	1370	1213	1095	635
SP.Syn.Abst.515	6245	1006	2509	4191	2610	1063
SP.Syn.Abst.516	2014	1535	1271	1563	1230	1648
SP.Syn.Abst.517	254	3846	2036	402	1225	658
SP.Syn.Abst.518	121	2395	1105	402	745	1252
SP.Syn.Abst.519	2629	1774	1666	1942	1545	949
SP.Syn.Abst.520	2339	1213	1330	1713	1261	1413
SP.Syn.Abst.521	28	974	487	152	341	299
SP.Syn.Abst.522	6697	1232	2823	4541	2812	918
SP.Syn.Abst.523	959	1155	770	878	718	1338
SP.Syn.Abst.524	518	629	436	539	387	1111
SP.Syn.Abst.525	3064	2072	2074	2126	1760	535
SP.Syn.Abst.526	2646	559	1044	1964	1118	1578
SP.Syn.Abst.527	1533	4371	2725	1303	1837	1140
SP.Syn.Abst.528	3879	2464	2521	2619	2079	362
SP.Syn.Abst.529	1783	1635	1330	1298	1068	862
SP.Syn.Abst.530	2646	1018	1322	1834	1343	666
SP.Syn.Abst.531	83	773	409	50	178	0
SP.Syn.Abst.532	1600	1582	1377	1137	1059	204
SP.Syn.Abst.533	2100	2131	1575	1740	1437	2162
SP.Syn.Abst.534	1060	1106	633	1067	771	2040
SP.Syn.Abst.535	1636	3813	2408	1412	1719	1416
SP.Syn.Abst.536	1271	1809	1250	936	1012	497
SP.Syn.Abst.537	2088	784	793	1740	1055	2842
SP.Syn.Abst.538	1540	2330	1646	1198	1252	990
SP.Syn.Abst.539	3956	2121	2315	2705	2067	675
SP.Syn.Abst.540	5281	1653	2549	3556	2426	916
SP.Syn.Abst.541	1821	1685	1479	1252	1139	453
SP.Syn.Abst.542	2725	320	1010	1816	1162	682
SP.Syn.Abst.543	3115	3555	2826	2258	2182	1075
SP.Syn.Abst.544	1529	1867	1396	1120	1021	619
SP.Syn.Abst.545	1222	2545	1610	969	1190	1025
SP.Syn.Abst.546	2842	1436	1432	2079	1422	2390
SP.Syn.Abst.547	2730	796	1197	1887	1205	767
SP.Syn.Abst.548	1391	875	865	1003	822	640
SP.Syn.Abst.549	655	2679	1420	681	1034	1256
SP.Syn.Abst.550	1517	867	978	973	828	221
SP.Syn.Abst.551	1249	1679	968	1221	977	2992
SP.Syn.Abst.552	1503	4313	2625	1208	1752	616
SP.Syn.Abst.553	1054	1563	1087	781	761	788
SP.Syn.Abst.554	567	481	259	591	382	1203
SP.Syn.Abst.555	1720	2118	1574	1269	1303	591
SP.Syn.Abst.556	142	1633	796	195	504	929
SP.Syn.Abst.557	1791	2924	1913	1497	1544	1990
SP.Syn.Abst.558	1312	2235	1457	1210	1154	1791
SP.Syn.Abst.559	3675	1315	1841	2537	1749	646
SP.Syn.Abst.560	2665	873	1222	1792	1163	652
SP.Syn.Abst.561	1850	2790	2077	1220	1472	283
SP.Syn.Abst.562	1671	2572	1779	1303	1406	1182
SP.Syn.Abst.563	3751	1299	1918	2618	1778	813
SP.Syn.Abst.564	7161	1103	2892	4803	2954	847
SP.Syn.Abst.565	1894	5491	3443	1472	2299	229
SP.Syn.Abst.566	3357	4834	3439	2550	2646	1442
SP.Syn.Abst.567	1650	1052	957	1328	918	1361
SP.Syn.Abst.568	2284	1523	1515	1602	1334	393
SP.Syn.Abst.569	1608	1810	1448	1056	1087	166
SP.Syn.Abst.570	3342	888	1648	2227	1459	195
SP.Syn.Abst.571	1352	4543	2774	1035	1862	260
SP.Syn.Abst.572	1269	4595	2726	1107	1854	824
SP.Syn.Abst.573	1561	655	784	1036	787	544
SP.Syn.Abst.574	778	1525	980	630	791	585
SP.Syn.Abst.575	1299	3967	2444	1072	1649	577
SP.Syn.Abst.576	2586	3136	2498	1754	1835	320
SP.Syn.Abst.577	2264	2086	1881	1628	1433	704
SP.Syn.Abst.578	2516	1657	1701	1784	1420	575
SP.Syn.Abst.579	2444	585	1030	1725	1071	1163
SP.Syn.Abst.580	1989	3266	2154	1523	1714	1335
SP.Syn.Abst.581	1222	1205	951	922	844	622
SP.Syn.Abst.582	2561	751	1164	1747	1179	580
SP.Syn.Abst.583	1027	906	781	908	712	977
SP.Syn.Abst.584	1017	3185	2028	794	1307	0
SP.Syn.Abst.585	3229	1595	1668	2354	1670	1405
SP.Syn.Abst.586	1038	1372	496	1264	849	4680
SP.Syn.Abst.587	1830	2215	1663	1250	1346	454
SP.Syn.Abst.588	2321	1305	1406	1695	1244	683
SP.Syn.Abst.589	2040	1875	1479	1512	1267	1401
SP.Syn.Abst.590	1087	1532	931	999	878	2334
SP.Syn.Abst.591	880	761	503	736	542	740
SP.Syn.Abst.592	9515	2137	4060	6514	4154	2319
SP.Syn.Abst.593	1432	1051	1095	943	834	343
SP.Syn.Abst.594	3314	1080	1513	2365	1541	1137
SP.Syn.Abst.595	1780	1548	1347	1315	1086	910
SP.Syn.Abst.596	2085	1759	1586	1492	1253	427
SP.Syn.Abst.597	991	602	612	787	584	1201
SP.Syn.Abst.598	3342	1177	1659	2303	1532	544
SP.Syn.Abst.599	981	1568	987	805	781	1125
SP.Syn.Abst.600	906	1063	750	713	588	570
SP.Syn.Abst.601	1563	2495	1765	1235	1290	670
SP.Syn.Abst.602	2330	2884	2084	1897	1729	2152
SP.Syn.Abst.603	2414	855	997	1811	1133	1900
SP.Syn.Abst.604	122	1384	674	146	474	823
SP.Syn.Abst.605	1445	576	712	1002	705	629
SP.Syn.Abst.606	3221	2453	2263	2301	1890	373
SP.Syn.Abst.607	2728	3099	2361	1953	1882	1250
SP.Syn.Abst.608	1638	830	907	1131	915	347
SP.Syn.Abst.609	2535	1309	1451	1725	1251	556
SP.Syn.Abst.610	1081	2825	1689	901	1251	719
SP.Syn.Abst.611	4299	1118	1858	2912	1879	1012
SP.Syn.Abst.612	963	2647	1451	892	1149	1600
SP.Syn.Abst.613	2478	701	1088	1786	1112	1271
SP.Syn.Abst.614	150	2281	1269	216	714	73
SP.Syn.Abst.615	1934	2539	1884	1408	1451	1210
SP.Syn.Abst.616	786	1588	1046	611	769	545
SP.Syn.Abst.617	1036	1190	817	866	702	1359
SP.Syn.Abst.618	6544	25	2164	4275	2341	866
SP.Syn.Abst.619	3516	3554	2901	2628	2327	1397
SP.Syn.Abst.620	1709	2675	1860	1328	1325	1151
SP.Syn.Abst.621	1274	3256	1945	1208	1443	1322
SP.Syn.Abst.622	1486	2280	1687	1068	1185	567
SP.Syn.Abst.623	2706	2488	2111	1945	1728	733
SP.Syn.Abst.624	4626	1560	2160	3219	2187	1368
SP.Syn.Abst.625	187	2516	1272	254	852	853
SP.Syn.Abst.626	1821	2031	1578	1262	1211	327
SP.Syn.Abst.627	1334	439	548	966	638	1132
SP.Syn.Abst.628	1139	1096	682	1081	734	2199
SP.Syn.Abst.629	1626	1256	1054	1371	977	1729
SP.Syn.Abst.630	1390	1535	1235	1040	970	483
SP.Syn.Abst.631	4133	1476	2109	2796	1865	512
SP.Syn.Abst.632	147	2071	1124	218	629	299
SP.Syn.Abst.633	6271	1647	2921	4188	2807	501
SP.Syn.Abst.634	2450	3374	2460	1826	1850	977
SP.Syn.Abst.635	2555	316	1073	1665	1048	158
SP.Syn.Abst.636	1593	1478	1170	1168	1081	1229
SP.Syn.Abst.637	1215	2103	1431	979	1029	1176
SP.Syn.Abst.638	3046	1705	1848	2092	1580	392
SP.Syn.Abst.639	5110	1394	2390	3522	2324	964
SP.Syn.Abst.640	2823	1681	1707	1982	1563	780
SP.Syn.Abst.641	543	994	498	503	486	1248
SP.Syn.Abst.642	1412	0	62	975	422	479
SP.Syn.Abst.643	3289	1448	1501	2569	1715	2977
SP.Syn.Abst.644	2050	997	1264	1357	1027	112
SP.Syn.Abst.645	731	1101	751	714	671	1372
SP.Syn.Abst.646	1805	0	89	1225	522	523
SP.Syn.Abst.647	2558	2303	2030	1819	1618	661
SP.Syn.Abst.648	2626	2342	2051	1823	1627	584
SP.Syn.Abst.649	1246	1597	1135	1041	965	1070
SP.Syn.Abst.650	1817	1268	1184	1232	1019	298
SP.Syn.Abst.651	1511	2262	1557	1206	1192	1312
SP.Syn.Abst.652	2618	1974	1778	1896	1573	654
SP.Syn.Abst.653	1293	1289	1131	913	837	546
SP.Syn.Abst.654	3563	164	1266	2356	1357	542
SP.Syn.Abst.655	1544	2245	1625	1238	1299	758
SP.Syn.Abst.656	3889	306	1435	2573	1508	632
SP.Syn.Abst.657	1056	813	689	772	603	658
SP.Syn.Abst.658	5591	2112	2917	3796	2673	839
SP.Syn.Abst.659	1851	521	760	1415	865	976
SP.Syn.Abst.660	1006	1581	1020	826	806	1217
SP.Syn.Abst.661	1361	2683	1778	1071	1284	711
SP.Syn.Abst.662	5062	414	1878	3372	1976	417
SP.Syn.Abst.663	1744	2066	1460	1362	1283	1664
SP.Syn.Abst.664	1289	1752	1243	934	975	637
SP.Syn.Abst.665	1163	2109	1457	855	1062	360
SP.Syn.Abst.666	1255	1340	1141	804	883	230
SP.Syn.Abst.667	3261	929	1403	2374	1472	2213
SP.Syn.Abst.668	547	1228	725	535	518	242
SP.Syn.Abst.669	4246	2326	2609	2739	2213	466
SP.Syn.Abst.670	3075	284	1179	2136	1280	885
SP.Syn.Abst.671	2092	862	1165	1555	1030	816
SP.Syn.Abst.672	6547	834	2574	4373	2615	837
SP.Syn.Abst.673	2915	1436	1707	2060	1452	404
SP.Syn.Abst.674	2910	597	1289	1948	1215	516
SP.Syn.Abst.675	2588	1634	1725	1765	1347	448
SP.Syn.Abst.676	725	1868	1079	672	825	877
SP.Syn.Abst.677	2144	2713	1931	1619	1605	1118
SP.Syn.Abst.678	2977	4251	3194	2101	2404	105
SP.Syn.Abst.679	1980	2571	1868	1461	1453	893
SP.Syn.Abst.680	2218	1731	1507	1708	1431	931
SP.Syn.Abst.681	1608	2293	1705	1161	1265	499
SP.Syn.Abst.682	1166	2561	1673	969	1195	393
SP.Syn.Abst.683	1477	1448	1216	998	952	348
SP.Syn.Abst.684	1708	1605	1401	1193	1145	72
SP.Syn.Abst.685	2131	520	926	1497	943	669
SP.Syn.Abst.686	2239	4751	3106	1794	2250	375
SP.Syn.Abst.687	2530	1862	1609	1865	1470	1662
SP.Syn.Abst.688	1365	2586	1711	1165	1214	1300
SP.Syn.Abst.689	2239	3033	1716	2203	1739	5433
SP.Syn.Abst.690	2726	1723	1717	1909	1474	488
SP.Syn.Abst.691	6278	975	2490	4272	2489	1334
SP.Syn.Abst.692	1975	1155	1260	1338	1023	106
SP.Syn.Abst.693	804	1486	1044	662	742	126
SP.Syn.Abst.694	3674	1253	1478	2820	1740	3297
SP.Syn.Abst.695	3618	2794	2714	2525	2160	266
SP.Syn.Abst.696	2930	6035	3810	2329	2863	1987
SP.Syn.Abst.697	6658	0	1655	4456	2306	989
SP.Syn.Abst.698	4967	1925	2699	3382	2372	551
SP.Syn.Abst.699	2411	3067	2237	1767	1820	821
SP.Syn.Abst.700	1257	1225	989	953	869	372
SP.Syn.Abst.701	2793	1556	1540	2055	1473	929
SP.Syn.Abst.702	1419	890	822	1081	738	1006
SP.Syn.Abst.703	2101	812	983	1408	976	514
SP.Syn.Abst.704	878	3974	2250	883	1455	1149
SP.Syn.Abst.705	761	1378	748	763	726	1805
SP.Syn.Abst.706	931	2236	1403	771	1001	694
SP.Syn.Abst.707	724	1577	894	753	827	1374
SP.Syn.Abst.708	745	1655	994	587	739	466
SP.Syn.Abst.709	2341	4949	2858	2253	2333	4100
SP.Syn.Abst.710	4136	111	1295	2844	1540	1123
SP.Syn.Abst.711	2648	1328	1481	1821	1327	845
SP.Syn.Abst.712	2145	1863	1657	1500	1322	312
SP.Syn.Abst.713	2321	1397	1355	1757	1270	1841
SP.Syn.Abst.714	521	911	423	693	492	1901
SP.Syn.Abst.715	1703	2902	1908	1384	1495	1546
SP.Syn.Abst.716	2446	2753	2196	1804	1666	844
SP.Syn.Abst.717	3111	1712	1642	2442	1658	2493
SP.Syn.Abst.718	5536	257	1986	3694	2080	877
SP.Syn.Abst.719	1350	1105	1036	1017	865	300
SP.Syn.Abst.720	943	2079	1170	986	984	1567
SP.Syn.Abst.721	1379	2262	1541	1098	1173	915
SP.Syn.Abst.722	1987	2112	1761	1391	1348	84
SP.Syn.Abst.723	3084	2143	2050	2177	1727	637
SP.Syn.Abst.724	3269	1756	1957	2272	1693	572
SP.Syn.Abst.725	2498	2723	2177	1854	1676	941
SP.Syn.Abst.726	1707	1342	1151	1284	990	1333
SP.Syn.Abst.727	1386	1315	1105	983	932	276
SP.Syn.Abst.728	2281	2248	1901	1604	1428	629
SP.Syn.Abst.729	10459	0	3222	7040	3795	1195
SP.Syn.Abst.730	1143	1320	1095	829	780	369
SP.Syn.Abst.731	999	2835	1693	890	1185	809
SP.Syn.Abst.732	1575	1414	1195	1107	967	323
SP.Syn.Abst.733	1034	1435	1049	777	784	700
SP.Syn.Abst.734	854	4213	2439	683	1566	227
SP.Syn.Abst.735	514	1007	589	581	496	1365
SP.Syn.Abst.736	4586	1035	1934	3243	1983	1055
SP.Syn.Abst.737	2303	1864	1711	1714	1367	835
SP.Syn.Abst.738	1848	1100	1090	1335	1031	950
SP.Syn.Abst.739	3706	1649	1766	2856	1835	2995
SP.Syn.Abst.740	1436	3056	1893	1272	1447	1712
SP.Syn.Abst.741	1401	1507	1212	969	946	334
SP.Syn.Abst.742	2317	265	820	1677	928	1289
SP.Syn.Abst.743	3204	1604	1851	2220	1656	895
SP.Syn.Abst.744	2607	4188	2854	1988	2228	1658
SP.Syn.Abst.745	1456	2622	1573	1376	1340	2261
SP.Syn.Abst.746	2147	5082	3310	1687	2298	250
SP.Syn.Abst.747	1702	2416	1829	1288	1342	58
SP.Syn.Abst.748	1608	2248	1644	1311	1310	733
SP.Syn.Abst.749	1684	0	14	1198	559	957
SP.Syn.Abst.750	1039	2416	1467	835	1121	965
SP.Syn.Abst.751	1678	681	693	1336	782	2065
SP.Syn.Abst.752	1072	1129	865	957	794	685
SP.Syn.Abst.753	2107	963	1104	1379	1019	477
SP.Syn.Abst.754	5842	704	2318	3888	2341	661
SP.Syn.Abst.755	1517	3571	2214	1142	1578	849
SP.Syn.Abst.756	2295	2233	1792	1751	1522	1231
SP.Syn.Abst.757	1255	837	810	895	679	462
SP.Syn.Abst.758	822	2268	1404	717	983	1079
SP.Syn.Abst.759	2906	1589	1625	2158	1573	1905
SP.Syn.Abst.760	116	1111	539	129	318	563
SP.Syn.Abst.761	5043	1525	2429	3347	2321	284
SP.Syn.Abst.762	5860	1070	2505	3888	2446	456
SP.Syn.Abst.763	3117	2459	2215	2225	1778	1042
SP.Syn.Abst.764	80	1375	750	135	465	122
SP.Syn.Abst.765	2218	2698	2106	1584	1549	720
SP.Syn.Abst.766	1415	2194	1574	1077	1189	813
SP.Syn.Abst.767	534	771	230	822	520	3074
SP.Syn.Abst.768	1283	2499	1503	1181	1209	1995
SP.Syn.Abst.769	1795	1923	1583	1186	1170	284
SP.Syn.Abst.770	990	2932	1781	829	1208	927
SP.Syn.Abst.771	3204	5306	3841	2297	2699	396
SP.Syn.Abst.772	1008	1926	1372	718	915	493
SP.Syn.Abst.773	2915	2006	1858	2092	1665	1638
SP.Syn.Abst.774	1433	1676	1150	1166	1031	1355
SP.Syn.Abst.775	1573	3532	2327	1110	1522	24
SP.Syn.Abst.776	1594	1523	1201	1166	1022	661
SP.Syn.Abst.777	1439	614	729	957	744	330
SP.Syn.Abst.778	3818	1302	1948	2622	1809	503
SP.Syn.Abst.779	1591	1130	1043	1128	870	602
SP.Syn.Abst.780	3656	1356	1921	2556	1757	708
SP.Syn.Abst.781	2219	8069	4041	2687	3275	7337
SP.Syn.Abst.782	366	1430	552	735	611	2460
SP.Syn.Abst.783	5630	86	1708	3900	2120	1804
SP.Syn.Abst.784	1597	2728	1791	1197	1384	923
SP.Syn.Abst.785	1192	4880	2847	1018	1899	505
SP.Syn.Abst.786	3244	1061	1543	2310	1518	971
SP.Syn.Abst.787	885	2496	1521	736	1040	199
SP.Syn.Abst.788	4540	819	1834	3120	1860	929
SP.Syn.Abst.789	3707	4317	3400	2566	2605	335
SP.Syn.Abst.790	94	1342	548	295	425	1896
SP.Syn.Abst.791	2986	1463	1683	2112	1514	1298
SP.Syn.Abst.792	3161	793	1504	2186	1349	508
SP.Syn.Abst.793	1590	6208	3589	1375	2360	758
SP.Syn.Abst.794	4727	664	1875	3153	1919	530
SP.Syn.Abst.795	3171	2314	2002	2356	1829	2194
SP.Syn.Abst.796	4425	2238	2456	3208	2305	1836
SP.Syn.Abst.797	1453	1001	1003	1016	824	684
SP.Syn.Abst.798	1860	1761	1094	1800	1167	4605
SP.Syn.Abst.799	204	2622	1262	256	832	520
SP.Syn.Abst.800	1481	3678	2281	1149	1627	1029
SP.Syn.Abst.801	1955	357	784	1329	883	499
SP.Syn.Abst.802	1494	1938	1474	1126	1173	437
SP.Syn.Abst.803	1740	1712	1500	1285	1131	732
SP.Syn.Abst.804	2381	882	1127	1635	1161	589
SP.Syn.Abst.805	1312	1901	1497	1011	1049	328
SP.Syn.Abst.806	3122	4291	3200	2206	2374	734
SP.Syn.Abst.807	3108	758	1309	2244	1381	1230
SP.Syn.Abst.808	1363	1215	1128	913	870	310
SP.Syn.Abst.809	3395	816	1499	2257	1460	589
SP.Syn.Abst.810	3672	860	1500	2688	1591	1977
SP.Syn.Abst.811	3007	1630	1760	2104	1544	634
SP.Syn.Abst.812	1340	968	935	1041	750	1031
SP.Syn.Abst.813	4518	372	1599	2969	1715	1027
SP.Syn.Abst.814	2431	1550	1559	1680	1383	389
SP.Syn.Abst.815	2969	2116	1952	2197	1689	1129
SP.Syn.Abst.816	3096	579	1250	2103	1290	778
SP.Syn.Abst.817	2936	1718	1811	1952	1589	292
SP.Syn.Abst.818	2043	353	711	1501	818	984
SP.Syn.Abst.819	4026	1602	2177	2773	1981	612
SP.Syn.Abst.820	3197	1536	1470	2585	1701	2909
SP.Syn.Abst.821	998	2958	1770	805	1194	640
SP.Syn.Abst.822	1353	4260	2548	1167	1749	624
SP.Syn.Abst.823	1813	421	788	1256	837	221
SP.Syn.Abst.824	2746	2171	1953	1956	1693	379
SP.Syn.Abst.825	1655	1088	1048	1201	888	545
SP.Syn.Abst.826	1666	1774	1226	1376	1183	1727
SP.Syn.Abst.827	4287	714	1791	2907	1748	528
SP.Syn.Abst.828	1343	1327	972	1046	898	1263
SP.Syn.Abst.829	2965	1708	1754	2166	1619	1244
SP.Syn.Abst.830	1237	2046	1387	919	1091	501
SP.Syn.Abst.831	1386	2473	1667	1099	1270	719
SP.Syn.Abst.832	4625	2517	2374	3615	2437	4894
SP.Syn.Abst.833	2661	1949	1852	1912	1572	787
SP.Syn.Abst.834	2299	5987	3684	1778	2600	875
SP.Syn.Abst.835	1767	4876	3037	1426	2084	772
SP.Syn.Abst.836	1221	738	585	987	751	1065
SP.Syn.Abst.837	3753	971	1742	2598	1677	214
SP.Syn.Abst.838	2289	820	1077	1651	1081	513
SP.Syn.Abst.839	6082	795	2326	4103	2459	946
SP.Syn.Abst.840	2206	3406	2365	1636	1844	818
SP.Syn.Abst.841	980	2435	1432	932	1131	1444
SP.Syn.Abst.842	1963	970	1029	1482	1008	957
SP.Syn.Abst.843	2625	5897	3820	2018	2716	1052
SP.Syn.Abst.844	551	2724	1657	575	1030	605
SP.Syn.Abst.845	1455	1226	1087	984	902	67
SP.Syn.Abst.846	1626	2319	1419	1540	1273	2379
SP.Syn.Abst.847	2358	3181	2360	1591	1770	197
SP.Syn.Abst.848	2067	620	963	1410	898	414
SP.Syn.Abst.849	1899	1718	1521	1336	1206	84
SP.Syn.Abst.850	1030	431	494	832	489	681
SP.Syn.Abst.851	883	1896	1195	802	883	1146
SP.Syn.Abst.852	3038	4733	3370	2220	2540	1190
SP.Syn.Abst.853	2667	972	1341	1775	1234	371
SP.Syn.Abst.854	4254	672	1399	3173	1817	3376
SP.Syn.Abst.855	4476	1921	2477	2888	2195	243
SP.Syn.Abst.856	2495	2803	2276	1808	1776	162
SP.Syn.Abst.857	1096	3381	1636	1376	1510	3472
SP.Syn.Abst.858	679	1477	926	662	674	905
SP.Syn.Abst.859	1618	1877	1137	1638	1240	3598
SP.Syn.Abst.860	1198	2904	1615	1274	1294	2634
SP.Syn.Abst.861	2768	2280	1965	1996	1674	1044
SP.Syn.Abst.862	817	2047	1211	652	863	317
SP.Syn.Abst.863	148	2721	1426	304	925	508
SP.Syn.Abst.864	165	1933	970	228	553	660
SP.Syn.Abst.865	1209	726	669	942	711	1061
SP.Syn.Abst.866	2709	1075	1427	1930	1267	393
SP.Syn.Abst.867	1036	3123	1957	854	1275	579
SP.Syn.Abst.868	2518	553	1006	1684	1057	537
SP.Syn.Abst.869	4811	973	1895	3423	2094	2100
SP.Syn.Abst.870	913	574	583	607	471	239
SP.Syn.Abst.871	4465	445	1690	3032	1802	746
SP.Syn.Abst.872	1498	1123	981	1103	879	575
SP.Syn.Abst.873	1356	1029	882	1073	847	742
SP.Syn.Abst.874	3460	1213	1758	2279	1560	467
SP.Syn.Abst.875	2855	504	1194	1987	1241	537
SP.Syn.Abst.876	2456	1285	1448	1835	1272	993
SP.Syn.Abst.877	1069	1241	960	800	732	278
SP.Syn.Abst.878	6433	964	2555	4322	2714	962
SP.Syn.Abst.879	3377	286	1163	2377	1341	1605
SP.Syn.Abst.880	1255	2892	1665	1072	1325	1826
SP.Syn.Abst.881	1163	883	708	926	685	1041
SP.Syn.Abst.882	973	2369	1354	1008	1083	1937
SP.Syn.Abst.883	6786	1166	2825	4555	2857	1217
SP.Syn.Abst.884	2803	1300	1531	1897	1401	921
SP.Syn.Abst.885	1871	4756	3016	1522	2085	722
SP.Syn.Abst.886	6115	652	2224	4222	2526	1943
SP.Syn.Abst.887	1709	2012	1630	1211	1231	453
SP.Syn.Abst.888	5138	1071	2195	3480	2252	1054
SP.Syn.Abst.889	1387	1405	998	1052	903	925
SP.Syn.Abst.890	1572	1792	1468	1126	1146	311
SP.Syn.Abst.891	5558	1154	2445	3699	2367	755
SP.Syn.Abst.892	1597	1412	1203	1093	932	489
SP.Syn.Abst.893	1586	3307	2210	1145	1531	29
SP.Syn.Abst.894	1069	917	812	668	624	201
SP.Syn.Abst.895	1338	1213	962	993	819	693
SP.Syn.Abst.896	2998	3021	2518	2171	1970	687
SP.Syn.Abst.897	5506	1663	2727	3750	2487	649
SP.Syn.Abst.898	17	709	306	198	262	1084
SP.Syn.Abst.899	1696	2525	1838	1198	1338	272
SP.Syn.Abst.900	2275	337	795	1619	932	535
SP.Syn.Abst.901	750	1633	928	764	786	1511
SP.Syn.Abst.902	1429	1838	1348	1070	1088	236
SP.Syn.Abst.903	2256	839	1013	1726	1143	1673
SP.Syn.Abst.904	1114	2877	1718	950	1272	1829
SP.Syn.Abst.905	1394	1297	1096	1071	948	472
SP.Syn.Abst.906	3033	4849	3600	2141	2493	317
SP.Syn.Abst.907	1144	1473	1027	888	826	1067
SP.Syn.Abst.908	1532	3159	1922	1345	1525	1732
SP.Syn.Abst.909	3621	1586	2040	2485	1801	319
SP.Syn.Abst.910	1027	2508	1542	781	1037	999
SP.Syn.Abst.911	802	1722	1165	609	836	221
SP.Syn.Abst.912	6383	1344	2382	4699	2742	4327
SP.Syn.Abst.913	226	3888	1860	580	1261	2045
SP.Syn.Abst.914	2035	1785	1557	1391	1237	406
SP.Syn.Abst.915	1316	3810	2269	972	1569	603
SP.Syn.Abst.916	4096	2209	2489	2774	2165	393
SP.Syn.Abst.917	919	2113	1389	650	949	540
SP.Syn.Abst.918	2097	1371	1334	1546	1254	1017
SP.Syn.Abst.919	1183	3396	2005	1022	1397	1206
SP.Syn.Abst.920	1906	799	1005	1201	919	109
SP.Syn.Abst.921	3835	954	1699	2658	1743	673
SP.Syn.Abst.922	2128	1602	1343	1712	1286	1398
SP.Syn.Abst.923	2136	1069	999	1703	1152	2203
SP.Syn.Abst.924	208	3151	1571	337	1005	582
SP.Syn.Abst.925	1574	1844	1428	1131	1118	333
SP.Syn.Abst.926	3006	3085	2595	2059	1999	127
SP.Syn.Abst.927	4032	4152	3402	2784	2721	508
SP.Syn.Abst.928	7046	1969	3331	4659	3075	811
SP.Syn.Abst.929	1035	1129	812	757	690	818
SP.Syn.Abst.930	1574	7660	4228	1618	2784	2556
SP.Syn.Abst.931	1230	1066	802	1045	794	1517
SP.Syn.Abst.932	3028	2360	2210	2066	1729	511
SP.Syn.Abst.933	2928	1546	1739	2018	1463	518
SP.Syn.Abst.934	1717	4781	3024	1242	2049	221
SP.Syn.Abst.935	1545	741	840	1047	766	876
SP.Syn.Abst.936	6270	1644	2937	4283	2801	899
SP.Syn.Abst.937	1753	1329	1311	1265	1076	425
SP.Syn.Abst.938	1777	1360	1340	1245	1042	620
SP.Syn.Abst.939	1427	1347	1152	1066	955	698
SP.Syn.Abst.940	2591	1724	1746	1796	1488	740
SP.Syn.Abst.941	3589	614	1446	2420	1490	983
SP.Syn.Abst.942	125	1837	939	242	555	744
SP.Syn.Abst.943	2433	738	1087	1665	1081	860
SP.Syn.Abst.944	1869	1865	1510	1383	1221	597
SP.Syn.Abst.945	1103	1837	1264	817	921	710
SP.Syn.Abst.946	1009	1179	831	798	736	760
SP.Syn.Abst.947	610	813	549	576	482	836
SP.Syn.Abst.948	6044	0	1733	4129	2175	1761
SP.Syn.Abst.949	142	1839	881	255	598	1299
SP.Syn.Abst.950	645	2060	1207	566	831	433
SP.Syn.Abst.951	1116	2697	1623	853	1156	1118
SP.Syn.Abst.952	3170	1428	1697	2117	1508	754
SP.Syn.Abst.953	3890	198	1296	2683	1477	1171
SP.Syn.Abst.954	2124	1349	1360	1419	1190	96
SP.Syn.Abst.955	1578	2270	1745	1046	1215	382
SP.Syn.Abst.956	2661	2164	1827	1972	1599	1587
SP.Syn.Abst.957	1554	3546	2264	1278	1601	1465
SP.Syn.Abst.958	1591	620	751	1119	758	935
SP.Syn.Abst.959	2725	1214	1368	2087	1390	1402
SP.Syn.Abst.960	1242	657	760	858	672	422
SP.Syn.Abst.961	6162	1333	2660	4144	2604	1234
SP.Syn.Abst.962	250	3311	1706	327	1041	617
SP.Syn.Abst.963	4726	318	1568	3413	1852	2167
SP.Syn.Abst.964	2259	5835	3648	1829	2568	1171
SP.Syn.Abst.965	3632	3531	2985	2578	2340	560
SP.Syn.Abst.966	3221	566	1305	2135	1343	328
SP.Syn.Abst.967	2004	4067	2788	1470	1958	262
SP.Syn.Abst.968	1266	1387	1013	1037	890	1120
SP.Syn.Abst.969	2217	2496	1924	1691	1554	1025
SP.Syn.Abst.970	1009	1900	1058	1065	966	2630
SP.Syn.Abst.971	3486	3413	2823	2613	2291	1419
SP.Syn.Abst.972	118	1377	646	153	456	688
SP.Syn.Abst.973	2109	3131	2160	1727	1674	1750
SP.Syn.Abst.974	1536	1116	1035	1111	961	567
SP.Syn.Abst.975	1207	820	802	932	695	723
SP.Syn.Abst.976	1193	3390	1924	1177	1464	2478
SP.Syn.Abst.977	2887	1498	1708	2000	1444	362
SP.Syn.Abst.978	1929	1395	1170	1444	1154	1374
SP.Syn.Abst.979	2340	5214	3323	1732	2348	1329
SP.Syn.Abst.980	3276	1101	1630	2169	1536	514
SP.Syn.Abst.981	1629	1538	1154	1353	1049	1534
SP.Syn.Abst.982	3689	156	1258	2511	1411	526
SP.Syn.Abst.983	4398	1106	1998	2917	1923	601
SP.Syn.Abst.984	2429	1105	1349	1789	1230	978
SP.Syn.Abst.985	3721	2610	2553	2538	2126	428
SP.Syn.Abst.986	1443	2674	1730	1083	1357	558
SP.Syn.Abst.987	3526	2624	2503	2487	2069	703
SP.Syn.Abst.988	2665	1236	1428	1925	1337	1136
SP.Syn.Abst.989	1938	0	113	1285	551	308
SP.Syn.Abst.990	3649	1704	1942	2577	1854	1173
SP.Syn.Abst.991	1845	1929	1473	1460	1250	1236
SP.Syn.Abst.992	1265	838	814	914	717	644
SP.Syn.Abst.993	1148	2471	1456	1021	1141	1242
SP.Syn.Abst.994	2461	2201	1835	1787	1546	867
SP.Syn.Abst.995	1726	1657	1328	1196	1179	429
SP.Syn.Abst.996	2588	2857	2303	1819	1739	667
SP.Syn.Abst.997	1586	1268	1143	1256	983	1079
SP.Syn.Abst.998	1150	1989	1338	944	1014	679
SP.Syn.Abst.999	1370	1094	690	1151	840	2309
SP.Syn.Abst.1000	3902	305	1488	2559	1492	591
