Samples	SBS96A	SBS96B	SBS96C	SBS96D	SBS96E	SBS96F
SP.Syn.Abst.1	9.07E+01	7.22E+01	7.64E+01	8.89E+01	7.57E+01	2.66E+01
SP.Syn.Abst.2	1.05E+02	6.07E+01	6.21E+01	8.14E+01	7.39E+01	1.85E+01
SP.Syn.Abst.3	9.85E+01	5.74E+01	7.38E+01	8.84E+01	7.49E+01	2.38E+01
SP.Syn.Abst.4	6.27E+01	8.32E+01	8.75E+01	6.46E+01	4.61E+01	2.20E+01
SP.Syn.Abst.5	1.10E+02	8.26E+01	1.03E+02	1.14E+02	7.93E+01	2.97E+01
SP.Syn.Abst.6	7.47E+01	1.01E+02	1.20E+02	5.76E+01	7.92E+01	2.84E+01
SP.Syn.Abst.7	1.09E+02	8.55E+01	7.89E+01	7.65E+01	7.78E+01	2.96E+01
SP.Syn.Abst.8	9.08E+01	5.78E+01	5.15E+01	5.83E+01	6.64E+01	1.59E+01
SP.Syn.Abst.9	3.88E+01	6.43E+01	7.46E+01	4.51E+01	5.98E+01	2.86E+01
SP.Syn.Abst.10	1.44E+02	1.34E+02	1.83E+02	1.39E+02	1.32E+02	4.23E+01
SP.Syn.Abst.11	1.16E+02	5.97E+01	8.75E+01	9.79E+01	7.46E+01	1.92E+01
SP.Syn.Abst.12	1.01E+02	1.09E+02	1.35E+02	9.54E+01	7.77E+01	4.26E+01
SP.Syn.Abst.13	1.67E+02	9.58E+01	9.86E+01	1.47E+02	8.95E+01	2.96E+01
SP.Syn.Abst.14	1.71E+02	1.23E+02	1.35E+02	1.65E+02	1.21E+02	2.55E+01
SP.Syn.Abst.15	1.04E+02	6.18E+01	6.96E+01	8.10E+01	7.46E+01	3.15E+01
SP.Syn.Abst.16	9.09E+01	1.32E+02	1.45E+02	9.51E+01	9.05E+01	2.32E+01
SP.Syn.Abst.17	1.67E+02	1.89E+02	1.56E+02	1.75E+02	1.79E+02	7.81E+01
SP.Syn.Abst.18	1.03E+02	1.49E+02	1.53E+02	1.27E+02	1.13E+02	4.21E+01
SP.Syn.Abst.19	1.21E+02	1.20E+02	1.33E+02	1.02E+02	1.18E+02	2.90E+01
SP.Syn.Abst.20	7.85E+01	5.88E+01	7.86E+01	7.97E+01	5.30E+01	2.32E+01
SP.Syn.Abst.21	1.46E+02	7.40E+01	8.64E+01	1.45E+02	8.99E+01	2.12E+01
SP.Syn.Abst.22	1.49E+02	8.69E+01	1.00E+02	1.12E+02	8.46E+01	2.26E+01
SP.Syn.Abst.23	1.22E+02	9.41E+01	9.40E+01	1.07E+02	8.73E+01	2.57E+01
SP.Syn.Abst.24	2.36E+02	8.55E+01	1.37E+02	1.73E+02	1.72E+02	3.56E+01
SP.Syn.Abst.25	1.15E+02	1.07E+02	1.44E+02	1.23E+02	1.44E+02	3.41E+01
SP.Syn.Abst.26	6.50E+01	1.57E+02	2.17E+02	1.08E+02	1.41E+02	2.31E+01
SP.Syn.Abst.27	1.30E+02	8.50E+01	8.27E+01	9.61E+01	8.94E+01	3.01E+01
SP.Syn.Abst.28	1.26E+02	6.77E+01	6.46E+01	1.18E+02	9.93E+01	2.42E+01
SP.Syn.Abst.29	1.07E+02	1.42E+02	1.26E+02	1.17E+02	1.17E+02	6.20E+01
SP.Syn.Abst.30	4.33E+01	1.59E+02	1.76E+02	8.58E+01	1.16E+02	1.45E+01
SP.Syn.Abst.31	1.41E+02	3.00E+02	3.86E+02	1.80E+02	2.43E+02	4.25E+01
SP.Syn.Abst.32	1.38E+02	2.05E+02	2.03E+02	1.68E+02	1.69E+02	3.79E+01
SP.Syn.Abst.33	1.05E+02	1.44E+02	1.52E+02	1.03E+02	1.04E+02	1.22E+01
SP.Syn.Abst.34	3.12E+02	1.64E+02	2.04E+02	2.41E+02	1.61E+02	3.97E+01
SP.Syn.Abst.35	1.52E+02	7.99E+01	8.67E+01	1.08E+02	9.27E+01	4.53E+01
SP.Syn.Abst.36	1.42E+02	1.19E+02	1.30E+02	1.13E+02	1.19E+02	5.32E+01
SP.Syn.Abst.37	9.45E+01	1.01E+02	1.06E+02	9.57E+01	8.17E+01	2.02E+01
SP.Syn.Abst.38	1.59E+02	1.10E+02	1.19E+02	1.25E+02	1.37E+02	2.09E+01
SP.Syn.Abst.39	1.57E+02	1.56E+02	1.62E+02	1.28E+02	1.02E+02	3.35E+01
SP.Syn.Abst.40	1.06E+02	1.12E+02	1.28E+02	8.61E+01	8.97E+01	2.31E+01
SP.Syn.Abst.41	9.49E+01	8.78E+01	1.09E+02	7.55E+01	9.28E+01	2.64E+01
SP.Syn.Abst.42	5.53E+01	7.48E+00	3.72E+01	4.42E+01	4.78E+01	1.74E+01
SP.Syn.Abst.43	1.46E+02	7.55E+01	1.14E+02	1.25E+02	7.33E+01	2.43E+01
SP.Syn.Abst.44	1.83E+02	9.34E+01	1.09E+02	1.54E+02	1.40E+02	2.32E+01
SP.Syn.Abst.45	3.04E+02	8.29E+01	1.72E+02	2.38E+02	1.82E+02	4.60E+01
SP.Syn.Abst.46	7.08E+01	6.98E+01	5.42E+01	8.84E+01	7.36E+01	2.45E+01
SP.Syn.Abst.47	9.07E+01	8.23E+01	8.09E+01	1.02E+02	9.11E+01	2.37E+01
SP.Syn.Abst.48	1.38E+02	7.72E+01	1.07E+02	1.39E+02	7.85E+01	3.58E+01
SP.Syn.Abst.49	6.07E+01	6.12E+01	6.96E+01	7.53E+01	6.44E+01	2.99E+01
SP.Syn.Abst.50	1.39E+02	9.89E+01	7.84E+01	1.28E+02	1.02E+02	2.68E+01
SP.Syn.Abst.51	6.57E+01	1.15E+02	1.34E+02	8.92E+01	1.01E+02	2.19E+01
SP.Syn.Abst.52	1.40E+02	1.25E+02	1.27E+02	1.50E+02	1.14E+02	3.43E+01
SP.Syn.Abst.53	1.41E+02	7.85E+01	9.68E+01	1.25E+02	1.06E+02	4.12E+01
SP.Syn.Abst.54	1.48E+02	9.07E+01	9.14E+01	1.30E+02	8.99E+01	2.54E+01
SP.Syn.Abst.55	8.66E+01	1.06E+02	1.30E+02	8.52E+01	9.74E+01	5.58E+01
SP.Syn.Abst.56	1.22E+02	1.62E+02	1.97E+02	1.28E+02	1.21E+02	2.65E+01
SP.Syn.Abst.57	1.91E+02	7.63E+01	9.92E+01	1.33E+02	1.30E+02	3.42E+01
SP.Syn.Abst.58	1.22E+02	1.30E+02	1.38E+02	9.83E+01	1.27E+02	2.92E+01
SP.Syn.Abst.59	9.60E+01	1.50E+02	2.31E+02	1.50E+02	1.83E+02	6.53E+01
SP.Syn.Abst.60	1.64E+02	8.29E+01	7.96E+01	1.37E+02	9.90E+01	3.16E+01
SP.Syn.Abst.61	1.09E+02	1.73E+02	2.05E+02	1.15E+02	1.36E+02	2.94E+01
SP.Syn.Abst.62	1.26E+02	1.01E+02	1.28E+02	1.34E+02	9.67E+01	4.32E+01
SP.Syn.Abst.63	1.79E+02	7.65E+01	1.07E+02	1.54E+02	1.08E+02	2.07E+01
SP.Syn.Abst.64	9.74E+01	1.72E+02	1.88E+02	1.07E+02	1.45E+02	2.76E+01
SP.Syn.Abst.65	1.22E+02	6.08E+01	7.93E+01	7.40E+01	7.60E+01	2.21E+01
SP.Syn.Abst.66	1.17E+02	6.92E+01	6.85E+01	1.16E+02	7.56E+01	1.77E+01
SP.Syn.Abst.67	1.59E+02	7.46E+01	8.64E+01	1.43E+02	8.10E+01	2.39E+01
SP.Syn.Abst.68	1.50E+02	3.45E+02	4.34E+02	2.14E+02	2.87E+02	2.37E+01
SP.Syn.Abst.69	2.13E+02	1.42E+02	1.49E+02	2.01E+02	7.85E+01	3.58E+01
SP.Syn.Abst.70	1.18E+02	7.77E+01	6.60E+01	1.10E+02	6.58E+01	1.73E+01
SP.Syn.Abst.71	1.20E+02	1.13E+02	1.20E+02	9.20E+01	7.93E+01	3.77E+01
SP.Syn.Abst.72	3.59E+02	1.28E+02	1.59E+02	3.09E+02	2.01E+02	3.92E+01
SP.Syn.Abst.73	7.61E+01	6.82E+01	8.06E+01	8.10E+01	4.83E+01	2.28E+01
SP.Syn.Abst.74	9.65E+01	1.14E+02	1.05E+02	9.93E+01	8.76E+01	3.94E+01
SP.Syn.Abst.75	1.64E+02	9.97E+01	1.25E+02	1.35E+02	8.93E+01	2.95E+01
SP.Syn.Abst.76	8.96E+01	1.42E+02	1.71E+02	1.12E+02	1.05E+02	2.47E+01
SP.Syn.Abst.77	9.85E+01	1.12E+02	1.10E+02	1.06E+02	9.49E+01	2.10E+01
SP.Syn.Abst.78	1.05E+02	1.25E+02	1.42E+02	1.06E+02	1.15E+02	2.69E+01
SP.Syn.Abst.79	2.43E+02	1.16E+02	1.39E+02	2.11E+02	1.18E+02	3.30E+01
SP.Syn.Abst.80	1.62E+02	2.08E+02	1.99E+02	1.62E+02	1.39E+02	1.78E+01
SP.Syn.Abst.81	1.14E+02	7.81E+01	8.74E+01	9.29E+01	8.73E+01	2.65E+01
SP.Syn.Abst.82	5.34E+01	1.29E+02	1.36E+02	7.28E+01	1.03E+02	1.63E+01
SP.Syn.Abst.83	1.57E+02	8.63E+01	8.43E+01	1.33E+02	8.46E+01	3.03E+01
SP.Syn.Abst.84	1.02E+02	6.29E+01	7.27E+01	7.93E+01	7.10E+01	1.91E+01
SP.Syn.Abst.85	1.11E+02	1.25E+02	1.28E+02	1.11E+02	1.08E+02	5.03E+01
SP.Syn.Abst.86	1.39E+02	9.50E+01	1.24E+02	9.77E+01	7.70E+01	2.80E+01
SP.Syn.Abst.87	2.36E+02	9.20E+01	1.03E+02	1.93E+02	1.51E+02	3.65E+01
SP.Syn.Abst.88	2.57E+02	1.30E+02	1.49E+02	2.13E+02	1.31E+02	2.94E+01
SP.Syn.Abst.89	3.25E+02	1.08E+02	1.31E+02	2.53E+02	2.37E+02	3.20E+01
SP.Syn.Abst.90	5.41E+01	8.60E+01	8.27E+01	6.47E+01	6.56E+01	2.56E+01
SP.Syn.Abst.91	7.17E+01	6.00E+01	5.69E+01	7.21E+01	8.10E+01	2.10E+01
SP.Syn.Abst.92	6.51E+01	7.73E+01	7.51E+01	8.90E+01	7.45E+01	2.13E+01
SP.Syn.Abst.93	6.34E+01	4.99E+01	6.13E+01	7.25E+01	5.67E+01	2.61E+01
SP.Syn.Abst.94	1.19E+02	7.49E+01	7.82E+01	9.85E+01	7.09E+01	2.76E+01
SP.Syn.Abst.95	2.12E+02	1.84E+02	1.91E+02	1.82E+02	1.59E+02	3.99E+01
SP.Syn.Abst.96	8.30E+01	8.64E+01	9.20E+01	9.52E+01	9.85E+01	3.85E+01
SP.Syn.Abst.97	1.22E+02	8.02E+01	9.56E+01	1.22E+02	8.72E+01	1.94E+01
SP.Syn.Abst.98	1.62E+02	1.73E+02	1.65E+02	1.33E+02	1.31E+02	2.52E+01
SP.Syn.Abst.99	1.43E+02	1.01E+02	1.03E+02	1.30E+02	8.08E+01	2.98E+01
SP.Syn.Abst.100	2.03E+02	8.26E+01	1.12E+02	1.66E+02	1.25E+02	2.42E+01
SP.Syn.Abst.101	8.99E+01	8.59E+01	7.55E+01	1.16E+02	8.69E+01	3.96E+01
SP.Syn.Abst.102	6.39E+01	9.12E+01	9.44E+01	5.64E+01	7.71E+01	3.55E+01
SP.Syn.Abst.103	1.32E+02	1.13E+02	1.07E+02	1.01E+02	8.93E+01	2.92E+01
SP.Syn.Abst.104	1.19E+02	9.81E+01	9.68E+01	1.15E+02	8.54E+01	1.45E+01
SP.Syn.Abst.105	1.90E+02	1.07E+02	9.51E+01	1.45E+02	1.17E+02	3.33E+01
SP.Syn.Abst.106	2.15E+01	6.92E+01	8.65E+01	3.84E+01	6.02E+01	1.73E+01
SP.Syn.Abst.107	1.20E+02	1.00E+02	1.14E+02	9.70E+01	9.65E+01	2.01E+01
SP.Syn.Abst.108	1.95E+01	6.88E+01	6.95E+01	2.93E+01	6.05E+01	1.79E+01
SP.Syn.Abst.109	8.51E+01	8.00E+01	9.23E+01	7.64E+01	9.63E+01	1.41E+01
SP.Syn.Abst.110	8.13E+01	1.54E+02	1.99E+02	1.13E+02	1.65E+02	2.26E+01
SP.Syn.Abst.111	1.28E+02	9.59E+01	1.22E+02	1.35E+02	7.57E+01	2.77E+01
SP.Syn.Abst.112	9.18E+01	9.29E+01	7.91E+01	6.49E+01	9.14E+01	3.71E+01
SP.Syn.Abst.113	8.54E+01	1.01E+02	1.18E+02	9.93E+01	8.07E+01	3.30E+01
SP.Syn.Abst.114	1.23E+02	8.58E+01	1.00E+02	1.15E+02	8.97E+01	2.58E+01
SP.Syn.Abst.115	1.28E+02	9.29E+01	1.07E+02	1.25E+02	7.32E+01	2.74E+01
SP.Syn.Abst.116	6.61E+01	9.67E+01	1.08E+02	8.37E+01	6.84E+01	3.14E+01
SP.Syn.Abst.117	1.91E+02	8.42E+01	1.05E+02	1.39E+02	1.23E+02	3.25E+01
SP.Syn.Abst.118	6.59E+01	1.01E+02	1.21E+02	7.23E+01	9.83E+01	2.21E+01
SP.Syn.Abst.119	1.38E+02	1.06E+02	1.02E+02	1.12E+02	6.99E+01	3.77E+01
SP.Syn.Abst.120	1.13E+02	9.22E+01	1.09E+02	1.10E+02	7.54E+01	2.50E+01
SP.Syn.Abst.121	2.78E+02	1.42E+02	1.56E+02	2.18E+02	1.22E+02	3.72E+01
SP.Syn.Abst.122	3.68E+01	8.04E+01	9.43E+01	5.68E+01	9.63E+01	3.05E+01
SP.Syn.Abst.123	1.02E+02	1.22E+02	1.13E+02	1.10E+02	1.03E+02	4.90E+01
SP.Syn.Abst.124	8.23E+01	1.40E+02	1.65E+02	1.24E+02	1.48E+02	2.74E+01
SP.Syn.Abst.125	2.66E+02	1.68E+02	2.02E+02	1.71E+02	1.60E+02	4.56E+01
SP.Syn.Abst.126	1.80E+02	1.15E+02	1.11E+02	1.57E+02	1.71E+02	2.81E+01
SP.Syn.Abst.127	2.25E+02	8.93E+01	1.18E+02	1.66E+02	1.04E+02	3.22E+01
SP.Syn.Abst.128	5.70E+01	8.94E+01	8.57E+01	8.51E+01	8.03E+01	1.93E+01
SP.Syn.Abst.129	6.91E+01	7.54E+01	7.70E+01	5.74E+01	7.65E+01	3.24E+01
SP.Syn.Abst.130	8.94E+01	1.09E+02	1.06E+02	8.67E+01	8.52E+01	2.28E+01
SP.Syn.Abst.131	7.76E+01	9.43E+01	8.07E+01	7.26E+01	8.32E+01	2.78E+01
SP.Syn.Abst.132	1.82E+02	1.42E+02	1.64E+02	2.16E+02	1.43E+02	3.67E+01
SP.Syn.Abst.133	9.81E+01	6.15E+01	8.85E+01	8.23E+01	6.65E+01	2.28E+01
SP.Syn.Abst.134	1.86E+02	1.06E+02	1.34E+02	1.56E+02	1.20E+02	2.56E+01
SP.Syn.Abst.135	1.48E+02	2.23E+02	2.19E+02	1.65E+02	1.35E+02	2.22E+01
SP.Syn.Abst.136	9.72E+01	1.76E+02	1.99E+02	9.54E+01	1.26E+02	2.16E+01
SP.Syn.Abst.137	3.99E+01	4.37E+01	5.01E+01	4.86E+01	4.72E+01	1.79E+01
SP.Syn.Abst.138	2.34E+02	1.22E+02	1.32E+02	1.59E+02	1.40E+02	3.89E+01
SP.Syn.Abst.139	1.87E+02	9.28E+01	1.18E+02	1.41E+02	1.28E+02	2.96E+01
SP.Syn.Abst.140	2.54E+01	6.96E+01	1.00E+02	4.70E+01	7.71E+01	2.18E+01
SP.Syn.Abst.141	9.74E+01	9.71E+01	9.61E+01	9.15E+01	9.25E+01	2.42E+01
SP.Syn.Abst.142	1.68E+02	8.54E+01	8.84E+01	1.57E+02	8.17E+01	2.95E+01
SP.Syn.Abst.143	1.92E+02	9.18E+01	1.20E+02	1.98E+02	1.28E+02	3.73E+01
SP.Syn.Abst.144	1.02E+02	7.32E+01	6.92E+01	8.50E+01	9.55E+01	1.47E+01
SP.Syn.Abst.145	1.30E+02	9.85E+01	1.02E+02	9.63E+01	9.52E+01	2.75E+01
SP.Syn.Abst.146	1.28E+02	6.14E+01	9.23E+01	8.25E+01	7.33E+01	2.42E+01
SP.Syn.Abst.147	1.22E+02	1.59E+02	1.84E+02	1.13E+02	1.09E+02	2.23E+01
SP.Syn.Abst.148	1.32E+02	7.93E+01	7.42E+01	1.18E+02	9.62E+01	2.56E+01
SP.Syn.Abst.149	1.59E+02	1.03E+02	9.29E+01	1.39E+02	8.26E+01	3.44E+01
SP.Syn.Abst.150	1.73E+02	8.40E+01	1.01E+02	1.31E+02	1.12E+02	1.95E+01
SP.Syn.Abst.151	1.03E+02	1.31E+02	1.58E+02	1.17E+02	1.19E+02	3.24E+01
SP.Syn.Abst.152	3.01E+02	1.13E+02	1.41E+02	2.38E+02	1.40E+02	3.42E+01
SP.Syn.Abst.153	4.08E+01	9.64E+01	1.14E+02	4.69E+01	8.50E+01	2.45E+01
SP.Syn.Abst.154	5.33E+02	2.67E+02	2.84E+02	4.06E+02	2.26E+02	8.05E+01
SP.Syn.Abst.155	1.23E+02	1.30E+02	1.48E+02	1.05E+02	8.55E+01	3.76E+01
SP.Syn.Abst.156	8.91E+01	8.45E+01	8.47E+01	5.48E+01	6.99E+01	3.53E+01
SP.Syn.Abst.157	9.79E+01	8.46E+01	1.08E+02	9.31E+01	9.47E+01	2.33E+01
SP.Syn.Abst.158	1.16E+02	1.54E+02	1.50E+02	1.34E+02	1.38E+02	3.06E+01
SP.Syn.Abst.159	2.55E+02	1.08E+02	1.33E+02	2.09E+02	1.78E+02	3.47E+01
SP.Syn.Abst.160	7.47E+01	7.96E+01	8.45E+01	8.77E+01	8.41E+01	4.39E+01
SP.Syn.Abst.161	1.54E+02	8.75E+01	1.08E+02	1.42E+02	1.34E+02	4.58E+01
SP.Syn.Abst.162	6.10E+01	8.07E+01	7.11E+01	1.03E+02	8.03E+01	3.41E+01
SP.Syn.Abst.163	2.16E+02	1.24E+02	1.39E+02	1.79E+02	1.47E+02	2.70E+01
SP.Syn.Abst.164	9.92E+01	1.39E+02	1.52E+02	1.24E+02	1.36E+02	1.78E+01
SP.Syn.Abst.165	1.15E+02	8.11E+01	8.36E+01	9.14E+01	7.58E+01	2.94E+01
SP.Syn.Abst.166	2.44E+02	9.27E+01	1.04E+02	1.72E+02	1.71E+02	2.29E+01
SP.Syn.Abst.167	1.20E+02	1.21E+02	1.28E+02	1.12E+02	1.08E+02	2.27E+01
SP.Syn.Abst.168	7.44E+01	1.01E+02	9.24E+01	6.64E+01	6.97E+01	2.92E+01
SP.Syn.Abst.169	2.77E+01	5.98E+01	7.80E+01	4.09E+01	6.86E+01	2.33E+01
SP.Syn.Abst.170	1.06E+02	7.90E+01	8.96E+01	9.11E+01	5.73E+01	1.47E+01
SP.Syn.Abst.171	8.83E+01	8.70E+01	9.17E+01	7.53E+01	1.04E+02	3.23E+01
SP.Syn.Abst.172	7.34E+01	8.20E+01	6.81E+01	8.45E+01	7.57E+01	2.18E+01
SP.Syn.Abst.173	8.82E+01	1.04E+02	1.19E+02	1.00E+02	7.36E+01	2.34E+01
SP.Syn.Abst.174	5.91E+01	1.29E+02	1.65E+02	1.03E+02	1.28E+02	2.62E+01
SP.Syn.Abst.175	9.42E+01	6.78E+01	7.21E+01	8.42E+01	5.84E+01	3.39E+01
SP.Syn.Abst.176	2.27E+01	6.74E+01	8.48E+01	3.93E+01	4.64E+01	2.17E+01
SP.Syn.Abst.177	9.47E+01	1.32E+02	1.45E+02	8.80E+01	9.05E+01	3.17E+01
SP.Syn.Abst.178	3.94E+01	1.28E+02	1.60E+02	6.67E+01	1.00E+02	1.17E+01
SP.Syn.Abst.179	8.36E+01	1.14E+02	1.33E+02	8.32E+01	9.36E+01	3.28E+01
SP.Syn.Abst.180	1.36E+02	8.15E+01	1.25E+02	1.35E+02	1.08E+02	3.13E+01
SP.Syn.Abst.181	7.29E+01	8.30E+01	6.90E+01	7.54E+01	8.97E+01	2.92E+01
SP.Syn.Abst.182	5.84E+01	8.81E+01	1.08E+02	8.04E+01	8.26E+01	1.44E+01
SP.Syn.Abst.183	1.36E+02	1.39E+02	1.59E+02	1.46E+02	1.21E+02	2.09E+01
SP.Syn.Abst.184	2.10E+01	5.05E+01	5.36E+01	3.13E+01	4.99E+01	1.91E+01
SP.Syn.Abst.185	1.16E+02	1.15E+02	1.42E+02	1.06E+02	1.08E+02	3.52E+01
SP.Syn.Abst.186	8.70E+01	8.30E+01	5.68E+01	8.57E+01	5.29E+01	1.09E+01
SP.Syn.Abst.187	1.48E+02	1.03E+02	1.18E+02	1.40E+02	7.68E+01	1.95E+01
SP.Syn.Abst.188	8.89E+01	6.46E+01	6.41E+01	7.83E+01	7.07E+01	3.28E+01
SP.Syn.Abst.189	5.78E+01	6.46E+01	6.02E+01	4.86E+01	5.54E+01	1.76E+01
SP.Syn.Abst.190	1.85E+02	1.77E+02	1.60E+02	1.67E+02	1.22E+02	3.23E+01
SP.Syn.Abst.191	1.12E+02	1.00E+02	9.40E+01	1.15E+02	7.33E+01	2.91E+01
SP.Syn.Abst.192	1.46E+02	9.09E+01	8.04E+01	1.38E+02	8.75E+01	3.68E+01
SP.Syn.Abst.193	8.81E+01	7.95E+01	6.72E+01	9.82E+01	9.07E+01	2.32E+01
SP.Syn.Abst.194	1.24E+02	7.39E+01	9.30E+01	1.30E+02	8.29E+01	2.09E+01
SP.Syn.Abst.195	6.35E+01	1.70E+02	1.84E+02	9.04E+01	1.44E+02	2.14E+01
SP.Syn.Abst.196	1.96E+02	1.73E+02	2.41E+02	1.52E+02	1.60E+02	2.54E+01
SP.Syn.Abst.197	1.77E+02	9.65E+01	1.25E+02	1.15E+02	1.15E+02	4.23E+01
SP.Syn.Abst.198	1.02E+02	1.24E+02	1.28E+02	1.15E+02	1.01E+02	1.31E+01
SP.Syn.Abst.199	6.83E+01	7.65E+01	8.81E+01	8.50E+01	6.30E+01	1.67E+01
SP.Syn.Abst.200	7.90E+01	8.61E+01	1.05E+02	8.56E+01	7.06E+01	1.35E+01
SP.Syn.Abst.201	1.27E+02	8.60E+01	7.50E+01	1.16E+02	8.37E+01	2.51E+01
SP.Syn.Abst.202	6.68E+01	8.46E+01	9.35E+01	9.63E+01	8.63E+01	2.57E+01
SP.Syn.Abst.203	1.18E+02	1.13E+02	1.69E+02	1.23E+02	9.71E+01	2.05E+01
SP.Syn.Abst.204	1.07E+02	8.92E+01	9.98E+01	1.20E+02	9.40E+01	3.37E+01
SP.Syn.Abst.205	7.26E+01	5.12E+01	7.13E+01	7.54E+01	6.13E+01	2.31E+01
SP.Syn.Abst.206	1.10E+02	1.14E+02	1.24E+02	1.04E+02	8.54E+01	2.32E+01
SP.Syn.Abst.207	1.52E+02	1.46E+02	1.44E+02	1.19E+02	9.25E+01	4.14E+01
SP.Syn.Abst.208	1.93E+02	1.03E+02	1.14E+02	1.94E+02	9.51E+01	2.50E+01
SP.Syn.Abst.209	8.42E+01	8.40E+01	1.00E+02	8.76E+01	6.57E+01	2.91E+01
SP.Syn.Abst.210	7.17E+01	1.13E+02	1.23E+02	9.62E+01	1.39E+02	3.86E+01
SP.Syn.Abst.211	3.50E+02	9.61E+01	1.40E+02	3.11E+02	2.25E+02	4.00E+01
SP.Syn.Abst.212	7.43E+01	1.00E+02	1.27E+02	7.17E+01	7.19E+01	2.85E+01
SP.Syn.Abst.213	1.38E+02	1.57E+02	1.83E+02	1.48E+02	1.25E+02	2.92E+01
SP.Syn.Abst.214	6.52E+01	7.23E+01	8.56E+01	7.19E+01	6.57E+01	1.38E+01
SP.Syn.Abst.215	1.85E+02	5.67E+01	9.44E+01	1.19E+02	1.70E+02	2.59E+01
SP.Syn.Abst.216	1.35E+02	1.34E+02	1.60E+02	1.14E+02	1.03E+02	2.83E+01
SP.Syn.Abst.217	9.40E+01	1.45E+02	1.67E+02	1.37E+02	1.33E+02	5.64E+01
SP.Syn.Abst.218	1.44E+02	1.52E+02	1.82E+02	1.71E+02	1.19E+02	1.70E+01
SP.Syn.Abst.219	1.80E+02	2.15E+01	7.55E+01	1.52E+02	1.33E+02	3.16E+01
SP.Syn.Abst.220	3.59E+02	1.17E+02	1.76E+02	3.06E+02	1.97E+02	3.44E+01
SP.Syn.Abst.221	1.20E+02	9.89E+01	8.98E+01	9.38E+01	8.24E+01	2.75E+01
SP.Syn.Abst.222	6.06E+01	1.07E+02	8.15E+01	4.02E+01	6.73E+01	2.73E+01
SP.Syn.Abst.223	5.48E+01	4.82E+01	5.76E+01	5.49E+01	5.31E+01	2.10E+01
SP.Syn.Abst.224	1.09E+02	7.09E+01	6.92E+01	1.12E+02	8.68E+01	2.17E+01
SP.Syn.Abst.225	1.08E+02	8.87E+01	9.20E+01	9.66E+01	9.50E+01	2.94E+01
SP.Syn.Abst.226	1.41E+02	1.02E+02	1.09E+02	1.39E+02	1.01E+02	3.14E+01
SP.Syn.Abst.227	1.53E+02	6.54E+01	7.12E+01	9.44E+01	1.25E+02	2.76E+01
SP.Syn.Abst.228	4.22E+01	9.50E+01	1.05E+02	6.20E+01	7.25E+01	3.11E+01
SP.Syn.Abst.229	7.30E+01	1.04E+02	1.22E+02	9.26E+01	9.47E+01	2.63E+01
SP.Syn.Abst.230	1.14E+02	1.77E+02	1.89E+02	1.38E+02	1.29E+02	2.62E+01
SP.Syn.Abst.231	5.75E+01	6.38E+01	6.82E+01	4.61E+01	7.13E+01	3.12E+01
SP.Syn.Abst.232	1.00E+02	1.08E+02	1.58E+02	9.64E+01	1.14E+02	2.44E+01
SP.Syn.Abst.233	1.06E+02	7.81E+01	1.07E+02	9.84E+01	6.49E+01	2.50E+01
SP.Syn.Abst.234	1.49E+02	1.12E+02	1.26E+02	1.40E+02	1.12E+02	3.05E+01
SP.Syn.Abst.235	2.26E+02	1.03E+02	1.32E+02	1.90E+02	1.72E+02	3.83E+01
SP.Syn.Abst.236	1.48E+02	1.78E+02	1.91E+02	1.65E+02	1.68E+02	3.71E+01
SP.Syn.Abst.237	9.53E+01	1.12E+02	1.35E+02	1.29E+02	8.57E+01	3.43E+01
SP.Syn.Abst.238	1.32E+02	1.72E+02	1.94E+02	1.44E+02	1.30E+02	4.82E+01
SP.Syn.Abst.239	1.84E+02	1.07E+02	1.10E+02	1.48E+02	1.27E+02	2.96E+01
SP.Syn.Abst.240	1.16E+02	9.27E+01	8.29E+01	1.23E+02	1.05E+02	2.51E+01
SP.Syn.Abst.241	2.00E+02	9.47E+01	8.77E+01	1.59E+02	1.21E+02	3.45E+01
SP.Syn.Abst.242	1.36E+02	9.47E+01	1.02E+02	1.15E+02	7.71E+01	2.49E+01
SP.Syn.Abst.243	8.83E+01	5.31E+01	6.75E+01	9.72E+01	5.44E+01	2.67E+01
SP.Syn.Abst.244	8.94E+01	1.44E+02	1.89E+02	1.13E+02	1.55E+02	2.49E+01
SP.Syn.Abst.245	9.17E+01	1.89E+02	2.18E+02	1.49E+02	1.67E+02	4.20E+01
SP.Syn.Abst.246	6.92E+02	2.20E+02	3.62E+02	5.32E+02	3.31E+02	7.73E+01
SP.Syn.Abst.247	1.07E+02	9.33E+01	8.75E+01	9.26E+01	6.82E+01	2.92E+01
SP.Syn.Abst.248	5.94E+01	6.56E+01	6.96E+01	6.10E+01	6.67E+01	2.22E+01
SP.Syn.Abst.249	2.03E+02	1.68E+02	1.48E+02	2.11E+02	1.42E+02	3.08E+01
SP.Syn.Abst.250	7.93E+01	8.57E+01	8.39E+01	6.73E+01	7.35E+01	2.30E+01
SP.Syn.Abst.251	2.81E+02	1.50E+02	1.22E+02	1.93E+02	1.82E+02	3.61E+01
SP.Syn.Abst.252	1.20E+02	1.56E+02	1.87E+02	1.15E+02	1.43E+02	4.85E+01
SP.Syn.Abst.253	1.49E+02	1.27E+02	1.32E+02	1.32E+02	1.24E+02	3.01E+01
SP.Syn.Abst.254	1.12E+02	6.84E+01	9.81E+01	1.07E+02	1.02E+02	4.04E+01
SP.Syn.Abst.255	2.00E+02	1.13E+02	1.02E+02	1.70E+02	1.22E+02	2.75E+01
SP.Syn.Abst.256	1.51E+02	1.81E+02	1.66E+02	1.69E+02	1.54E+02	8.46E+01
SP.Syn.Abst.257	9.87E+01	8.67E+01	1.02E+02	1.03E+02	8.01E+01	2.31E+01
SP.Syn.Abst.258	8.91E+01	1.13E+02	1.29E+02	9.37E+01	5.49E+01	2.89E+01
SP.Syn.Abst.259	1.03E+02	5.10E+01	7.08E+01	8.48E+01	7.36E+01	2.78E+01
SP.Syn.Abst.260	7.37E+01	1.14E+02	1.32E+02	5.60E+01	7.43E+01	1.72E+01
SP.Syn.Abst.261	1.34E+02	1.28E+02	1.15E+02	1.08E+02	7.72E+01	2.46E+01
SP.Syn.Abst.262	5.43E+01	1.53E+02	1.84E+02	8.86E+01	1.41E+02	2.84E+01
SP.Syn.Abst.263	1.03E+02	7.77E+01	8.52E+01	9.81E+01	5.24E+01	2.79E+01
SP.Syn.Abst.264	1.00E+02	1.45E+02	1.97E+02	1.17E+02	9.45E+01	2.60E+01
SP.Syn.Abst.265	9.65E+01	1.63E+01	4.89E+01	8.32E+01	7.19E+01	1.45E+01
SP.Syn.Abst.266	1.30E+02	1.08E+02	1.51E+02	1.28E+02	1.00E+02	2.20E+01
SP.Syn.Abst.267	1.05E+02	1.25E+02	1.56E+02	1.06E+02	7.97E+01	1.52E+01
SP.Syn.Abst.268	1.22E+02	1.26E+02	1.31E+02	8.64E+01	8.82E+01	3.58E+01
SP.Syn.Abst.269	1.12E+02	6.55E+01	6.48E+01	9.28E+01	7.39E+01	2.49E+01
SP.Syn.Abst.270	1.89E+02	1.35E+02	1.32E+02	1.55E+02	1.25E+02	3.32E+01
SP.Syn.Abst.271	8.41E+01	7.55E+01	9.56E+01	7.44E+01	7.55E+01	2.36E+01
SP.Syn.Abst.272	7.37E+01	5.84E+01	7.83E+01	7.44E+01	6.82E+01	1.93E+01
SP.Syn.Abst.273	1.14E+02	9.71E+01	1.05E+02	9.60E+01	9.88E+01	2.52E+01
SP.Syn.Abst.274	1.21E+02	8.45E+01	1.01E+02	1.02E+02	6.03E+01	1.55E+01
SP.Syn.Abst.275	1.27E+02	9.61E+01	1.19E+02	9.31E+01	1.11E+02	3.07E+01
SP.Syn.Abst.276	1.26E+02	1.93E+02	2.45E+02	1.24E+02	1.78E+02	3.35E+01
SP.Syn.Abst.277	6.64E+01	5.57E+01	6.74E+01	5.30E+01	5.76E+01	2.33E+01
SP.Syn.Abst.278	1.70E+02	1.19E+02	1.35E+02	1.25E+02	8.67E+01	2.60E+01
SP.Syn.Abst.279	3.57E+01	5.22E+01	5.05E+01	3.86E+01	4.53E+01	1.49E+01
SP.Syn.Abst.280	1.23E+02	1.12E+02	1.01E+02	1.21E+02	8.22E+01	2.45E+01
SP.Syn.Abst.281	3.71E+02	9.27E+01	1.46E+02	2.73E+02	2.20E+02	3.15E+01
SP.Syn.Abst.282	3.25E+02	1.29E+02	1.56E+02	2.27E+02	1.84E+02	5.52E+01
SP.Syn.Abst.283	9.71E+01	6.30E+01	6.91E+01	8.96E+01	7.03E+01	2.28E+01
SP.Syn.Abst.284	6.32E+01	7.38E+01	8.53E+01	6.26E+01	5.65E+01	2.99E+01
SP.Syn.Abst.285	9.73E+01	8.46E+01	1.06E+02	7.91E+01	6.72E+01	1.99E+01
SP.Syn.Abst.286	7.31E+01	6.61E+01	6.68E+01	8.14E+01	5.90E+01	1.83E+01
SP.Syn.Abst.287	8.10E+01	1.18E+02	8.98E+01	1.01E+02	9.59E+01	4.70E+01
SP.Syn.Abst.288	1.17E+02	1.97E+02	1.76E+02	1.46E+02	1.43E+02	7.69E+01
SP.Syn.Abst.289	2.20E+01	6.57E+01	6.58E+01	3.06E+01	5.19E+01	2.05E+01
SP.Syn.Abst.290	2.12E+02	1.04E+02	1.14E+02	1.76E+02	1.17E+02	3.37E+01
SP.Syn.Abst.291	4.35E+01	1.25E+02	1.62E+02	8.37E+01	1.07E+02	1.75E+01
SP.Syn.Abst.292	1.12E+02	5.75E+01	7.84E+01	9.50E+01	5.55E+01	2.49E+01
SP.Syn.Abst.293	2.19E+02	1.22E+02	1.14E+02	1.72E+02	1.35E+02	2.77E+01
SP.Syn.Abst.294	4.95E+01	7.17E+01	9.13E+01	6.97E+01	8.11E+01	2.13E+01
SP.Syn.Abst.295	1.69E+02	7.59E+01	8.39E+01	1.43E+02	1.05E+02	2.93E+01
SP.Syn.Abst.296	1.05E+02	6.35E+01	8.19E+01	1.05E+02	8.47E+01	1.52E+01
SP.Syn.Abst.297	1.68E+02	1.26E+02	1.46E+02	1.77E+02	1.54E+02	4.90E+01
SP.Syn.Abst.298	1.34E+02	1.84E+02	2.25E+02	1.45E+02	1.12E+02	1.63E+01
SP.Syn.Abst.299	8.16E+01	8.00E+01	9.98E+01	8.86E+01	6.11E+01	2.34E+01
SP.Syn.Abst.300	8.05E+01	1.32E+02	1.17E+02	1.03E+02	1.11E+02	2.44E+01
SP.Syn.Abst.301	1.01E+02	8.03E+01	7.63E+01	9.44E+01	9.44E+01	3.30E+01
SP.Syn.Abst.302	1.51E+02	1.41E+02	1.54E+02	1.25E+02	1.05E+02	2.91E+01
SP.Syn.Abst.303	2.30E+02	1.06E+02	1.23E+02	1.56E+02	1.29E+02	2.51E+01
SP.Syn.Abst.304	1.87E+02	1.08E+02	1.26E+02	1.83E+02	1.31E+02	5.06E+01
SP.Syn.Abst.305	7.53E+01	1.22E+02	1.31E+02	7.77E+01	7.40E+01	2.32E+01
SP.Syn.Abst.306	1.17E+02	7.91E+01	9.23E+01	7.85E+01	6.06E+01	2.34E+01
SP.Syn.Abst.307	1.35E+02	2.50E+02	3.17E+02	1.59E+02	2.07E+02	2.97E+01
SP.Syn.Abst.308	6.62E+01	7.22E+01	8.24E+01	8.58E+01	7.09E+01	2.68E+01
SP.Syn.Abst.309	1.43E+02	1.22E+02	1.28E+02	1.32E+02	1.12E+02	2.12E+01
SP.Syn.Abst.310	5.70E+01	5.29E+01	5.87E+01	5.47E+01	4.83E+01	1.43E+01
SP.Syn.Abst.311	2.89E+02	9.83E+01	1.41E+02	2.63E+02	2.15E+02	5.39E+01
SP.Syn.Abst.312	1.10E+02	8.85E+01	8.72E+01	7.64E+01	5.83E+01	2.34E+01
SP.Syn.Abst.313	9.14E+01	9.42E+01	1.07E+02	9.38E+01	9.14E+01	2.57E+01
SP.Syn.Abst.314	7.13E+01	1.12E+02	1.25E+02	1.03E+02	9.78E+01	4.03E+01
SP.Syn.Abst.315	6.15E+01	1.03E+02	1.34E+02	1.08E+02	9.20E+01	2.71E+01
SP.Syn.Abst.316	9.23E+01	1.27E+02	1.34E+02	1.09E+02	1.01E+02	2.23E+01
SP.Syn.Abst.317	8.69E+01	1.74E+02	2.04E+02	1.35E+02	1.49E+02	1.57E+01
SP.Syn.Abst.318	9.61E+01	1.07E+02	1.11E+02	8.27E+01	9.77E+01	2.31E+01
SP.Syn.Abst.319	6.36E+01	6.65E+01	8.33E+01	7.12E+01	4.61E+01	2.27E+01
SP.Syn.Abst.320	8.82E+01	8.37E+01	1.03E+02	7.68E+01	7.64E+01	2.00E+01
SP.Syn.Abst.321	7.63E+01	8.40E+01	7.05E+01	7.52E+01	8.41E+01	2.32E+01
SP.Syn.Abst.322	8.42E+01	1.43E+02	1.57E+02	1.20E+02	1.08E+02	2.59E+01
SP.Syn.Abst.323	1.12E+02	9.62E+01	9.37E+01	1.07E+02	7.23E+01	3.59E+01
SP.Syn.Abst.324	1.00E+02	1.29E+02	1.22E+02	1.00E+02	6.46E+01	3.02E+01
SP.Syn.Abst.325	7.83E+01	5.91E+01	6.59E+01	7.00E+01	5.84E+01	1.82E+01
SP.Syn.Abst.326	1.29E+02	1.91E+02	1.64E+02	2.48E+02	2.20E+02	1.03E+02
SP.Syn.Abst.327	7.74E+01	9.52E+01	9.52E+01	8.34E+01	1.06E+02	2.33E+01
SP.Syn.Abst.328	4.18E+02	1.24E+02	1.99E+02	3.43E+02	2.69E+02	3.36E+01
SP.Syn.Abst.329	8.16E+01	8.61E+01	1.13E+02	9.37E+01	9.09E+01	2.21E+01
SP.Syn.Abst.330	1.66E+02	1.86E+02	2.09E+02	1.54E+02	1.36E+02	2.63E+01
SP.Syn.Abst.331	2.45E+02	1.15E+02	1.13E+02	1.99E+02	1.25E+02	2.88E+01
SP.Syn.Abst.332	1.80E+02	1.33E+02	1.50E+02	1.47E+02	1.13E+02	3.68E+01
SP.Syn.Abst.333	7.58E+01	1.71E+02	1.93E+02	8.97E+01	1.35E+02	2.88E+01
SP.Syn.Abst.334	3.21E+02	1.12E+02	1.55E+02	2.52E+02	2.53E+02	3.55E+01
SP.Syn.Abst.335	4.56E+01	4.38E+01	5.92E+01	5.80E+01	3.42E+01	1.68E+01
SP.Syn.Abst.336	1.11E+02	1.53E+02	1.70E+02	1.29E+02	1.34E+02	2.88E+01
SP.Syn.Abst.337	1.20E+02	1.02E+02	1.11E+02	1.55E+02	9.89E+01	3.03E+01
SP.Syn.Abst.338	1.15E+02	1.03E+02	1.03E+02	9.36E+01	7.38E+01	2.93E+01
SP.Syn.Abst.339	4.89E+01	5.67E+01	7.89E+01	5.29E+01	5.75E+01	2.06E+01
SP.Syn.Abst.340	1.63E+02	1.94E+02	2.04E+02	1.47E+02	1.42E+02	2.16E+01
SP.Syn.Abst.341	7.96E+01	1.17E+02	1.35E+02	1.03E+02	1.16E+02	1.49E+01
SP.Syn.Abst.342	7.68E+01	6.30E+01	6.49E+01	6.61E+01	4.35E+01	2.00E+01
SP.Syn.Abst.343	1.61E+02	6.98E+01	8.17E+01	1.27E+02	1.24E+02	3.20E+01
SP.Syn.Abst.344	7.50E+01	5.07E+01	6.03E+01	7.98E+01	7.39E+01	1.30E+01
SP.Syn.Abst.345	6.70E+01	6.03E+01	7.49E+01	7.42E+01	4.45E+01	2.36E+01
SP.Syn.Abst.346	9.49E+01	9.01E+01	1.06E+02	8.02E+01	8.39E+01	2.67E+01
SP.Syn.Abst.347	7.85E+01	1.18E+02	1.24E+02	8.22E+01	9.87E+01	2.41E+01
SP.Syn.Abst.348	2.94E+01	8.66E+01	1.04E+02	6.23E+01	7.76E+01	1.60E+01
SP.Syn.Abst.349	9.50E+01	2.36E+02	2.76E+02	1.75E+02	1.83E+02	2.62E+01
SP.Syn.Abst.350	1.33E+02	1.27E+02	1.15E+02	1.34E+02	9.64E+01	5.00E+01
SP.Syn.Abst.351	3.81E+02	1.13E+02	1.57E+02	3.36E+02	2.71E+02	7.00E+01
SP.Syn.Abst.352	2.71E+02	1.00E+02	1.33E+02	2.33E+02	1.29E+02	2.26E+01
SP.Syn.Abst.353	4.41E+02	1.37E+02	1.63E+02	3.36E+02	2.55E+02	4.03E+01
SP.Syn.Abst.354	2.30E+02	9.19E+01	1.32E+02	1.90E+02	1.19E+02	3.96E+01
SP.Syn.Abst.355	1.36E+02	6.70E+01	9.64E+01	1.33E+02	1.08E+02	2.77E+01
SP.Syn.Abst.356	4.73E+01	1.28E+02	1.63E+02	9.13E+01	1.17E+02	2.86E+01
SP.Syn.Abst.357	8.31E+01	1.56E+02	1.78E+02	1.02E+02	1.06E+02	9.21E+00
SP.Syn.Abst.358	7.72E+01	1.20E+02	1.40E+02	8.82E+01	1.21E+02	4.05E+01
SP.Syn.Abst.359	2.37E+02	9.67E+01	1.08E+02	1.52E+02	1.52E+02	2.84E+01
SP.Syn.Abst.360	6.48E+01	5.30E+01	5.67E+01	7.27E+01	5.85E+01	2.48E+01
SP.Syn.Abst.361	2.49E+02	8.93E+01	9.32E+01	2.22E+02	1.47E+02	3.09E+01
SP.Syn.Abst.362	4.86E+01	8.51E+01	9.91E+01	6.07E+01	6.97E+01	2.30E+01
SP.Syn.Abst.363	7.78E+01	7.46E+01	1.02E+02	9.86E+01	9.08E+01	2.16E+01
SP.Syn.Abst.364	6.27E+01	1.35E+02	1.52E+02	5.80E+01	1.32E+02	3.31E+01
SP.Syn.Abst.365	1.10E+02	1.75E+02	2.02E+02	1.19E+02	1.19E+02	2.28E+01
SP.Syn.Abst.366	1.27E+02	9.62E+01	8.97E+01	1.06E+02	8.98E+01	3.62E+01
SP.Syn.Abst.367	2.41E+02	1.89E+02	2.04E+02	1.96E+02	1.42E+02	3.78E+01
SP.Syn.Abst.368	1.10E+02	4.12E+01	5.75E+01	9.89E+01	7.87E+01	2.87E+01
SP.Syn.Abst.369	2.45E+01	6.60E+01	5.50E+01	4.28E+01	6.73E+01	2.76E+01
SP.Syn.Abst.370	1.21E+02	1.00E+02	1.14E+02	1.35E+02	9.33E+01	4.75E+01
SP.Syn.Abst.371	2.80E+02	9.83E+01	1.54E+02	2.23E+02	1.55E+02	3.31E+01
SP.Syn.Abst.372	4.81E+01	7.09E+01	7.66E+01	5.03E+01	4.95E+01	1.95E+01
SP.Syn.Abst.373	1.22E+02	8.36E+01	7.42E+01	1.14E+02	5.37E+01	2.21E+01
SP.Syn.Abst.374	1.38E+02	9.11E+01	8.95E+01	1.33E+02	9.99E+01	4.51E+01
SP.Syn.Abst.375	1.30E+02	9.03E+01	8.93E+01	9.12E+01	9.74E+01	2.42E+01
SP.Syn.Abst.376	1.58E+02	9.68E+01	1.07E+02	1.67E+02	8.79E+01	2.51E+01
SP.Syn.Abst.377	7.04E+01	1.35E+02	1.61E+02	9.51E+01	1.19E+02	3.82E+01
SP.Syn.Abst.378	1.42E+02	7.43E+01	6.86E+01	1.03E+02	1.09E+02	3.29E+01
SP.Syn.Abst.379	2.66E+02	1.20E+02	1.85E+02	2.19E+02	1.42E+02	4.69E+01
SP.Syn.Abst.380	2.39E+02	9.30E+01	1.14E+02	1.53E+02	1.85E+02	5.17E+01
SP.Syn.Abst.381	1.14E+02	8.01E+01	8.55E+01	1.04E+02	7.85E+01	2.85E+01
SP.Syn.Abst.382	1.03E+02	8.72E+01	8.79E+01	9.15E+01	7.58E+01	3.63E+01
SP.Syn.Abst.383	9.06E+01	6.72E+01	7.97E+01	8.73E+01	6.53E+01	1.57E+01
SP.Syn.Abst.384	1.60E+02	9.12E+01	1.07E+02	1.25E+02	8.92E+01	2.64E+01
SP.Syn.Abst.385	1.53E+02	1.14E+02	1.47E+02	1.30E+02	1.35E+02	4.93E+01
SP.Syn.Abst.386	1.29E+02	1.47E+02	1.43E+02	1.28E+02	1.09E+02	3.65E+01
SP.Syn.Abst.387	3.11E+02	1.37E+02	1.10E+02	2.57E+02	1.48E+02	6.47E+01
SP.Syn.Abst.388	2.07E+02	1.45E+02	1.44E+02	1.71E+02	1.37E+02	5.74E+01
SP.Syn.Abst.389	7.93E+01	6.58E+01	8.26E+01	8.40E+01	7.68E+01	1.75E+01
SP.Syn.Abst.390	9.01E+01	9.14E+01	1.01E+02	9.39E+01	7.66E+01	1.26E+01
SP.Syn.Abst.391	7.61E+01	9.51E+01	1.15E+02	8.06E+01	8.97E+01	2.80E+01
SP.Syn.Abst.392	2.31E+02	1.42E+02	1.92E+02	1.99E+02	1.40E+02	3.26E+01
SP.Syn.Abst.393	8.08E+01	6.87E+01	8.67E+01	6.75E+01	5.71E+01	1.88E+01
SP.Syn.Abst.394	1.11E+02	5.71E+01	8.76E+01	1.11E+02	7.43E+01	3.11E+01
SP.Syn.Abst.395	6.81E+01	1.44E+02	1.62E+02	8.57E+01	1.19E+02	4.97E+01
SP.Syn.Abst.396	7.02E+01	6.71E+01	7.13E+01	7.24E+01	6.09E+01	2.47E+01
SP.Syn.Abst.397	1.20E+02	4.91E+01	5.86E+01	8.68E+01	7.74E+01	2.64E+01
SP.Syn.Abst.398	7.61E+01	9.12E+01	9.68E+01	9.99E+01	7.68E+01	2.42E+01
SP.Syn.Abst.399	1.13E+02	1.32E+02	1.48E+02	1.17E+02	1.13E+02	2.53E+01
SP.Syn.Abst.400	4.59E+02	1.79E+02	1.91E+02	3.47E+02	2.78E+02	3.65E+01
SP.Syn.Abst.401	1.63E+02	5.82E+01	7.45E+01	1.22E+02	8.24E+01	1.96E+01
SP.Syn.Abst.402	1.88E+02	9.88E+01	1.23E+02	1.35E+02	1.19E+02	2.47E+01
SP.Syn.Abst.403	1.36E+02	1.91E+02	2.30E+02	1.64E+02	1.75E+02	3.81E+01
SP.Syn.Abst.404	1.20E+02	1.12E+02	1.68E+02	1.37E+02	1.01E+02	4.94E+01
SP.Syn.Abst.405	1.07E+02	5.76E+01	8.10E+01	8.34E+01	9.12E+01	2.89E+01
SP.Syn.Abst.406	9.88E+01	1.18E+02	1.38E+02	1.11E+02	1.12E+02	2.97E+01
SP.Syn.Abst.407	2.06E+02	1.09E+02	1.17E+02	1.87E+02	1.73E+02	2.73E+01
SP.Syn.Abst.408	1.39E+02	1.42E+02	1.67E+02	1.07E+02	9.17E+01	3.32E+01
SP.Syn.Abst.409	1.26E+02	7.55E+01	9.41E+01	1.06E+02	8.48E+01	1.83E+01
SP.Syn.Abst.410	9.46E+01	1.17E+02	1.11E+02	9.22E+01	1.02E+02	3.83E+01
SP.Syn.Abst.411	1.52E+02	1.29E+02	1.58E+02	1.42E+02	1.34E+02	3.43E+01
SP.Syn.Abst.412	1.10E+02	1.04E+02	1.24E+02	1.01E+02	1.01E+02	3.21E+01
SP.Syn.Abst.413	1.17E+02	9.70E+01	1.19E+02	1.20E+02	9.89E+01	3.00E+01
SP.Syn.Abst.414	3.56E+01	8.83E+01	1.06E+02	6.53E+01	9.28E+01	2.04E+01
SP.Syn.Abst.415	9.14E+01	7.13E+01	1.05E+02	7.60E+01	7.61E+01	1.87E+01
SP.Syn.Abst.416	7.64E+01	5.17E+01	6.05E+01	6.92E+01	6.70E+01	2.50E+01
SP.Syn.Abst.417	1.18E+02	8.34E+01	8.84E+01	9.62E+01	8.63E+01	3.67E+01
SP.Syn.Abst.418	1.12E+02	1.23E+02	1.18E+02	1.46E+02	1.42E+02	5.47E+01
SP.Syn.Abst.419	2.21E+02	1.24E+02	1.35E+02	1.64E+02	1.19E+02	4.07E+01
SP.Syn.Abst.420	1.18E+02	1.61E+02	2.15E+02	1.39E+02	1.44E+02	3.02E+01
SP.Syn.Abst.421	9.94E+01	1.32E+02	1.36E+02	1.59E+02	1.40E+02	6.38E+01
SP.Syn.Abst.422	1.40E+02	1.79E+02	2.23E+02	1.45E+02	1.44E+02	2.73E+01
SP.Syn.Abst.423	1.16E+02	9.22E+01	1.16E+02	1.01E+02	5.71E+01	2.76E+01
SP.Syn.Abst.424	6.26E+01	1.01E+02	1.31E+02	7.41E+01	9.59E+01	2.91E+01
SP.Syn.Abst.425	8.34E+01	8.02E+01	8.26E+01	9.29E+01	5.65E+01	3.30E+01
SP.Syn.Abst.426	1.07E+02	6.19E+01	8.11E+01	9.20E+01	5.15E+01	2.53E+01
SP.Syn.Abst.427	2.55E+01	7.09E+01	9.99E+01	4.99E+01	6.48E+01	3.99E+00
SP.Syn.Abst.428	3.46E+02	2.04E+02	2.11E+02	2.80E+02	1.85E+02	4.25E+01
SP.Syn.Abst.429	7.85E+01	7.36E+01	9.43E+01	8.42E+01	7.10E+01	2.84E+01
SP.Syn.Abst.430	2.86E+01	6.25E+01	7.23E+01	5.17E+01	6.66E+01	2.04E+01
SP.Syn.Abst.431	6.39E+01	8.28E+01	7.15E+01	7.86E+01	6.06E+01	3.80E+01
SP.Syn.Abst.432	4.77E+01	7.88E+01	9.11E+01	5.46E+01	7.28E+01	2.67E+01
SP.Syn.Abst.433	2.04E+02	8.11E+01	1.12E+02	1.53E+02	1.28E+02	3.28E+01
SP.Syn.Abst.434	8.90E+01	9.10E+01	1.07E+02	1.04E+02	9.03E+01	3.12E+01
SP.Syn.Abst.435	1.02E+02	7.54E+01	9.98E+01	9.78E+01	6.86E+01	2.65E+01
SP.Syn.Abst.436	1.94E+02	1.45E+02	1.47E+02	1.97E+02	8.34E+01	4.09E+01
SP.Syn.Abst.437	6.31E+01	7.02E+01	7.14E+01	6.14E+01	7.02E+01	1.85E+01
SP.Syn.Abst.438	1.12E+02	9.86E+01	1.28E+02	1.20E+02	9.30E+01	5.87E+01
SP.Syn.Abst.439	3.30E+01	7.92E+01	1.02E+02	5.02E+01	8.90E+01	1.93E+01
SP.Syn.Abst.440	7.96E+01	7.19E+01	8.08E+01	7.67E+01	7.55E+01	2.34E+01
SP.Syn.Abst.441	8.68E+01	1.24E+02	1.47E+02	8.91E+01	9.32E+01	4.00E+01
SP.Syn.Abst.442	7.21E+01	8.10E+01	6.95E+01	6.66E+01	5.73E+01	2.01E+01
SP.Syn.Abst.443	1.63E+02	9.56E+01	9.78E+01	1.62E+02	9.97E+01	3.18E+01
SP.Syn.Abst.444	7.59E+01	1.13E+02	1.20E+02	9.62E+01	7.17E+01	2.10E+01
SP.Syn.Abst.445	1.44E+02	1.35E+02	2.04E+02	1.16E+02	1.23E+02	3.52E+01
SP.Syn.Abst.446	9.70E+01	8.42E+01	1.11E+02	9.18E+01	7.50E+01	2.68E+01
SP.Syn.Abst.447	9.70E+01	1.31E+02	1.43E+02	1.03E+02	9.53E+01	2.05E+01
SP.Syn.Abst.448	6.06E+01	6.54E+01	5.15E+01	8.16E+01	6.28E+01	4.65E+01
SP.Syn.Abst.449	2.26E+02	8.15E+01	1.11E+02	1.80E+02	1.20E+02	2.78E+01
SP.Syn.Abst.450	1.50E+02	1.27E+02	1.21E+02	1.28E+02	1.02E+02	2.24E+01
SP.Syn.Abst.451	1.48E+02	1.05E+02	9.16E+01	1.65E+02	6.83E+01	2.35E+01
SP.Syn.Abst.452	9.62E+01	1.40E+02	1.48E+02	8.44E+01	1.05E+02	3.41E+01
SP.Syn.Abst.453	1.56E+02	9.28E+01	9.29E+01	1.33E+02	9.57E+01	2.24E+01
SP.Syn.Abst.454	2.37E+02	7.88E+01	9.81E+01	2.24E+02	1.61E+02	1.76E+01
SP.Syn.Abst.455	8.74E+01	1.73E+02	1.83E+02	1.12E+02	1.43E+02	2.06E+01
SP.Syn.Abst.456	1.74E+02	1.25E+02	1.27E+02	1.59E+02	1.12E+02	2.64E+01
SP.Syn.Abst.457	1.05E+02	1.11E+02	1.31E+02	1.25E+02	1.21E+02	6.66E+01
SP.Syn.Abst.458	1.46E+02	9.05E+01	9.59E+01	1.24E+02	1.02E+02	2.64E+01
SP.Syn.Abst.459	8.80E+01	7.82E+01	9.91E+01	9.95E+01	8.94E+01	3.87E+01
SP.Syn.Abst.460	1.54E+02	8.92E+01	8.25E+01	1.33E+02	6.92E+01	2.80E+01
SP.Syn.Abst.461	1.43E+02	1.21E+02	1.12E+02	1.09E+02	1.02E+02	2.36E+01
SP.Syn.Abst.462	1.44E+02	1.04E+02	1.00E+02	1.07E+02	1.04E+02	4.53E+01
SP.Syn.Abst.463	7.11E+01	7.21E+01	8.10E+01	8.16E+01	5.90E+01	1.88E+01
SP.Syn.Abst.464	6.54E+01	9.16E+01	1.08E+02	7.36E+01	8.24E+01	2.72E+01
SP.Syn.Abst.465	1.12E+02	1.28E+02	1.57E+02	7.46E+01	8.12E+01	2.64E+01
SP.Syn.Abst.466	2.31E+02	1.10E+02	1.44E+02	1.75E+02	1.40E+02	3.05E+01
SP.Syn.Abst.467	1.37E+02	1.34E+02	1.28E+02	1.32E+02	1.00E+02	3.60E+01
SP.Syn.Abst.468	1.75E+02	6.15E+01	6.72E+01	1.06E+02	1.38E+02	2.46E+01
SP.Syn.Abst.469	2.14E+01	6.71E+01	8.79E+01	3.56E+01	6.33E+01	4.57E+00
SP.Syn.Abst.470	3.09E+02	1.64E+02	1.47E+02	2.44E+02	1.85E+02	2.85E+01
SP.Syn.Abst.471	1.55E+02	9.74E+01	9.99E+01	1.51E+02	9.96E+01	4.24E+01
SP.Syn.Abst.472	3.05E+02	1.11E+02	1.13E+02	2.56E+02	1.67E+02	4.05E+01
SP.Syn.Abst.473	1.06E+02	1.58E+02	2.05E+02	8.82E+01	1.54E+02	3.80E+01
SP.Syn.Abst.474	1.17E+02	1.15E+02	9.65E+01	1.13E+02	1.18E+02	3.22E+01
SP.Syn.Abst.475	1.69E+02	9.87E+01	1.23E+02	1.58E+02	1.10E+02	1.59E+01
SP.Syn.Abst.476	1.56E+02	1.17E+02	1.15E+02	1.00E+02	8.44E+01	3.02E+01
SP.Syn.Abst.477	1.93E+02	8.89E+01	9.75E+01	1.52E+02	9.17E+01	3.42E+01
SP.Syn.Abst.478	1.54E+02	1.30E+02	1.45E+02	1.53E+02	1.19E+02	2.20E+01
SP.Syn.Abst.479	9.37E+01	5.40E+01	7.24E+01	9.08E+01	7.27E+01	2.46E+01
SP.Syn.Abst.480	1.49E+02	6.97E+01	1.06E+02	1.33E+02	1.15E+02	3.41E+01
SP.Syn.Abst.481	1.29E+02	8.60E+01	1.06E+02	1.21E+02	6.25E+01	3.33E+01
SP.Syn.Abst.482	8.48E+01	1.41E+02	1.79E+02	1.16E+02	1.11E+02	2.64E+01
SP.Syn.Abst.483	3.09E+02	2.59E+02	2.88E+02	2.54E+02	1.94E+02	5.85E+01
SP.Syn.Abst.484	1.67E+02	5.51E+01	7.59E+01	1.15E+02	9.55E+01	4.00E+01
SP.Syn.Abst.485	5.58E+01	9.26E+01	8.49E+01	7.27E+01	6.97E+01	3.40E+01
SP.Syn.Abst.486	2.24E+02	1.20E+02	1.51E+02	1.75E+02	1.47E+02	3.31E+01
SP.Syn.Abst.487	2.86E+01	5.55E+01	6.31E+01	3.73E+01	5.28E+01	2.09E+01
SP.Syn.Abst.488	4.54E+01	4.83E+01	5.79E+01	4.83E+01	5.55E+01	2.84E+01
SP.Syn.Abst.489	2.10E+02	1.35E+02	1.14E+02	1.78E+02	1.17E+02	2.40E+01
SP.Syn.Abst.490	5.60E+01	1.00E+02	1.13E+02	7.52E+01	7.56E+01	1.68E+00
SP.Syn.Abst.491	9.02E+01	6.25E+01	6.65E+01	7.79E+01	6.80E+01	2.48E+01
SP.Syn.Abst.492	1.58E+02	5.26E+01	6.01E+01	1.45E+02	1.06E+02	2.15E+01
SP.Syn.Abst.493	1.02E+02	9.62E+01	1.15E+02	1.07E+02	7.74E+01	3.36E+01
SP.Syn.Abst.494	7.73E+01	7.05E+01	9.32E+01	7.02E+01	8.32E+01	2.56E+01
SP.Syn.Abst.495	8.59E+01	1.28E+02	1.24E+02	1.16E+02	1.20E+02	5.85E+01
SP.Syn.Abst.496	8.18E+01	8.12E+01	9.60E+01	8.09E+01	6.04E+01	1.82E+01
SP.Syn.Abst.497	1.02E+02	1.03E+02	1.34E+02	1.11E+02	9.45E+01	1.44E+01
SP.Syn.Abst.498	7.58E+01	1.63E+02	1.93E+02	1.14E+02	1.25E+02	2.66E+01
SP.Syn.Abst.499	1.95E+02	1.19E+02	1.22E+02	1.59E+02	1.18E+02	2.62E+01
SP.Syn.Abst.500	1.41E+02	1.45E+02	1.48E+02	1.25E+02	1.18E+02	8.56E+01
SP.Syn.Abst.501	8.07E+01	9.07E+01	1.12E+02	9.42E+01	8.46E+01	4.77E+01
SP.Syn.Abst.502	1.56E+02	7.80E+01	8.54E+01	1.18E+02	1.07E+02	1.77E+01
SP.Syn.Abst.503	6.73E+01	6.40E+01	7.57E+01	7.27E+01	5.54E+01	2.22E+01
SP.Syn.Abst.504	6.89E+01	9.37E+01	1.08E+02	7.79E+01	8.65E+01	3.17E+01
SP.Syn.Abst.505	1.11E+02	1.26E+02	1.52E+02	1.27E+02	1.05E+02	3.18E+01
SP.Syn.Abst.506	1.95E+02	1.23E+02	1.49E+02	1.93E+02	1.56E+02	2.85E+01
SP.Syn.Abst.507	8.64E+01	5.30E+01	4.86E+01	7.49E+01	7.25E+01	2.09E+01
SP.Syn.Abst.508	2.23E+02	1.16E+02	1.31E+02	1.75E+02	1.22E+02	3.84E+01
SP.Syn.Abst.509	6.73E+01	1.14E+02	1.21E+02	8.57E+01	1.08E+02	4.79E+01
SP.Syn.Abst.510	1.46E+02	9.41E+01	1.05E+02	1.29E+02	1.09E+02	3.93E+01
SP.Syn.Abst.511	1.33E+02	9.80E+01	1.15E+02	1.02E+02	8.48E+01	2.96E+01
SP.Syn.Abst.512	1.33E+02	1.19E+02	8.69E+01	1.36E+02	1.10E+02	2.57E+01
SP.Syn.Abst.513	1.65E+02	8.04E+01	1.02E+02	1.35E+02	9.83E+01	2.34E+01
SP.Syn.Abst.514	9.23E+01	8.61E+01	1.09E+02	8.13E+01	7.72E+01	3.07E+01
SP.Syn.Abst.515	3.55E+02	1.36E+02	1.67E+02	2.64E+02	1.88E+02	3.06E+01
SP.Syn.Abst.516	9.25E+01	5.72E+01	7.05E+01	1.11E+02	7.59E+01	3.54E+01
SP.Syn.Abst.517	5.94E+01	1.33E+02	1.83E+02	8.51E+01	1.21E+02	2.37E+01
SP.Syn.Abst.518	4.17E+01	7.10E+01	1.01E+02	5.35E+01	7.92E+01	3.10E+01
SP.Syn.Abst.519	1.57E+02	8.43E+01	1.06E+02	1.39E+02	8.69E+01	2.40E+01
SP.Syn.Abst.520	1.25E+02	7.97E+01	8.80E+01	9.07E+01	1.03E+02	3.78E+01
SP.Syn.Abst.521	1.78E+01	5.85E+01	7.00E+01	3.15E+01	4.37E+01	1.07E+01
SP.Syn.Abst.522	3.64E+02	1.28E+02	1.66E+02	2.71E+02	2.12E+02	4.90E+01
SP.Syn.Abst.523	5.29E+01	5.51E+01	6.01E+01	5.67E+01	6.10E+01	3.13E+01
SP.Syn.Abst.524	5.92E+01	5.68E+01	6.69E+01	5.14E+01	4.99E+01	2.51E+01
SP.Syn.Abst.525	1.80E+02	9.66E+01	1.05E+02	1.57E+02	1.34E+02	3.32E+01
SP.Syn.Abst.526	1.57E+02	6.84E+01	8.36E+01	1.60E+02	1.11E+02	3.12E+01
SP.Syn.Abst.527	9.59E+01	1.54E+02	1.74E+02	1.11E+02	1.38E+02	4.28E+01
SP.Syn.Abst.528	1.98E+02	1.53E+02	1.69E+02	1.85E+02	1.24E+02	2.21E+01
SP.Syn.Abst.529	1.14E+02	1.08E+02	9.88E+01	1.23E+02	9.37E+01	2.73E+01
SP.Syn.Abst.530	1.48E+02	7.38E+01	8.58E+01	1.35E+02	9.78E+01	2.48E+01
SP.Syn.Abst.531	1.55E+01	3.51E+01	4.41E+01	2.22E+01	3.26E+01	3.13E+00
SP.Syn.Abst.532	1.10E+02	7.87E+01	9.41E+01	9.84E+01	7.67E+01	1.99E+01
SP.Syn.Abst.533	1.16E+02	9.58E+01	9.68E+01	8.82E+01	8.94E+01	3.66E+01
SP.Syn.Abst.534	7.67E+01	8.04E+01	9.74E+01	6.76E+01	8.00E+01	3.96E+01
SP.Syn.Abst.535	1.06E+02	1.20E+02	1.49E+02	1.13E+02	1.10E+02	3.22E+01
SP.Syn.Abst.536	7.91E+01	7.68E+01	9.33E+01	7.24E+01	7.39E+01	1.94E+01
SP.Syn.Abst.537	1.11E+02	9.16E+01	1.18E+02	1.20E+02	7.65E+01	4.80E+01
SP.Syn.Abst.538	6.99E+01	1.03E+02	1.32E+02	7.16E+01	7.35E+01	3.13E+01
SP.Syn.Abst.539	2.21E+02	8.48E+01	1.42E+02	1.46E+02	1.20E+02	3.50E+01
SP.Syn.Abst.540	2.94E+02	1.11E+02	1.42E+02	2.29E+02	1.83E+02	3.31E+01
SP.Syn.Abst.541	1.06E+02	8.94E+01	1.24E+02	1.08E+02	8.00E+01	2.37E+01
SP.Syn.Abst.542	1.56E+02	6.81E+01	7.68E+01	1.28E+02	1.03E+02	2.36E+01
SP.Syn.Abst.543	1.60E+02	1.43E+02	1.52E+02	1.27E+02	1.18E+02	3.54E+01
SP.Syn.Abst.544	9.53E+01	7.91E+01	9.64E+01	6.69E+01	9.42E+01	2.64E+01
SP.Syn.Abst.545	7.90E+01	8.12E+01	9.34E+01	8.45E+01	7.15E+01	3.63E+01
SP.Syn.Abst.546	1.38E+02	8.34E+01	1.19E+02	1.33E+02	1.02E+02	3.72E+01
SP.Syn.Abst.547	1.36E+02	6.82E+01	1.09E+02	1.21E+02	9.73E+01	2.93E+01
SP.Syn.Abst.548	8.39E+01	5.73E+01	6.16E+01	8.67E+01	5.08E+01	2.05E+01
SP.Syn.Abst.549	6.70E+01	1.13E+02	1.30E+02	8.30E+01	1.04E+02	2.66E+01
SP.Syn.Abst.550	9.70E+01	7.73E+01	9.03E+01	7.38E+01	6.99E+01	1.45E+01
SP.Syn.Abst.551	1.00E+02	1.05E+02	1.10E+02	9.97E+01	1.07E+02	5.66E+01
SP.Syn.Abst.552	9.66E+01	1.54E+02	1.88E+02	1.19E+02	1.06E+02	1.94E+01
SP.Syn.Abst.553	6.37E+01	6.77E+01	7.25E+01	6.23E+01	5.80E+01	1.89E+01
SP.Syn.Abst.554	3.79E+01	5.52E+01	5.15E+01	4.96E+01	4.95E+01	2.26E+01
SP.Syn.Abst.555	9.19E+01	9.07E+01	1.07E+02	9.34E+01	7.87E+01	3.24E+01
SP.Syn.Abst.556	3.39E+01	6.55E+01	7.82E+01	4.26E+01	7.08E+01	2.56E+01
SP.Syn.Abst.557	1.15E+02	1.11E+02	1.50E+02	9.37E+01	1.10E+02	3.87E+01
SP.Syn.Abst.558	9.07E+01	8.93E+01	1.17E+02	8.96E+01	7.24E+01	4.45E+01
SP.Syn.Abst.559	2.25E+02	9.27E+01	9.44E+01	1.70E+02	1.14E+02	3.84E+01
SP.Syn.Abst.560	1.38E+02	7.65E+01	7.62E+01	1.19E+02	7.39E+01	2.35E+01
SP.Syn.Abst.561	1.20E+02	1.12E+02	1.29E+02	1.17E+02	1.19E+02	2.66E+01
SP.Syn.Abst.562	8.45E+01	9.88E+01	1.32E+02	1.25E+02	9.90E+01	3.19E+01
SP.Syn.Abst.563	2.00E+02	7.37E+01	8.32E+01	1.53E+02	1.21E+02	2.90E+01
SP.Syn.Abst.564	4.16E+02	1.22E+02	1.84E+02	2.99E+02	2.23E+02	3.22E+01
SP.Syn.Abst.565	9.69E+01	1.90E+02	2.59E+02	1.27E+02	1.67E+02	2.33E+01
SP.Syn.Abst.566	1.91E+02	1.57E+02	2.09E+02	1.71E+02	1.43E+02	4.38E+01
SP.Syn.Abst.567	7.23E+01	7.11E+01	7.71E+01	7.01E+01	6.75E+01	2.89E+01
SP.Syn.Abst.568	1.56E+02	9.71E+01	1.07E+02	1.47E+02	1.03E+02	2.12E+01
SP.Syn.Abst.569	1.13E+02	1.01E+02	9.72E+01	1.18E+02	9.40E+01	1.83E+01
SP.Syn.Abst.570	1.94E+02	8.59E+01	8.51E+01	1.56E+02	1.43E+02	2.57E+01
SP.Syn.Abst.571	9.88E+01	1.78E+02	2.29E+02	1.23E+02	1.53E+02	2.47E+01
SP.Syn.Abst.572	8.34E+01	1.79E+02	2.00E+02	1.11E+02	1.50E+02	3.72E+01
SP.Syn.Abst.573	8.87E+01	4.50E+01	5.19E+01	7.43E+01	6.90E+01	2.68E+01
SP.Syn.Abst.574	5.11E+01	7.24E+01	7.40E+01	5.82E+01	7.60E+01	2.31E+01
SP.Syn.Abst.575	1.05E+02	1.65E+02	1.71E+02	1.54E+02	1.65E+02	3.28E+01
SP.Syn.Abst.576	1.58E+02	1.33E+02	1.50E+02	1.37E+02	1.11E+02	1.91E+01
SP.Syn.Abst.577	1.02E+02	1.13E+02	1.37E+02	1.04E+02	1.00E+02	3.03E+01
SP.Syn.Abst.578	1.44E+02	1.07E+02	1.28E+02	1.15E+02	1.28E+02	2.95E+01
SP.Syn.Abst.579	1.32E+02	7.39E+01	1.07E+02	1.09E+02	9.42E+01	3.44E+01
SP.Syn.Abst.580	9.95E+01	9.64E+01	1.40E+02	1.33E+02	1.13E+02	3.51E+01
SP.Syn.Abst.581	7.32E+01	6.60E+01	7.20E+01	5.80E+01	5.08E+01	2.47E+01
SP.Syn.Abst.582	1.42E+02	5.73E+01	7.60E+01	1.41E+02	8.81E+01	2.62E+01
SP.Syn.Abst.583	6.40E+01	6.97E+01	8.63E+01	5.39E+01	5.01E+01	2.16E+01
SP.Syn.Abst.584	8.31E+01	1.49E+02	1.39E+02	1.16E+02	1.07E+02	1.59E+01
SP.Syn.Abst.585	1.66E+02	9.23E+01	1.06E+02	1.59E+02	1.08E+02	3.14E+01
SP.Syn.Abst.586	1.19E+02	1.61E+02	1.50E+02	1.46E+02	1.22E+02	7.69E+01
SP.Syn.Abst.587	1.08E+02	1.16E+02	1.28E+02	1.26E+02	8.41E+01	2.93E+01
SP.Syn.Abst.588	1.22E+02	9.74E+01	9.20E+01	1.14E+02	9.42E+01	2.72E+01
SP.Syn.Abst.589	1.12E+02	1.16E+02	1.34E+02	1.04E+02	1.10E+02	3.42E+01
SP.Syn.Abst.590	8.25E+01	1.06E+02	1.13E+02	7.27E+01	9.69E+01	4.74E+01
SP.Syn.Abst.591	6.53E+01	4.55E+01	5.26E+01	5.73E+01	5.37E+01	1.36E+01
SP.Syn.Abst.592	4.92E+02	1.28E+02	2.29E+02	3.65E+02	2.42E+02	4.79E+01
SP.Syn.Abst.593	9.49E+01	7.01E+01	8.94E+01	9.03E+01	5.78E+01	2.47E+01
SP.Syn.Abst.594	1.76E+02	9.45E+01	1.13E+02	1.46E+02	1.18E+02	4.16E+01
SP.Syn.Abst.595	1.13E+02	9.89E+01	1.19E+02	1.17E+02	6.22E+01	3.77E+01
SP.Syn.Abst.596	1.01E+02	1.09E+02	1.01E+02	9.25E+01	7.84E+01	3.23E+01
SP.Syn.Abst.597	7.70E+01	4.43E+01	5.13E+01	7.29E+01	6.79E+01	2.75E+01
SP.Syn.Abst.598	1.61E+02	1.06E+02	9.68E+01	1.81E+02	1.28E+02	3.48E+01
SP.Syn.Abst.599	7.72E+01	7.79E+01	7.46E+01	5.78E+01	7.52E+01	2.78E+01
SP.Syn.Abst.600	6.64E+01	8.26E+01	7.71E+01	5.23E+01	7.15E+01	2.43E+01
SP.Syn.Abst.601	8.99E+01	1.10E+02	1.15E+02	8.62E+01	1.08E+02	2.42E+01
SP.Syn.Abst.602	1.33E+02	1.12E+02	1.22E+02	1.19E+02	1.23E+02	4.11E+01
SP.Syn.Abst.603	1.13E+02	8.26E+01	1.09E+02	8.42E+01	7.91E+01	3.04E+01
SP.Syn.Abst.604	3.42E+01	4.96E+01	6.37E+01	3.87E+01	6.65E+01	1.61E+01
SP.Syn.Abst.605	9.01E+01	5.23E+01	6.06E+01	7.12E+01	6.45E+01	1.94E+01
SP.Syn.Abst.606	1.89E+02	1.37E+02	1.21E+02	1.53E+02	9.80E+01	3.16E+01
SP.Syn.Abst.607	1.55E+02	1.26E+02	1.56E+02	1.41E+02	1.23E+02	5.03E+01
SP.Syn.Abst.608	9.80E+01	5.19E+01	5.28E+01	9.93E+01	7.07E+01	1.62E+01
SP.Syn.Abst.609	1.30E+02	9.22E+01	9.08E+01	1.14E+02	8.77E+01	2.46E+01
SP.Syn.Abst.610	5.76E+01	8.88E+01	1.12E+02	7.06E+01	8.56E+01	1.80E+01
SP.Syn.Abst.611	2.37E+02	8.22E+01	1.12E+02	1.93E+02	1.53E+02	4.32E+01
SP.Syn.Abst.612	6.16E+01	9.50E+01	9.16E+01	7.35E+01	8.68E+01	3.24E+01
SP.Syn.Abst.613	1.17E+02	5.37E+01	6.82E+01	1.03E+02	6.32E+01	3.44E+01
SP.Syn.Abst.614	3.75E+01	9.90E+01	1.30E+02	5.97E+01	9.61E+01	1.14E+01
SP.Syn.Abst.615	1.26E+02	1.28E+02	1.14E+02	1.12E+02	9.22E+01	3.61E+01
SP.Syn.Abst.616	6.08E+01	7.95E+01	9.91E+01	6.06E+01	6.29E+01	2.18E+01
SP.Syn.Abst.617	5.09E+01	5.60E+01	6.09E+01	6.07E+01	5.97E+01	3.06E+01
SP.Syn.Abst.618	3.17E+02	9.93E+01	1.29E+02	2.73E+02	2.32E+02	3.43E+01
SP.Syn.Abst.619	1.89E+02	1.62E+02	1.40E+02	1.71E+02	1.56E+02	3.77E+01
SP.Syn.Abst.620	8.26E+01	1.18E+02	1.21E+02	9.03E+01	9.77E+01	3.18E+01
SP.Syn.Abst.621	9.84E+01	1.45E+02	1.62E+02	8.43E+01	1.05E+02	3.01E+01
SP.Syn.Abst.622	9.44E+01	1.24E+02	1.51E+02	9.60E+01	7.85E+01	2.62E+01
SP.Syn.Abst.623	1.49E+02	1.17E+02	1.06E+02	1.36E+02	1.10E+02	3.65E+01
SP.Syn.Abst.624	2.63E+02	1.16E+02	1.20E+02	2.33E+02	1.42E+02	5.09E+01
SP.Syn.Abst.625	3.31E+01	1.13E+02	1.20E+02	5.41E+01	1.11E+02	2.75E+01
SP.Syn.Abst.626	1.11E+02	8.64E+01	8.50E+01	9.55E+01	8.98E+01	2.78E+01
SP.Syn.Abst.627	8.94E+01	5.16E+01	5.55E+01	8.36E+01	7.58E+01	2.76E+01
SP.Syn.Abst.628	7.46E+01	8.87E+01	9.52E+01	8.68E+01	8.52E+01	3.17E+01
SP.Syn.Abst.629	1.02E+02	7.56E+01	9.16E+01	9.68E+01	5.62E+01	3.71E+01
SP.Syn.Abst.630	1.01E+02	7.78E+01	7.76E+01	8.57E+01	7.33E+01	2.54E+01
SP.Syn.Abst.631	2.09E+02	9.49E+01	1.43E+02	1.76E+02	1.29E+02	2.96E+01
SP.Syn.Abst.632	3.04E+01	7.59E+01	9.88E+01	4.89E+01	8.07E+01	1.72E+01
SP.Syn.Abst.633	3.91E+02	1.32E+02	1.48E+02	2.66E+02	1.81E+02	3.49E+01
SP.Syn.Abst.634	1.39E+02	1.22E+02	1.29E+02	1.31E+02	9.84E+01	3.70E+01
SP.Syn.Abst.635	1.37E+02	5.90E+01	8.05E+01	1.35E+02	8.85E+01	2.20E+01
SP.Syn.Abst.636	8.53E+01	7.48E+01	9.66E+01	7.61E+01	8.38E+01	3.62E+01
SP.Syn.Abst.637	6.44E+01	6.03E+01	8.84E+01	7.49E+01	7.60E+01	3.89E+01
SP.Syn.Abst.638	1.51E+02	9.26E+01	1.01E+02	1.59E+02	8.91E+01	2.78E+01
SP.Syn.Abst.639	3.01E+02	1.23E+02	1.14E+02	2.29E+02	1.55E+02	5.29E+01
SP.Syn.Abst.640	1.40E+02	1.06E+02	1.32E+02	1.28E+02	1.08E+02	2.39E+01
SP.Syn.Abst.641	4.96E+01	4.92E+01	5.38E+01	5.24E+01	5.03E+01	3.41E+01
SP.Syn.Abst.642	9.31E+01	1.61E+01	3.62E+01	7.21E+01	7.20E+01	1.53E+01
SP.Syn.Abst.643	1.79E+02	9.75E+01	8.32E+01	1.74E+02	1.44E+02	6.21E+01
SP.Syn.Abst.644	1.25E+02	6.17E+01	6.99E+01	1.06E+02	8.83E+01	2.05E+01
SP.Syn.Abst.645	5.97E+01	4.83E+01	5.79E+01	7.14E+01	6.28E+01	2.80E+01
SP.Syn.Abst.646	1.16E+02	1.30E+01	4.83E+01	9.58E+01	7.06E+01	1.91E+01
SP.Syn.Abst.647	1.35E+02	1.24E+02	1.40E+02	1.20E+02	8.13E+01	3.14E+01
SP.Syn.Abst.648	1.51E+02	1.36E+02	1.35E+02	1.26E+02	9.83E+01	3.06E+01
SP.Syn.Abst.649	8.96E+01	8.69E+01	9.86E+01	9.61E+01	6.96E+01	2.91E+01
SP.Syn.Abst.650	1.09E+02	6.68E+01	9.18E+01	9.60E+01	7.86E+01	2.41E+01
SP.Syn.Abst.651	8.47E+01	8.01E+01	1.02E+02	8.09E+01	6.54E+01	2.41E+01
SP.Syn.Abst.652	1.54E+02	9.58E+01	9.76E+01	1.27E+02	7.89E+01	2.97E+01
SP.Syn.Abst.653	8.37E+01	6.45E+01	9.31E+01	7.59E+01	5.95E+01	2.17E+01
SP.Syn.Abst.654	1.78E+02	7.67E+01	9.52E+01	1.64E+02	1.10E+02	2.31E+01
SP.Syn.Abst.655	8.92E+01	8.70E+01	1.00E+02	9.48E+01	7.31E+01	3.17E+01
SP.Syn.Abst.656	2.24E+02	8.45E+01	1.19E+02	1.70E+02	1.78E+02	3.17E+01
SP.Syn.Abst.657	7.44E+01	7.00E+01	5.45E+01	7.54E+01	6.07E+01	2.46E+01
SP.Syn.Abst.658	3.17E+02	1.54E+02	1.80E+02	2.50E+02	1.64E+02	3.69E+01
SP.Syn.Abst.659	1.24E+02	5.38E+01	6.65E+01	9.43E+01	6.53E+01	1.71E+01
SP.Syn.Abst.660	6.60E+01	6.34E+01	6.08E+01	5.79E+01	6.03E+01	2.69E+01
SP.Syn.Abst.661	7.76E+01	1.28E+02	1.41E+02	7.53E+01	1.09E+02	2.49E+01
SP.Syn.Abst.662	2.69E+02	1.08E+02	1.30E+02	2.00E+02	1.69E+02	2.07E+01
SP.Syn.Abst.663	7.74E+01	1.10E+02	1.14E+02	7.86E+01	8.46E+01	3.53E+01
SP.Syn.Abst.664	6.02E+01	8.19E+01	8.90E+01	7.65E+01	7.46E+01	1.56E+01
SP.Syn.Abst.665	5.76E+01	8.66E+01	9.74E+01	6.59E+01	9.21E+01	2.01E+01
SP.Syn.Abst.666	8.45E+01	8.51E+01	8.29E+01	1.05E+02	7.01E+01	1.60E+01
SP.Syn.Abst.667	1.80E+02	1.05E+02	1.27E+02	1.40E+02	1.27E+02	4.58E+01
SP.Syn.Abst.668	4.92E+01	5.44E+01	5.63E+01	5.36E+01	6.09E+01	1.83E+01
SP.Syn.Abst.669	2.08E+02	1.49E+02	1.74E+02	1.87E+02	1.37E+02	3.86E+01
SP.Syn.Abst.670	1.69E+02	5.82E+01	8.86E+01	1.39E+02	1.13E+02	2.98E+01
SP.Syn.Abst.671	1.04E+02	7.28E+01	7.19E+01	9.72E+01	6.74E+01	2.08E+01
SP.Syn.Abst.672	3.55E+02	1.08E+02	1.73E+02	2.55E+02	2.09E+02	3.97E+01
SP.Syn.Abst.673	1.45E+02	1.10E+02	1.10E+02	1.36E+02	1.05E+02	2.72E+01
SP.Syn.Abst.674	1.55E+02	6.75E+01	8.28E+01	1.35E+02	1.26E+02	2.37E+01
SP.Syn.Abst.675	1.48E+02	9.73E+01	1.11E+02	9.90E+01	6.53E+01	2.78E+01
SP.Syn.Abst.676	6.34E+01	7.08E+01	1.03E+02	6.41E+01	8.37E+01	1.96E+01
SP.Syn.Abst.677	1.27E+02	1.05E+02	1.13E+02	1.01E+02	1.29E+02	4.19E+01
SP.Syn.Abst.678	1.77E+02	1.90E+02	2.00E+02	1.59E+02	1.32E+02	2.48E+01
SP.Syn.Abst.679	1.56E+02	1.21E+02	1.46E+02	1.08E+02	6.57E+01	2.84E+01
SP.Syn.Abst.680	1.21E+02	1.01E+02	1.03E+02	9.91E+01	9.70E+01	3.06E+01
SP.Syn.Abst.681	1.14E+02	1.07E+02	9.97E+01	1.05E+02	1.21E+02	3.22E+01
SP.Syn.Abst.682	7.83E+01	1.07E+02	1.51E+02	7.82E+01	9.80E+01	1.86E+01
SP.Syn.Abst.683	8.22E+01	7.00E+01	9.00E+01	7.98E+01	8.10E+01	1.81E+01
SP.Syn.Abst.684	8.55E+01	9.43E+01	1.20E+02	9.64E+01	7.61E+01	1.62E+01
SP.Syn.Abst.685	1.30E+02	5.82E+01	7.16E+01	1.06E+02	6.82E+01	2.34E+01
SP.Syn.Abst.686	1.12E+02	1.80E+02	2.05E+02	1.36E+02	1.54E+02	2.82E+01
SP.Syn.Abst.687	1.33E+02	9.17E+01	1.14E+02	1.20E+02	8.62E+01	4.19E+01
SP.Syn.Abst.688	1.05E+02	1.04E+02	1.14E+02	7.86E+01	9.80E+01	2.39E+01
SP.Syn.Abst.689	1.40E+02	1.35E+02	1.68E+02	1.64E+02	1.49E+02	7.11E+01
SP.Syn.Abst.690	1.52E+02	7.87E+01	9.00E+01	1.19E+02	1.10E+02	2.44E+01
SP.Syn.Abst.691	3.29E+02	1.12E+02	1.44E+02	2.74E+02	1.81E+02	4.47E+01
SP.Syn.Abst.692	1.04E+02	9.74E+01	8.63E+01	1.08E+02	8.88E+01	2.02E+01
SP.Syn.Abst.693	6.26E+01	6.30E+01	7.79E+01	6.53E+01	5.89E+01	1.58E+01
SP.Syn.Abst.694	2.00E+02	1.08E+02	1.11E+02	1.47E+02	1.13E+02	5.85E+01
SP.Syn.Abst.695	1.79E+02	1.45E+02	1.70E+02	1.54E+02	1.21E+02	2.75E+01
SP.Syn.Abst.696	1.67E+02	1.96E+02	1.90E+02	1.53E+02	1.68E+02	4.51E+01
SP.Syn.Abst.697	3.46E+02	8.46E+01	1.57E+02	3.10E+02	1.99E+02	3.41E+01
SP.Syn.Abst.698	2.90E+02	1.35E+02	1.32E+02	2.44E+02	1.54E+02	3.85E+01
SP.Syn.Abst.699	1.32E+02	1.57E+02	1.67E+02	1.37E+02	1.08E+02	3.65E+01
SP.Syn.Abst.700	7.82E+01	6.85E+01	6.17E+01	5.05E+01	5.03E+01	2.40E+01
SP.Syn.Abst.701	1.72E+02	9.21E+01	9.17E+01	1.14E+02	9.01E+01	3.61E+01
SP.Syn.Abst.702	8.76E+01	5.83E+01	6.80E+01	7.88E+01	7.67E+01	2.69E+01
SP.Syn.Abst.703	1.36E+02	5.81E+01	7.59E+01	1.09E+02	7.33E+01	2.27E+01
SP.Syn.Abst.704	7.37E+01	1.57E+02	1.85E+02	1.01E+02	1.41E+02	2.84E+01
SP.Syn.Abst.705	5.64E+01	5.62E+01	5.57E+01	8.03E+01	6.75E+01	3.34E+01
SP.Syn.Abst.706	5.64E+01	1.07E+02	1.23E+02	7.30E+01	8.68E+01	2.42E+01
SP.Syn.Abst.707	6.24E+01	8.93E+01	8.79E+01	6.78E+01	7.07E+01	2.91E+01
SP.Syn.Abst.708	6.14E+01	5.95E+01	8.51E+01	7.16E+01	7.06E+01	2.06E+01
SP.Syn.Abst.709	1.40E+02	1.86E+02	1.55E+02	1.40E+02	1.14E+02	6.84E+01
SP.Syn.Abst.710	2.15E+02	6.56E+01	9.90E+01	1.90E+02	1.77E+02	4.22E+01
SP.Syn.Abst.711	1.73E+02	1.10E+02	9.89E+01	1.48E+02	1.16E+02	2.99E+01
SP.Syn.Abst.712	1.37E+02	9.11E+01	1.08E+02	1.24E+02	7.86E+01	2.06E+01
SP.Syn.Abst.713	1.25E+02	7.58E+01	8.42E+01	1.09E+02	7.16E+01	4.00E+01
SP.Syn.Abst.714	6.64E+01	5.38E+01	6.37E+01	7.20E+01	7.41E+01	4.16E+01
SP.Syn.Abst.715	1.25E+02	1.35E+02	1.49E+02	1.08E+02	1.09E+02	3.47E+01
SP.Syn.Abst.716	1.17E+02	1.05E+02	1.39E+02	1.18E+02	8.82E+01	3.17E+01
SP.Syn.Abst.717	1.60E+02	9.46E+01	1.02E+02	1.68E+02	1.19E+02	5.36E+01
SP.Syn.Abst.718	2.93E+02	8.40E+01	1.30E+02	2.52E+02	2.00E+02	4.74E+01
SP.Syn.Abst.719	8.58E+01	8.35E+01	9.19E+01	8.70E+01	6.45E+01	1.79E+01
SP.Syn.Abst.720	6.51E+01	9.12E+01	9.55E+01	5.93E+01	8.53E+01	3.58E+01
SP.Syn.Abst.721	1.12E+02	9.69E+01	9.43E+01	9.75E+01	7.91E+01	3.17E+01
SP.Syn.Abst.722	1.23E+02	8.96E+01	1.25E+02	1.10E+02	7.61E+01	1.73E+01
SP.Syn.Abst.723	1.67E+02	1.23E+02	1.20E+02	1.47E+02	1.04E+02	3.42E+01
SP.Syn.Abst.724	1.82E+02	9.59E+01	1.00E+02	1.29E+02	9.46E+01	3.01E+01
SP.Syn.Abst.725	1.21E+02	1.04E+02	1.23E+02	1.51E+02	8.88E+01	2.86E+01
SP.Syn.Abst.726	8.54E+01	5.87E+01	7.63E+01	6.42E+01	5.69E+01	2.94E+01
SP.Syn.Abst.727	9.81E+01	9.47E+01	9.83E+01	8.11E+01	9.07E+01	1.97E+01
SP.Syn.Abst.728	1.22E+02	1.19E+02	1.33E+02	1.20E+02	9.92E+01	2.97E+01
SP.Syn.Abst.729	5.53E+02	1.23E+02	2.30E+02	4.38E+02	3.45E+02	6.02E+01
SP.Syn.Abst.730	7.04E+01	9.40E+01	8.49E+01	7.09E+01	6.49E+01	2.56E+01
SP.Syn.Abst.731	8.92E+01	1.00E+02	1.34E+02	8.49E+01	7.44E+01	3.65E+01
SP.Syn.Abst.732	9.00E+01	9.09E+01	9.05E+01	9.66E+01	6.74E+01	1.80E+01
SP.Syn.Abst.733	8.23E+01	9.01E+01	9.31E+01	5.98E+01	5.74E+01	2.35E+01
SP.Syn.Abst.734	7.35E+01	1.58E+02	1.96E+02	9.38E+01	1.28E+02	2.11E+01
SP.Syn.Abst.735	5.15E+01	6.82E+01	6.63E+01	6.15E+01	5.83E+01	2.31E+01
SP.Syn.Abst.736	2.43E+02	9.25E+01	1.11E+02	1.78E+02	1.88E+02	3.70E+01
SP.Syn.Abst.737	1.12E+02	9.03E+01	1.10E+02	1.16E+02	1.10E+02	3.02E+01
SP.Syn.Abst.738	1.16E+02	7.68E+01	8.98E+01	1.05E+02	7.61E+01	3.08E+01
SP.Syn.Abst.739	2.06E+02	1.45E+02	1.19E+02	1.78E+02	1.26E+02	5.58E+01
SP.Syn.Abst.740	9.81E+01	1.30E+02	1.55E+02	1.22E+02	1.11E+02	3.05E+01
SP.Syn.Abst.741	1.00E+02	7.57E+01	8.49E+01	8.23E+01	6.87E+01	2.18E+01
SP.Syn.Abst.742	9.84E+01	8.22E+01	8.29E+01	8.58E+01	9.31E+01	2.48E+01
SP.Syn.Abst.743	1.58E+02	7.74E+01	1.08E+02	1.44E+02	1.19E+02	2.76E+01
SP.Syn.Abst.744	1.33E+02	1.67E+02	1.71E+02	1.55E+02	1.49E+02	5.17E+01
SP.Syn.Abst.745	1.19E+02	1.09E+02	1.29E+02	1.06E+02	1.12E+02	4.26E+01
SP.Syn.Abst.746	1.36E+02	2.05E+02	2.63E+02	1.27E+02	1.59E+02	2.07E+01
SP.Syn.Abst.747	1.16E+02	9.50E+01	1.16E+02	1.08E+02	1.03E+02	1.68E+01
SP.Syn.Abst.748	9.29E+01	9.50E+01	1.18E+02	8.10E+01	1.02E+02	2.81E+01
SP.Syn.Abst.749	8.27E+01	1.85E+01	3.34E+01	8.19E+01	7.12E+01	2.17E+01
SP.Syn.Abst.750	5.14E+01	1.17E+02	1.17E+02	9.56E+01	9.58E+01	3.17E+01
SP.Syn.Abst.751	1.17E+02	7.73E+01	9.18E+01	1.23E+02	6.55E+01	3.99E+01
SP.Syn.Abst.752	8.95E+01	6.52E+01	7.52E+01	8.23E+01	6.70E+01	2.80E+01
SP.Syn.Abst.753	9.93E+01	7.47E+01	9.08E+01	1.15E+02	9.43E+01	2.62E+01
SP.Syn.Abst.754	3.03E+02	1.14E+02	1.48E+02	2.47E+02	1.66E+02	3.67E+01
SP.Syn.Abst.755	8.91E+01	1.40E+02	1.52E+02	8.91E+01	1.13E+02	3.36E+01
SP.Syn.Abst.756	1.21E+02	1.26E+02	9.65E+01	9.12E+01	9.67E+01	3.85E+01
SP.Syn.Abst.757	7.25E+01	6.38E+01	8.23E+01	6.94E+01	6.34E+01	1.98E+01
SP.Syn.Abst.758	6.01E+01	9.88E+01	1.28E+02	7.43E+01	7.81E+01	2.73E+01
SP.Syn.Abst.759	1.58E+02	8.11E+01	8.33E+01	1.20E+02	8.83E+01	3.96E+01
SP.Syn.Abst.760	2.11E+01	6.49E+01	6.09E+01	2.52E+01	4.96E+01	1.63E+01
SP.Syn.Abst.761	2.54E+02	1.16E+02	1.33E+02	1.97E+02	1.70E+02	2.77E+01
SP.Syn.Abst.762	3.03E+02	1.23E+02	1.58E+02	2.38E+02	2.21E+02	3.82E+01
SP.Syn.Abst.763	1.40E+02	9.73E+01	1.22E+02	1.17E+02	9.21E+01	4.09E+01
SP.Syn.Abst.764	2.59E+01	5.37E+01	6.88E+01	2.49E+01	5.79E+01	1.17E+01
SP.Syn.Abst.765	1.31E+02	1.09E+02	1.31E+02	1.43E+02	1.11E+02	3.28E+01
SP.Syn.Abst.766	8.11E+01	9.39E+01	1.22E+02	7.67E+01	1.02E+02	2.41E+01
SP.Syn.Abst.767	5.51E+01	9.65E+01	7.48E+01	1.06E+02	7.42E+01	5.05E+01
SP.Syn.Abst.768	7.93E+01	1.33E+02	1.13E+02	1.03E+02	1.09E+02	3.28E+01
SP.Syn.Abst.769	8.17E+01	1.05E+02	8.52E+01	8.75E+01	9.06E+01	2.34E+01
SP.Syn.Abst.770	7.35E+01	1.02E+02	1.19E+02	8.16E+01	1.07E+02	2.34E+01
SP.Syn.Abst.771	1.62E+02	2.18E+02	2.20E+02	1.85E+02	1.73E+02	3.82E+01
SP.Syn.Abst.772	7.34E+01	9.05E+01	6.68E+01	7.37E+01	7.39E+01	2.33E+01
SP.Syn.Abst.773	1.66E+02	9.49E+01	1.20E+02	1.11E+02	9.40E+01	2.58E+01
SP.Syn.Abst.774	8.31E+01	1.09E+02	1.05E+02	8.55E+01	8.79E+01	3.73E+01
SP.Syn.Abst.775	1.03E+02	1.59E+02	1.86E+02	9.87E+01	1.15E+02	1.55E+01
SP.Syn.Abst.776	9.84E+01	7.96E+01	9.20E+01	1.01E+02	8.04E+01	1.95E+01
SP.Syn.Abst.777	9.12E+01	5.03E+01	5.71E+01	6.82E+01	6.25E+01	1.71E+01
SP.Syn.Abst.778	2.28E+02	7.94E+01	1.07E+02	1.78E+02	1.37E+02	3.09E+01
SP.Syn.Abst.779	1.08E+02	8.51E+01	9.45E+01	1.06E+02	6.63E+01	2.01E+01
SP.Syn.Abst.780	2.03E+02	9.87E+01	1.10E+02	1.76E+02	1.13E+02	1.83E+01
SP.Syn.Abst.781	1.55E+02	2.57E+02	3.09E+02	1.50E+02	2.19E+02	8.62E+01
SP.Syn.Abst.782	6.12E+01	7.93E+01	6.71E+01	8.24E+01	6.97E+01	3.69E+01
SP.Syn.Abst.783	2.86E+02	8.30E+01	1.52E+02	2.45E+02	2.10E+02	4.31E+01
SP.Syn.Abst.784	9.90E+01	1.07E+02	9.90E+01	8.35E+01	7.95E+01	3.22E+01
SP.Syn.Abst.785	1.15E+02	1.91E+02	2.18E+02	1.15E+02	1.49E+02	2.86E+01
SP.Syn.Abst.786	2.12E+02	8.79E+01	1.13E+02	1.70E+02	1.26E+02	3.33E+01
SP.Syn.Abst.787	7.03E+01	1.07E+02	1.38E+02	6.87E+01	9.27E+01	2.34E+01
SP.Syn.Abst.788	2.34E+02	1.08E+02	1.17E+02	1.81E+02	1.75E+02	3.79E+01
SP.Syn.Abst.789	2.25E+02	1.86E+02	2.25E+02	1.78E+02	1.67E+02	3.67E+01
SP.Syn.Abst.790	3.96E+01	6.87E+01	7.70E+01	5.29E+01	6.67E+01	3.50E+01
SP.Syn.Abst.791	1.45E+02	8.73E+01	1.06E+02	1.28E+02	1.08E+02	3.13E+01
SP.Syn.Abst.792	1.60E+02	8.68E+01	1.11E+02	9.82E+01	9.72E+01	3.40E+01
SP.Syn.Abst.793	1.12E+02	2.33E+02	2.70E+02	1.46E+02	1.64E+02	3.85E+01
SP.Syn.Abst.794	2.65E+02	8.97E+01	9.29E+01	1.93E+02	1.62E+02	3.13E+01
SP.Syn.Abst.795	1.49E+02	9.27E+01	1.27E+02	1.19E+02	1.05E+02	3.90E+01
SP.Syn.Abst.796	2.27E+02	1.23E+02	1.25E+02	2.19E+02	1.47E+02	3.99E+01
SP.Syn.Abst.797	8.41E+01	6.77E+01	6.94E+01	7.62E+01	8.37E+01	2.04E+01
SP.Syn.Abst.798	1.27E+02	1.55E+02	1.63E+02	1.65E+02	1.44E+02	7.42E+01
SP.Syn.Abst.799	3.38E+01	1.02E+02	1.23E+02	5.70E+01	9.47E+01	2.14E+01
SP.Syn.Abst.800	7.57E+01	1.50E+02	1.66E+02	8.35E+01	1.45E+02	3.05E+01
SP.Syn.Abst.801	1.07E+02	7.49E+01	7.71E+01	9.07E+01	8.37E+01	2.10E+01
SP.Syn.Abst.802	9.34E+01	8.39E+01	1.08E+02	9.84E+01	8.05E+01	2.59E+01
SP.Syn.Abst.803	1.19E+02	9.34E+01	8.85E+01	9.81E+01	9.51E+01	2.34E+01
SP.Syn.Abst.804	1.19E+02	7.48E+01	8.84E+01	1.18E+02	8.65E+01	2.48E+01
SP.Syn.Abst.805	1.03E+02	8.37E+01	9.63E+01	1.00E+02	9.09E+01	2.06E+01
SP.Syn.Abst.806	1.79E+02	1.98E+02	2.21E+02	1.51E+02	1.12E+02	3.54E+01
SP.Syn.Abst.807	1.84E+02	7.72E+01	9.54E+01	1.59E+02	9.82E+01	2.81E+01
SP.Syn.Abst.808	1.13E+02	6.09E+01	5.94E+01	1.10E+02	6.60E+01	2.25E+01
SP.Syn.Abst.809	2.21E+02	9.65E+01	1.21E+02	1.60E+02	1.01E+02	2.87E+01
SP.Syn.Abst.810	1.58E+02	8.72E+01	1.09E+02	1.19E+02	1.48E+02	3.32E+01
SP.Syn.Abst.811	1.72E+02	9.29E+01	1.22E+02	1.06E+02	1.10E+02	1.94E+01
SP.Syn.Abst.812	7.08E+01	8.39E+01	7.99E+01	7.07E+01	6.40E+01	2.62E+01
SP.Syn.Abst.813	2.49E+02	6.62E+01	1.16E+02	2.39E+02	1.38E+02	2.90E+01
SP.Syn.Abst.814	1.14E+02	9.31E+01	1.00E+02	7.63E+01	1.09E+02	2.20E+01
SP.Syn.Abst.815	1.65E+02	1.12E+02	1.19E+02	1.44E+02	8.57E+01	4.01E+01
SP.Syn.Abst.816	1.68E+02	8.70E+01	1.05E+02	1.54E+02	9.23E+01	3.00E+01
SP.Syn.Abst.817	1.68E+02	1.27E+02	1.41E+02	1.44E+02	8.37E+01	2.15E+01
SP.Syn.Abst.818	1.06E+02	6.01E+01	6.99E+01	1.13E+02	6.49E+01	2.97E+01
SP.Syn.Abst.819	1.73E+02	1.08E+02	1.36E+02	1.41E+02	1.11E+02	3.56E+01
SP.Syn.Abst.820	1.73E+02	1.05E+02	1.26E+02	1.45E+02	1.16E+02	5.05E+01
SP.Syn.Abst.821	7.53E+01	1.14E+02	1.31E+02	9.04E+01	1.08E+02	2.46E+01
SP.Syn.Abst.822	9.45E+01	1.75E+02	1.74E+02	1.40E+02	1.40E+02	3.93E+01
SP.Syn.Abst.823	1.07E+02	6.23E+01	6.82E+01	9.38E+01	8.78E+01	2.03E+01
SP.Syn.Abst.824	1.74E+02	9.78E+01	1.29E+02	1.22E+02	9.42E+01	3.06E+01
SP.Syn.Abst.825	1.02E+02	6.02E+01	6.83E+01	8.56E+01	5.96E+01	2.73E+01
SP.Syn.Abst.826	1.33E+02	1.03E+02	7.02E+01	1.11E+02	9.49E+01	3.97E+01
SP.Syn.Abst.827	2.40E+02	8.83E+01	1.29E+02	1.72E+02	1.48E+02	2.80E+01
SP.Syn.Abst.828	8.61E+01	7.57E+01	6.16E+01	7.70E+01	8.23E+01	3.25E+01
SP.Syn.Abst.829	1.78E+02	8.91E+01	1.03E+02	1.59E+02	9.58E+01	3.08E+01
SP.Syn.Abst.830	7.50E+01	9.79E+01	1.18E+02	6.14E+01	8.79E+01	2.44E+01
SP.Syn.Abst.831	7.84E+01	9.54E+01	9.53E+01	7.97E+01	7.89E+01	2.18E+01
SP.Syn.Abst.832	2.85E+02	1.24E+02	1.68E+02	2.10E+02	1.37E+02	7.90E+01
SP.Syn.Abst.833	1.46E+02	7.75E+01	7.10E+01	1.44E+02	8.16E+01	3.07E+01
SP.Syn.Abst.834	1.08E+02	2.30E+02	2.70E+02	1.39E+02	1.81E+02	2.79E+01
SP.Syn.Abst.835	1.29E+02	2.29E+02	2.17E+02	1.53E+02	1.56E+02	3.63E+01
SP.Syn.Abst.836	5.89E+01	6.85E+01	6.74E+01	7.24E+01	7.20E+01	2.53E+01
SP.Syn.Abst.837	2.10E+02	9.81E+01	1.24E+02	1.73E+02	1.17E+02	1.92E+01
SP.Syn.Abst.838	1.28E+02	6.62E+01	9.69E+01	1.14E+02	8.08E+01	3.01E+01
SP.Syn.Abst.839	3.68E+02	1.19E+02	1.31E+02	2.74E+02	1.98E+02	3.70E+01
SP.Syn.Abst.840	1.25E+02	1.41E+02	1.17E+02	1.11E+02	9.98E+01	2.83E+01
SP.Syn.Abst.841	6.96E+01	1.03E+02	1.12E+02	8.77E+01	1.05E+02	3.36E+01
SP.Syn.Abst.842	1.08E+02	6.15E+01	5.75E+01	9.70E+01	6.37E+01	2.25E+01
SP.Syn.Abst.843	1.42E+02	1.82E+02	1.87E+02	1.65E+02	1.71E+02	4.21E+01
SP.Syn.Abst.844	6.07E+01	9.49E+01	1.35E+02	8.22E+01	9.92E+01	2.28E+01
SP.Syn.Abst.845	8.63E+01	6.13E+01	8.03E+01	9.95E+01	6.79E+01	1.41E+01
SP.Syn.Abst.846	8.95E+01	1.34E+02	1.31E+02	7.80E+01	9.31E+01	4.46E+01
SP.Syn.Abst.847	1.34E+02	1.34E+02	1.58E+02	1.18E+02	1.16E+02	2.35E+01
SP.Syn.Abst.848	1.16E+02	6.03E+01	5.88E+01	9.89E+01	5.85E+01	2.31E+01
SP.Syn.Abst.849	1.13E+02	9.22E+01	1.14E+02	8.85E+01	8.83E+01	1.99E+01
SP.Syn.Abst.850	7.12E+01	4.42E+01	4.33E+01	7.06E+01	5.80E+01	1.80E+01
SP.Syn.Abst.851	7.27E+01	8.23E+01	8.10E+01	9.02E+01	9.74E+01	2.69E+01
SP.Syn.Abst.852	1.53E+02	1.79E+02	1.89E+02	1.70E+02	1.59E+02	4.18E+01
SP.Syn.Abst.853	1.44E+02	7.52E+01	9.23E+01	1.14E+02	9.17E+01	2.42E+01
SP.Syn.Abst.854	2.30E+02	1.13E+02	1.21E+02	1.98E+02	1.50E+02	5.77E+01
SP.Syn.Abst.855	2.43E+02	1.60E+02	1.62E+02	1.68E+02	1.47E+02	2.32E+01
SP.Syn.Abst.856	1.55E+02	1.23E+02	1.46E+02	1.18E+02	1.17E+02	2.38E+01
SP.Syn.Abst.857	1.09E+02	1.50E+02	1.68E+02	1.23E+02	1.34E+02	4.95E+01
SP.Syn.Abst.858	6.54E+01	6.48E+01	6.05E+01	6.54E+01	6.87E+01	2.26E+01
SP.Syn.Abst.859	9.73E+01	1.07E+02	8.48E+01	1.33E+02	1.16E+02	7.00E+01
SP.Syn.Abst.860	6.87E+01	9.18E+01	1.22E+02	9.19E+01	8.45E+01	3.90E+01
SP.Syn.Abst.861	1.35E+02	1.06E+02	1.09E+02	1.11E+02	8.29E+01	4.12E+01
SP.Syn.Abst.862	6.17E+01	9.38E+01	9.88E+01	8.35E+01	8.76E+01	2.34E+01
SP.Syn.Abst.863	4.15E+01	1.15E+02	1.37E+02	7.46E+01	9.41E+01	1.99E+01
SP.Syn.Abst.864	2.88E+01	6.62E+01	7.83E+01	4.66E+01	6.11E+01	2.59E+01
SP.Syn.Abst.865	6.76E+01	5.98E+01	6.09E+01	6.78E+01	5.32E+01	2.30E+01
SP.Syn.Abst.866	1.58E+02	6.82E+01	7.77E+01	1.15E+02	6.94E+01	2.03E+01
SP.Syn.Abst.867	7.53E+01	1.15E+02	1.48E+02	9.44E+01	1.11E+02	2.56E+01
SP.Syn.Abst.868	1.30E+02	6.54E+01	6.23E+01	1.14E+02	1.02E+02	2.49E+01
SP.Syn.Abst.869	2.66E+02	9.17E+01	1.14E+02	2.36E+02	1.73E+02	4.87E+01
SP.Syn.Abst.870	7.22E+01	4.42E+01	5.70E+01	6.64E+01	4.32E+01	1.46E+01
SP.Syn.Abst.871	2.36E+02	7.91E+01	1.02E+02	1.88E+02	1.40E+02	2.42E+01
SP.Syn.Abst.872	1.00E+02	6.27E+01	8.08E+01	9.42E+01	8.37E+01	1.97E+01
SP.Syn.Abst.873	7.04E+01	4.70E+01	5.78E+01	7.94E+01	6.46E+01	1.69E+01
SP.Syn.Abst.874	1.88E+02	8.39E+01	1.15E+02	1.69E+02	1.26E+02	2.39E+01
SP.Syn.Abst.875	1.56E+02	6.91E+01	8.76E+01	1.38E+02	9.24E+01	1.98E+01
SP.Syn.Abst.876	1.59E+02	7.69E+01	9.29E+01	1.41E+02	9.43E+01	2.99E+01
SP.Syn.Abst.877	7.22E+01	7.04E+01	7.03E+01	7.03E+01	6.24E+01	1.73E+01
SP.Syn.Abst.878	3.35E+02	8.86E+01	1.71E+02	2.77E+02	1.86E+02	4.26E+01
SP.Syn.Abst.879	1.71E+02	8.44E+01	1.04E+02	1.52E+02	1.08E+02	3.50E+01
SP.Syn.Abst.880	1.03E+02	9.31E+01	1.34E+02	9.65E+01	8.75E+01	3.78E+01
SP.Syn.Abst.881	7.40E+01	5.58E+01	6.51E+01	6.24E+01	6.04E+01	2.49E+01
SP.Syn.Abst.882	7.65E+01	1.13E+02	1.14E+02	8.15E+01	9.78E+01	3.58E+01
SP.Syn.Abst.883	3.77E+02	1.36E+02	1.61E+02	3.07E+02	2.12E+02	4.49E+01
SP.Syn.Abst.884	1.76E+02	8.08E+01	1.01E+02	1.56E+02	1.25E+02	2.29E+01
SP.Syn.Abst.885	1.29E+02	1.84E+02	2.30E+02	1.30E+02	1.73E+02	3.31E+01
SP.Syn.Abst.886	2.96E+02	8.19E+01	1.36E+02	2.20E+02	1.80E+02	5.62E+01
SP.Syn.Abst.887	9.35E+01	9.69E+01	1.21E+02	8.77E+01	5.19E+01	2.80E+01
SP.Syn.Abst.888	2.99E+02	9.49E+01	1.33E+02	2.30E+02	1.92E+02	3.44E+01
SP.Syn.Abst.889	8.17E+01	7.08E+01	6.77E+01	5.86E+01	7.80E+01	3.33E+01
SP.Syn.Abst.890	8.17E+01	8.17E+01	1.12E+02	8.25E+01	9.66E+01	2.23E+01
SP.Syn.Abst.891	2.98E+02	1.02E+02	1.46E+02	2.45E+02	1.81E+02	3.45E+01
SP.Syn.Abst.892	1.11E+02	9.47E+01	8.33E+01	9.05E+01	5.94E+01	1.83E+01
SP.Syn.Abst.893	1.02E+02	1.58E+02	1.61E+02	1.19E+02	1.18E+02	1.79E+01
SP.Syn.Abst.894	6.35E+01	5.24E+01	5.33E+01	6.96E+01	5.36E+01	2.00E+01
SP.Syn.Abst.895	9.06E+01	5.61E+01	7.15E+01	7.58E+01	7.20E+01	2.71E+01
SP.Syn.Abst.896	1.81E+02	1.46E+02	1.49E+02	1.71E+02	1.41E+02	2.41E+01
SP.Syn.Abst.897	3.20E+02	1.44E+02	1.76E+02	2.96E+02	2.09E+02	3.27E+01
SP.Syn.Abst.898	2.58E+01	5.27E+01	4.38E+01	3.40E+01	3.78E+01	2.12E+01
SP.Syn.Abst.899	1.16E+02	1.00E+02	1.15E+02	1.04E+02	7.38E+01	1.54E+01
SP.Syn.Abst.900	1.35E+02	4.36E+01	5.92E+01	1.06E+02	8.20E+01	2.19E+01
SP.Syn.Abst.901	5.90E+01	8.53E+01	7.62E+01	5.81E+01	7.98E+01	3.96E+01
SP.Syn.Abst.902	1.01E+02	8.93E+01	9.72E+01	9.38E+01	9.08E+01	2.19E+01
SP.Syn.Abst.903	1.42E+02	8.33E+01	8.00E+01	1.34E+02	9.35E+01	3.22E+01
SP.Syn.Abst.904	6.25E+01	9.09E+01	1.22E+02	8.40E+01	9.19E+01	4.07E+01
SP.Syn.Abst.905	8.52E+01	9.38E+01	9.86E+01	7.82E+01	6.91E+01	1.57E+01
SP.Syn.Abst.906	1.60E+02	2.10E+02	2.26E+02	1.37E+02	1.39E+02	2.81E+01
SP.Syn.Abst.907	7.15E+01	8.59E+01	9.31E+01	6.74E+01	4.92E+01	2.44E+01
SP.Syn.Abst.908	8.76E+01	1.34E+02	1.47E+02	1.07E+02	7.89E+01	3.32E+01
SP.Syn.Abst.909	2.17E+02	1.10E+02	1.03E+02	1.76E+02	1.05E+02	2.81E+01
SP.Syn.Abst.910	7.24E+01	1.02E+02	1.11E+02	7.87E+01	8.59E+01	3.37E+01
SP.Syn.Abst.911	6.79E+01	8.95E+01	9.35E+01	8.18E+01	8.21E+01	1.41E+01
SP.Syn.Abst.912	3.40E+02	1.50E+02	1.79E+02	2.64E+02	2.41E+02	7.45E+01
SP.Syn.Abst.913	5.52E+01	1.32E+02	1.56E+02	9.27E+01	1.35E+02	4.05E+01
SP.Syn.Abst.914	1.10E+02	8.44E+01	8.72E+01	8.95E+01	7.29E+01	2.88E+01
SP.Syn.Abst.915	8.42E+01	1.48E+02	1.80E+02	9.55E+01	1.34E+02	2.68E+01
SP.Syn.Abst.916	1.93E+02	1.50E+02	1.40E+02	1.78E+02	1.28E+02	3.86E+01
SP.Syn.Abst.917	6.62E+01	9.71E+01	7.74E+01	7.62E+01	8.35E+01	2.82E+01
SP.Syn.Abst.918	1.00E+02	7.12E+01	7.79E+01	1.02E+02	6.39E+01	2.31E+01
SP.Syn.Abst.919	6.84E+01	1.36E+02	1.78E+02	9.14E+01	1.18E+02	2.55E+01
SP.Syn.Abst.920	1.15E+02	5.44E+01	6.98E+01	9.97E+01	6.87E+01	1.30E+01
SP.Syn.Abst.921	2.17E+02	6.33E+01	1.01E+02	1.85E+02	1.29E+02	2.82E+01
SP.Syn.Abst.922	1.29E+02	8.82E+01	7.75E+01	1.03E+02	9.31E+01	3.00E+01
SP.Syn.Abst.923	1.04E+02	8.25E+01	8.31E+01	9.85E+01	7.60E+01	3.57E+01
SP.Syn.Abst.924	5.26E+01	1.05E+02	1.21E+02	6.85E+01	1.26E+02	2.91E+01
SP.Syn.Abst.925	1.03E+02	9.61E+01	1.15E+02	9.62E+01	7.49E+01	2.63E+01
SP.Syn.Abst.926	1.67E+02	1.78E+02	1.83E+02	1.31E+02	1.13E+02	2.75E+01
SP.Syn.Abst.927	1.93E+02	2.06E+02	2.26E+02	1.83E+02	1.64E+02	2.69E+01
SP.Syn.Abst.928	4.23E+02	1.57E+02	2.07E+02	3.00E+02	2.14E+02	3.82E+01
SP.Syn.Abst.929	7.43E+01	6.95E+01	8.43E+01	6.71E+01	5.31E+01	2.05E+01
SP.Syn.Abst.930	1.14E+02	2.65E+02	3.28E+02	1.61E+02	2.06E+02	5.82E+01
SP.Syn.Abst.931	8.00E+01	7.03E+01	5.47E+01	6.94E+01	7.55E+01	2.81E+01
SP.Syn.Abst.932	1.85E+02	1.21E+02	9.31E+01	1.67E+02	9.63E+01	2.84E+01
SP.Syn.Abst.933	1.67E+02	9.77E+01	1.08E+02	1.45E+02	1.25E+02	3.42E+01
SP.Syn.Abst.934	1.21E+02	2.10E+02	2.50E+02	1.69E+02	1.97E+02	2.18E+01
SP.Syn.Abst.935	1.09E+02	8.11E+01	7.19E+01	8.61E+01	7.32E+01	2.71E+01
SP.Syn.Abst.936	3.37E+02	1.49E+02	1.80E+02	2.84E+02	1.65E+02	4.41E+01
SP.Syn.Abst.937	1.00E+02	7.51E+01	7.96E+01	8.41E+01	7.92E+01	1.86E+01
SP.Syn.Abst.938	1.20E+02	8.98E+01	9.97E+01	1.07E+02	8.65E+01	2.87E+01
SP.Syn.Abst.939	8.26E+01	6.69E+01	6.76E+01	8.54E+01	7.61E+01	2.33E+01
SP.Syn.Abst.940	1.21E+02	1.04E+02	9.05E+01	1.08E+02	8.96E+01	2.48E+01
SP.Syn.Abst.941	1.79E+02	5.77E+01	9.43E+01	1.56E+02	1.71E+02	2.61E+01
SP.Syn.Abst.942	3.08E+01	8.18E+01	7.63E+01	3.85E+01	5.99E+01	2.23E+01
SP.Syn.Abst.943	1.38E+02	5.91E+01	7.06E+01	1.30E+02	8.69E+01	3.18E+01
SP.Syn.Abst.944	1.04E+02	9.26E+01	1.22E+02	9.81E+01	7.84E+01	1.99E+01
SP.Syn.Abst.945	6.60E+01	7.35E+01	1.01E+02	9.54E+01	5.74E+01	2.26E+01
SP.Syn.Abst.946	6.25E+01	7.91E+01	8.36E+01	6.81E+01	7.05E+01	2.19E+01
SP.Syn.Abst.947	4.38E+01	5.27E+01	6.19E+01	5.87E+01	4.52E+01	2.27E+01
SP.Syn.Abst.948	3.33E+02	8.81E+01	1.36E+02	2.67E+02	1.86E+02	4.18E+01
SP.Syn.Abst.949	4.00E+01	6.10E+01	8.12E+01	5.54E+01	7.52E+01	3.06E+01
SP.Syn.Abst.950	6.04E+01	7.72E+01	8.27E+01	6.41E+01	8.65E+01	2.24E+01
SP.Syn.Abst.951	6.97E+01	1.07E+02	1.26E+02	9.09E+01	8.89E+01	4.06E+01
SP.Syn.Abst.952	1.69E+02	8.07E+01	9.47E+01	1.36E+02	1.23E+02	3.36E+01
SP.Syn.Abst.953	2.08E+02	4.89E+01	1.01E+02	1.61E+02	1.20E+02	3.13E+01
SP.Syn.Abst.954	1.36E+02	6.91E+01	9.37E+01	1.26E+02	6.68E+01	1.41E+01
SP.Syn.Abst.955	6.97E+01	1.16E+02	1.07E+02	9.07E+01	8.46E+01	2.36E+01
SP.Syn.Abst.956	1.12E+02	9.29E+01	9.49E+01	9.25E+01	8.20E+01	4.23E+01
SP.Syn.Abst.957	9.41E+01	1.25E+02	1.51E+02	1.09E+02	1.06E+02	3.40E+01
SP.Syn.Abst.958	8.14E+01	5.60E+01	8.09E+01	9.17E+01	6.06E+01	2.89E+01
SP.Syn.Abst.959	1.58E+02	7.32E+01	1.01E+02	1.34E+02	1.04E+02	3.93E+01
SP.Syn.Abst.960	7.31E+01	6.31E+01	5.78E+01	5.64E+01	6.28E+01	2.36E+01
SP.Syn.Abst.961	3.42E+02	1.11E+02	1.48E+02	2.69E+02	2.11E+02	4.58E+01
SP.Syn.Abst.962	5.06E+01	1.15E+02	1.19E+02	8.03E+01	1.09E+02	2.19E+01
SP.Syn.Abst.963	2.46E+02	9.07E+01	1.13E+02	1.87E+02	1.65E+02	4.90E+01
SP.Syn.Abst.964	1.04E+02	1.95E+02	2.45E+02	1.36E+02	1.57E+02	4.19E+01
SP.Syn.Abst.965	1.94E+02	1.69E+02	1.81E+02	1.95E+02	1.02E+02	2.31E+01
SP.Syn.Abst.966	1.83E+02	7.89E+01	9.76E+01	1.24E+02	1.23E+02	2.46E+01
SP.Syn.Abst.967	1.47E+02	1.36E+02	1.93E+02	1.03E+02	1.27E+02	1.73E+01
SP.Syn.Abst.968	8.50E+01	8.96E+01	8.47E+01	9.78E+01	8.90E+01	2.92E+01
SP.Syn.Abst.969	1.11E+02	1.32E+02	1.37E+02	1.07E+02	8.88E+01	3.07E+01
SP.Syn.Abst.970	7.87E+01	9.25E+01	1.09E+02	1.09E+02	7.73E+01	4.17E+01
SP.Syn.Abst.971	1.93E+02	1.25E+02	1.61E+02	1.56E+02	9.65E+01	3.37E+01
SP.Syn.Abst.972	2.53E+01	6.36E+01	5.75E+01	3.09E+01	4.91E+01	1.80E+01
SP.Syn.Abst.973	1.13E+02	1.23E+02	1.31E+02	1.15E+02	1.08E+02	4.17E+01
SP.Syn.Abst.974	8.87E+01	6.14E+01	7.30E+01	7.43E+01	6.55E+01	2.41E+01
SP.Syn.Abst.975	7.33E+01	5.37E+01	6.13E+01	5.90E+01	5.09E+01	1.72E+01
SP.Syn.Abst.976	9.19E+01	1.32E+02	1.20E+02	9.73E+01	9.59E+01	4.59E+01
SP.Syn.Abst.977	1.35E+02	7.94E+01	1.05E+02	1.28E+02	1.21E+02	1.55E+01
SP.Syn.Abst.978	9.99E+01	8.59E+01	9.76E+01	9.92E+01	8.62E+01	2.87E+01
SP.Syn.Abst.979	1.31E+02	1.95E+02	1.92E+02	1.32E+02	1.34E+02	4.04E+01
SP.Syn.Abst.980	1.76E+02	9.07E+01	1.22E+02	1.79E+02	1.10E+02	2.05E+01
SP.Syn.Abst.981	1.13E+02	8.76E+01	9.03E+01	9.94E+01	8.59E+01	2.74E+01
SP.Syn.Abst.982	2.37E+02	6.48E+01	1.09E+02	1.96E+02	1.10E+02	2.31E+01
SP.Syn.Abst.983	1.93E+02	9.13E+01	1.14E+02	1.54E+02	1.53E+02	3.54E+01
SP.Syn.Abst.984	1.24E+02	8.06E+01	9.29E+01	1.04E+02	7.15E+01	3.85E+01
SP.Syn.Abst.985	2.11E+02	1.34E+02	1.38E+02	1.92E+02	9.03E+01	3.23E+01
SP.Syn.Abst.986	9.33E+01	1.10E+02	1.54E+02	1.02E+02	6.05E+01	1.83E+01
SP.Syn.Abst.987	2.05E+02	1.47E+02	1.22E+02	1.78E+02	1.26E+02	2.91E+01
SP.Syn.Abst.988	1.74E+02	6.72E+01	6.10E+01	1.45E+02	9.93E+01	2.26E+01
SP.Syn.Abst.989	1.04E+02	2.11E+01	4.83E+01	8.19E+01	8.61E+01	1.68E+01
SP.Syn.Abst.990	1.76E+02	1.10E+02	1.25E+02	1.47E+02	1.25E+02	2.84E+01
SP.Syn.Abst.991	9.82E+01	8.59E+01	9.95E+01	9.52E+01	6.82E+01	3.72E+01
SP.Syn.Abst.992	7.37E+01	5.02E+01	6.50E+01	8.99E+01	7.55E+01	2.11E+01
SP.Syn.Abst.993	9.08E+01	9.85E+01	1.26E+02	7.59E+01	8.86E+01	2.81E+01
SP.Syn.Abst.994	1.49E+02	1.15E+02	1.18E+02	1.17E+02	8.81E+01	3.33E+01
SP.Syn.Abst.995	1.04E+02	6.78E+01	6.66E+01	8.23E+01	7.21E+01	1.76E+01
SP.Syn.Abst.996	1.40E+02	1.10E+02	1.47E+02	1.01E+02	9.66E+01	2.07E+01
SP.Syn.Abst.997	9.41E+01	8.32E+01	7.01E+01	8.37E+01	6.20E+01	3.80E+01
SP.Syn.Abst.998	8.20E+01	1.13E+02	8.24E+01	8.28E+01	7.83E+01	2.69E+01
SP.Syn.Abst.999	7.88E+01	7.09E+01	8.09E+01	8.43E+01	8.80E+01	3.77E+01
SP.Syn.Abst.1000	2.33E+02	6.61E+01	1.26E+02	1.66E+02	1.37E+02	3.12E+01
