Samples	SBS96A	SBS96B	SBS96C	SBS96D
SP.Syn.Abst.1	1.24E+02	8.77E+01	1.00E+02	4.74E+01
SP.Syn.Abst.2	1.35E+02	7.90E+01	1.40E+02	2.58E+01
SP.Syn.Abst.3	9.15E+01	6.00E+01	1.24E+02	3.57E+01
SP.Syn.Abst.4	1.07E+02	1.11E+02	5.50E+01	3.55E+01
SP.Syn.Abst.5	1.57E+02	1.21E+02	1.83E+02	3.33E+01
SP.Syn.Abst.6	1.96E+02	2.12E+02	1.15E+02	3.32E+01
SP.Syn.Abst.7	1.06E+02	1.22E+02	1.62E+02	3.45E+01
SP.Syn.Abst.8	9.30E+01	1.05E+02	1.04E+02	2.48E+01
SP.Syn.Abst.9	6.47E+01	1.06E+02	6.48E+01	6.23E+01
SP.Syn.Abst.10	1.74E+02	2.58E+02	1.96E+02	4.44E+01
SP.Syn.Abst.11	1.45E+02	1.65E+02	1.57E+02	4.35E+01
SP.Syn.Abst.12	1.40E+02	1.18E+02	1.03E+02	8.84E+01
SP.Syn.Abst.13	1.70E+02	2.44E+02	2.62E+02	4.20E+01
SP.Syn.Abst.14	2.24E+02	2.92E+02	2.68E+02	3.74E+01
SP.Syn.Abst.15	1.21E+02	1.12E+02	1.07E+02	4.63E+01
SP.Syn.Abst.16	1.85E+02	2.30E+02	8.04E+01	3.28E+01
SP.Syn.Abst.17	2.29E+02	1.67E+02	2.01E+02	1.71E+02
SP.Syn.Abst.18	2.66E+02	3.08E+02	1.36E+02	3.88E+01
SP.Syn.Abst.19	1.62E+02	2.09E+02	1.87E+02	6.20E+01
SP.Syn.Abst.20	1.01E+02	9.65E+01	1.17E+02	3.93E+01
SP.Syn.Abst.21	1.71E+02	1.28E+02	2.22E+02	3.29E+01
SP.Syn.Abst.22	1.73E+02	1.56E+02	1.98E+02	4.09E+01
SP.Syn.Abst.23	1.22E+02	1.33E+02	1.73E+02	2.29E+01
SP.Syn.Abst.24	2.66E+02	1.43E+02	3.53E+02	4.91E+01
SP.Syn.Abst.25	1.95E+02	2.46E+02	1.27E+02	4.50E+01
SP.Syn.Abst.26	3.16E+02	3.24E+02	7.47E+01	3.38E+01
SP.Syn.Abst.27	9.79E+01	7.87E+01	1.45E+02	5.68E+01
SP.Syn.Abst.28	1.30E+02	9.66E+01	1.80E+02	2.06E+01
SP.Syn.Abst.29	1.16E+02	1.68E+02	1.15E+02	1.34E+02
SP.Syn.Abst.30	3.17E+02	3.30E+02	4.78E+01	1.85E+01
SP.Syn.Abst.31	6.13E+02	6.89E+02	1.50E+02	3.99E+01
SP.Syn.Abst.32	2.98E+02	4.19E+02	2.04E+02	4.74E+01
SP.Syn.Abst.33	1.81E+02	2.59E+02	1.22E+02	2.13E+01
SP.Syn.Abst.34	2.51E+02	3.90E+02	4.55E+02	5.33E+01
SP.Syn.Abst.35	1.69E+02	9.44E+01	2.00E+02	6.83E+01
SP.Syn.Abst.36	1.86E+02	2.14E+02	2.30E+02	7.54E+01
SP.Syn.Abst.37	1.53E+02	2.07E+02	1.04E+02	2.01E+01
SP.Syn.Abst.38	1.46E+02	1.62E+02	2.24E+02	3.92E+01
SP.Syn.Abst.39	1.90E+02	2.61E+02	1.86E+02	3.34E+01
SP.Syn.Abst.40	1.79E+02	2.55E+02	1.30E+02	5.21E+01
SP.Syn.Abst.41	1.36E+02	1.93E+02	1.33E+02	4.18E+01
SP.Syn.Abst.42	8.11E+01	2.29E+01	7.28E+01	2.65E+01
SP.Syn.Abst.43	1.47E+02	2.21E+02	1.84E+02	3.89E+01
SP.Syn.Abst.44	1.70E+02	1.55E+02	2.58E+02	4.83E+01
SP.Syn.Abst.45	3.09E+02	2.15E+02	3.94E+02	6.47E+01
SP.Syn.Abst.46	9.42E+01	9.17E+01	1.16E+02	3.83E+01
SP.Syn.Abst.47	1.48E+02	1.88E+02	1.36E+02	3.68E+01
SP.Syn.Abst.48	1.31E+02	1.45E+02	1.30E+02	6.58E+01
SP.Syn.Abst.49	1.38E+02	1.30E+02	7.13E+01	3.91E+01
SP.Syn.Abst.50	1.11E+02	1.66E+02	1.69E+02	2.36E+01
SP.Syn.Abst.51	1.88E+02	2.14E+02	9.59E+01	3.72E+01
SP.Syn.Abst.52	1.49E+02	2.43E+02	2.05E+02	5.03E+01
SP.Syn.Abst.53	2.02E+02	1.00E+02	1.85E+02	8.72E+01
SP.Syn.Abst.54	1.70E+02	1.07E+02	1.88E+02	2.99E+01
SP.Syn.Abst.55	1.50E+02	1.48E+02	8.76E+01	1.09E+02
SP.Syn.Abst.56	2.54E+02	3.24E+02	1.63E+02	2.53E+01
SP.Syn.Abst.57	2.84E+02	1.06E+02	3.27E+02	6.26E+01
SP.Syn.Abst.58	2.72E+02	2.92E+02	1.14E+02	4.73E+01
SP.Syn.Abst.59	3.75E+02	3.00E+02	1.41E+02	1.59E+02
SP.Syn.Abst.60	1.91E+02	1.04E+02	2.42E+02	6.25E+01
SP.Syn.Abst.61	2.77E+02	3.42E+02	1.43E+02	4.84E+01
SP.Syn.Abst.62	1.43E+02	1.84E+02	1.96E+02	8.09E+01
SP.Syn.Abst.63	1.68E+02	1.57E+02	2.56E+02	2.44E+01
SP.Syn.Abst.64	2.96E+02	3.38E+02	1.30E+02	3.94E+01
SP.Syn.Abst.65	8.63E+01	6.89E+01	1.18E+02	3.56E+01
SP.Syn.Abst.66	1.21E+02	1.05E+02	1.58E+02	1.85E+01
SP.Syn.Abst.67	1.69E+02	1.04E+02	2.27E+02	3.54E+01
SP.Syn.Abst.68	6.21E+02	7.27E+02	2.38E+02	4.24E+01
SP.Syn.Abst.69	2.05E+02	2.72E+02	2.89E+02	4.51E+01
SP.Syn.Abst.70	1.14E+02	1.08E+02	1.81E+02	2.54E+01
SP.Syn.Abst.71	2.52E+02	2.78E+02	1.29E+02	5.98E+01
SP.Syn.Abst.72	4.14E+02	2.03E+02	5.31E+02	4.91E+01
SP.Syn.Abst.73	1.08E+02	9.11E+01	1.31E+02	2.96E+01
SP.Syn.Abst.74	1.20E+02	1.43E+02	1.08E+02	8.21E+01
SP.Syn.Abst.75	1.51E+02	1.09E+02	2.08E+02	4.41E+01
SP.Syn.Abst.76	1.99E+02	2.32E+02	9.30E+01	2.64E+01
SP.Syn.Abst.77	1.81E+02	2.25E+02	1.48E+02	3.89E+01
SP.Syn.Abst.78	1.69E+02	2.30E+02	1.42E+02	3.07E+01
SP.Syn.Abst.79	2.03E+02	2.10E+02	3.64E+02	5.87E+01
SP.Syn.Abst.80	3.00E+02	3.97E+02	1.96E+02	2.59E+01
SP.Syn.Abst.81	7.05E+01	9.19E+01	9.28E+01	5.23E+01
SP.Syn.Abst.82	2.26E+02	2.27E+02	4.75E+01	1.79E+01
SP.Syn.Abst.83	1.54E+02	1.80E+02	2.05E+02	3.25E+01
SP.Syn.Abst.84	1.58E+02	1.17E+02	1.25E+02	4.71E+01
SP.Syn.Abst.85	1.02E+02	1.16E+02	1.22E+02	1.07E+02
SP.Syn.Abst.86	1.39E+02	2.05E+02	1.82E+02	5.14E+01
SP.Syn.Abst.87	2.83E+02	1.22E+02	3.50E+02	4.93E+01
SP.Syn.Abst.88	2.71E+02	2.66E+02	4.08E+02	4.21E+01
SP.Syn.Abst.89	3.62E+02	1.57E+02	4.63E+02	4.04E+01
SP.Syn.Abst.90	1.48E+02	1.22E+02	5.04E+01	3.81E+01
SP.Syn.Abst.91	8.24E+01	7.24E+01	7.09E+01	4.31E+01
SP.Syn.Abst.92	1.14E+02	1.52E+02	9.72E+01	2.27E+01
SP.Syn.Abst.93	8.03E+01	7.99E+01	6.54E+01	2.77E+01
SP.Syn.Abst.94	1.44E+02	7.37E+01	1.80E+02	4.21E+01
SP.Syn.Abst.95	2.36E+02	4.47E+02	3.46E+02	6.12E+01
SP.Syn.Abst.96	1.24E+02	7.57E+01	1.37E+02	6.57E+01
SP.Syn.Abst.97	1.13E+02	1.42E+02	1.65E+02	2.50E+01
SP.Syn.Abst.98	2.10E+02	3.32E+02	2.46E+02	2.87E+01
SP.Syn.Abst.99	1.61E+02	2.23E+02	1.88E+02	3.01E+01
SP.Syn.Abst.100	1.97E+02	1.73E+02	3.12E+02	2.71E+01
SP.Syn.Abst.101	1.30E+02	1.01E+02	1.10E+02	8.20E+01
SP.Syn.Abst.102	1.32E+02	1.04E+02	7.46E+01	5.66E+01
SP.Syn.Abst.103	1.84E+02	1.85E+02	2.24E+02	3.05E+01
SP.Syn.Abst.104	1.54E+02	1.48E+02	1.89E+02	1.60E+01
SP.Syn.Abst.105	2.25E+02	1.85E+02	2.72E+02	6.93E+01
SP.Syn.Abst.106	1.22E+02	1.14E+02	3.02E+01	2.39E+01
SP.Syn.Abst.107	1.25E+02	1.96E+02	1.25E+02	2.77E+01
SP.Syn.Abst.108	1.06E+02	9.09E+01	2.91E+01	2.51E+01
SP.Syn.Abst.109	8.29E+01	1.47E+02	1.09E+02	2.23E+01
SP.Syn.Abst.110	3.20E+02	3.71E+02	1.20E+02	3.85E+01
SP.Syn.Abst.111	1.21E+02	1.90E+02	1.49E+02	3.36E+01
SP.Syn.Abst.112	1.43E+02	1.45E+02	1.44E+02	5.36E+01
SP.Syn.Abst.113	1.78E+02	1.86E+02	8.82E+01	4.48E+01
SP.Syn.Abst.114	1.27E+02	1.12E+02	1.62E+02	4.26E+01
SP.Syn.Abst.115	1.34E+02	1.65E+02	1.37E+02	4.22E+01
SP.Syn.Abst.116	1.47E+02	1.89E+02	9.33E+01	2.79E+01
SP.Syn.Abst.117	1.50E+02	1.93E+02	2.65E+02	4.07E+01
SP.Syn.Abst.118	1.34E+02	1.58E+02	8.28E+01	2.83E+01
SP.Syn.Abst.119	1.33E+02	1.05E+02	1.57E+02	5.18E+01
SP.Syn.Abst.120	1.09E+02	1.67E+02	1.11E+02	1.98E+01
SP.Syn.Abst.121	2.47E+02	4.04E+02	3.32E+02	5.69E+01
SP.Syn.Abst.122	1.54E+02	1.18E+02	3.48E+01	5.69E+01
SP.Syn.Abst.123	1.17E+02	1.17E+02	9.45E+01	1.17E+02
SP.Syn.Abst.124	2.48E+02	2.90E+02	1.07E+02	3.95E+01
SP.Syn.Abst.125	2.45E+02	3.87E+02	4.62E+02	4.80E+01
SP.Syn.Abst.126	2.28E+02	2.39E+02	3.07E+02	2.59E+01
SP.Syn.Abst.127	2.13E+02	2.18E+02	2.74E+02	4.04E+01
SP.Syn.Abst.128	1.80E+02	1.99E+02	1.01E+02	2.14E+01
SP.Syn.Abst.129	7.50E+01	7.90E+01	7.03E+01	5.24E+01
SP.Syn.Abst.130	1.68E+02	2.06E+02	9.11E+01	2.72E+01
SP.Syn.Abst.131	1.54E+02	1.69E+02	7.17E+01	3.00E+01
SP.Syn.Abst.132	1.58E+02	2.55E+02	2.60E+02	3.54E+01
SP.Syn.Abst.133	9.45E+01	8.34E+01	1.30E+02	3.73E+01
SP.Syn.Abst.134	1.52E+02	1.62E+02	2.08E+02	4.21E+01
SP.Syn.Abst.135	3.25E+02	4.18E+02	1.87E+02	4.70E+01
SP.Syn.Abst.136	2.68E+02	3.27E+02	1.16E+02	3.14E+01
SP.Syn.Abst.137	5.76E+01	5.55E+01	4.40E+01	2.34E+01
SP.Syn.Abst.138	2.01E+02	2.18E+02	3.16E+02	7.15E+01
SP.Syn.Abst.139	1.55E+02	2.18E+02	2.31E+02	4.63E+01
SP.Syn.Abst.140	1.68E+02	1.47E+02	3.74E+01	2.87E+01
SP.Syn.Abst.141	1.43E+02	1.71E+02	1.30E+02	2.82E+01
SP.Syn.Abst.142	1.82E+02	1.86E+02	2.44E+02	4.57E+01
SP.Syn.Abst.143	2.07E+02	9.64E+01	2.53E+02	4.31E+01
SP.Syn.Abst.144	1.23E+02	1.29E+02	1.37E+02	1.88E+01
SP.Syn.Abst.145	1.36E+02	1.33E+02	1.68E+02	3.94E+01
SP.Syn.Abst.146	1.19E+02	1.62E+02	1.73E+02	2.10E+01
SP.Syn.Abst.147	2.13E+02	3.10E+02	1.54E+02	2.51E+01
SP.Syn.Abst.148	1.07E+02	1.63E+02	1.64E+02	2.47E+01
SP.Syn.Abst.149	1.53E+02	1.88E+02	2.25E+02	4.97E+01
SP.Syn.Abst.150	1.91E+02	1.61E+02	2.60E+02	2.39E+01
SP.Syn.Abst.151	2.20E+02	2.57E+02	1.30E+02	5.30E+01
SP.Syn.Abst.152	2.94E+02	1.63E+02	3.88E+02	5.29E+01
SP.Syn.Abst.153	1.81E+02	1.47E+02	4.27E+01	3.17E+01
SP.Syn.Abst.154	3.98E+02	4.69E+02	7.03E+02	1.77E+02
SP.Syn.Abst.155	1.92E+02	2.46E+02	1.62E+02	4.21E+01
SP.Syn.Abst.156	1.40E+02	1.39E+02	9.43E+01	4.43E+01
SP.Syn.Abst.157	1.12E+02	1.46E+02	1.21E+02	2.70E+01
SP.Syn.Abst.158	2.98E+02	3.20E+02	1.60E+02	4.32E+01
SP.Syn.Abst.159	2.41E+02	1.74E+02	3.54E+02	5.74E+01
SP.Syn.Abst.160	9.15E+01	8.54E+01	9.02E+01	7.24E+01
SP.Syn.Abst.161	2.15E+02	7.91E+01	2.35E+02	6.41E+01
SP.Syn.Abst.162	1.02E+02	8.96E+01	9.39E+01	7.84E+01
SP.Syn.Abst.163	2.29E+02	2.17E+02	3.35E+02	3.71E+01
SP.Syn.Abst.164	1.90E+02	2.82E+02	1.78E+02	3.10E+01
SP.Syn.Abst.165	1.46E+02	1.43E+02	1.16E+02	2.89E+01
SP.Syn.Abst.166	2.93E+02	1.33E+02	3.71E+02	2.83E+01
SP.Syn.Abst.167	1.78E+02	2.38E+02	1.57E+02	4.19E+01
SP.Syn.Abst.168	9.59E+01	1.22E+02	1.30E+02	3.15E+01
SP.Syn.Abst.169	1.42E+02	1.31E+02	3.25E+01	3.02E+01
SP.Syn.Abst.170	9.17E+01	1.22E+02	1.03E+02	1.84E+01
SP.Syn.Abst.171	1.30E+02	1.45E+02	1.00E+02	3.68E+01
SP.Syn.Abst.172	1.03E+02	1.18E+02	8.64E+01	2.54E+01
SP.Syn.Abst.173	1.61E+02	2.36E+02	1.30E+02	2.99E+01
SP.Syn.Abst.174	2.92E+02	2.68E+02	5.08E+01	4.18E+01
SP.Syn.Abst.175	1.13E+02	1.05E+02	9.00E+01	5.29E+01
SP.Syn.Abst.176	1.12E+02	9.80E+01	2.72E+01	3.07E+01
SP.Syn.Abst.177	2.30E+02	2.74E+02	1.19E+02	4.35E+01
SP.Syn.Abst.178	2.28E+02	2.16E+02	4.12E+01	1.57E+01
SP.Syn.Abst.179	1.62E+02	2.05E+02	1.36E+02	4.76E+01
SP.Syn.Abst.180	1.76E+02	2.17E+02	2.29E+02	4.88E+01
SP.Syn.Abst.181	1.02E+02	8.67E+01	1.20E+02	4.15E+01
SP.Syn.Abst.182	1.53E+02	1.64E+02	6.68E+01	3.23E+01
SP.Syn.Abst.183	2.10E+02	3.01E+02	1.70E+02	2.42E+01
SP.Syn.Abst.184	7.71E+01	6.31E+01	2.37E+01	2.26E+01
SP.Syn.Abst.185	1.66E+02	2.40E+02	2.05E+02	3.04E+01
SP.Syn.Abst.186	1.01E+02	9.43E+01	1.10E+02	1.66E+01
SP.Syn.Abst.187	1.48E+02	2.22E+02	2.00E+02	2.61E+01
SP.Syn.Abst.188	1.06E+02	6.31E+01	1.12E+02	5.20E+01
SP.Syn.Abst.189	9.17E+01	8.35E+01	9.03E+01	1.48E+01
SP.Syn.Abst.190	2.66E+02	3.75E+02	2.05E+02	4.38E+01
SP.Syn.Abst.191	1.51E+02	1.88E+02	1.44E+02	2.49E+01
SP.Syn.Abst.192	1.27E+02	1.52E+02	2.04E+02	3.57E+01
SP.Syn.Abst.193	1.21E+02	9.57E+01	1.19E+02	5.00E+01
SP.Syn.Abst.194	1.00E+02	1.06E+02	1.04E+02	2.80E+01
SP.Syn.Abst.195	3.36E+02	3.34E+02	5.84E+01	3.66E+01
SP.Syn.Abst.196	2.90E+02	4.04E+02	2.43E+02	3.94E+01
SP.Syn.Abst.197	1.14E+02	1.36E+02	2.04E+02	5.41E+01
SP.Syn.Abst.198	1.80E+02	2.42E+02	1.20E+02	1.91E+01
SP.Syn.Abst.199	7.99E+01	1.24E+02	9.64E+01	2.76E+01
SP.Syn.Abst.200	1.32E+02	1.81E+02	9.52E+01	1.79E+01
SP.Syn.Abst.201	1.24E+02	1.51E+02	1.37E+02	3.97E+01
SP.Syn.Abst.202	9.34E+01	7.02E+01	7.10E+01	5.73E+01
SP.Syn.Abst.203	1.56E+02	2.75E+02	1.80E+02	1.87E+01
SP.Syn.Abst.204	1.59E+02	7.97E+01	1.42E+02	8.09E+01
SP.Syn.Abst.205	1.10E+02	1.04E+02	1.12E+02	1.97E+01
SP.Syn.Abst.206	1.58E+02	2.11E+02	1.70E+02	3.27E+01
SP.Syn.Abst.207	2.21E+02	2.88E+02	1.52E+02	4.76E+01
SP.Syn.Abst.208	1.70E+02	1.47E+02	2.32E+02	2.90E+01
SP.Syn.Abst.209	1.40E+02	1.48E+02	1.03E+02	5.46E+01
SP.Syn.Abst.210	2.60E+02	2.50E+02	5.87E+01	5.73E+01
SP.Syn.Abst.211	4.78E+02	1.62E+02	5.08E+02	7.28E+01
SP.Syn.Abst.212	2.05E+02	2.34E+02	7.50E+01	3.20E+01
SP.Syn.Abst.213	2.67E+02	3.68E+02	1.25E+02	2.80E+01
SP.Syn.Abst.214	8.84E+01	1.20E+02	9.00E+01	1.07E+01
SP.Syn.Abst.215	1.75E+02	1.58E+02	2.82E+02	3.67E+01
SP.Syn.Abst.216	1.85E+02	2.61E+02	1.77E+02	2.75E+01
SP.Syn.Abst.217	2.44E+02	2.27E+02	7.03E+01	8.74E+01
SP.Syn.Abst.218	2.12E+02	3.15E+02	1.84E+02	2.00E+01
SP.Syn.Abst.219	2.71E+02	5.18E+01	2.47E+02	4.64E+01
SP.Syn.Abst.220	4.39E+02	1.89E+02	4.97E+02	4.63E+01
SP.Syn.Abst.221	1.20E+02	1.71E+02	1.64E+02	5.04E+01
SP.Syn.Abst.222	1.08E+02	9.76E+01	5.84E+01	6.22E+01
SP.Syn.Abst.223	8.27E+01	4.52E+01	8.18E+01	4.87E+01
SP.Syn.Abst.224	1.16E+02	1.18E+02	1.86E+02	3.78E+01
SP.Syn.Abst.225	1.29E+02	1.09E+02	1.73E+02	4.05E+01
SP.Syn.Abst.226	2.08E+02	2.56E+02	1.74E+02	3.73E+01
SP.Syn.Abst.227	1.65E+02	9.84E+01	2.36E+02	4.69E+01
SP.Syn.Abst.228	1.42E+02	1.12E+02	6.67E+01	5.91E+01
SP.Syn.Abst.229	1.85E+02	2.12E+02	1.22E+02	3.15E+01
SP.Syn.Abst.230	2.82E+02	3.70E+02	1.60E+02	2.88E+01
SP.Syn.Abst.231	1.10E+02	1.29E+02	8.71E+01	3.50E+01
SP.Syn.Abst.232	1.99E+02	2.56E+02	1.16E+02	3.76E+01
SP.Syn.Abst.233	1.40E+02	1.40E+02	1.67E+02	3.32E+01
SP.Syn.Abst.234	1.50E+02	2.34E+02	1.96E+02	3.27E+01
SP.Syn.Abst.235	2.94E+02	1.02E+02	3.55E+02	9.09E+01
SP.Syn.Abst.236	2.78E+02	3.69E+02	1.92E+02	5.82E+01
SP.Syn.Abst.237	1.75E+02	2.25E+02	1.32E+02	3.88E+01
SP.Syn.Abst.238	1.91E+02	2.77E+02	2.16E+02	7.42E+01
SP.Syn.Abst.239	1.61E+02	1.78E+02	2.50E+02	4.34E+01
SP.Syn.Abst.240	1.51E+02	1.76E+02	1.73E+02	3.38E+01
SP.Syn.Abst.241	2.19E+02	1.47E+02	2.48E+02	4.83E+01
SP.Syn.Abst.242	1.35E+02	1.72E+02	1.47E+02	4.50E+01
SP.Syn.Abst.243	1.05E+02	1.13E+02	1.27E+02	2.95E+01
SP.Syn.Abst.244	3.34E+02	3.35E+02	8.04E+01	5.02E+01
SP.Syn.Abst.245	3.10E+02	3.84E+02	1.38E+02	5.22E+01
SP.Syn.Abst.246	6.94E+02	5.67E+02	1.09E+03	9.89E+01
SP.Syn.Abst.247	1.16E+02	1.34E+02	1.58E+02	4.69E+01
SP.Syn.Abst.248	8.92E+01	8.81E+01	6.77E+01	2.82E+01
SP.Syn.Abst.249	3.06E+02	3.90E+02	2.64E+02	3.93E+01
SP.Syn.Abst.250	1.23E+02	1.32E+02	9.13E+01	3.83E+01
SP.Syn.Abst.251	2.12E+02	2.64E+02	3.84E+02	4.72E+01
SP.Syn.Abst.252	2.76E+02	3.62E+02	1.65E+02	4.19E+01
SP.Syn.Abst.253	1.47E+02	2.12E+02	2.02E+02	3.46E+01
SP.Syn.Abst.254	1.33E+02	8.09E+01	1.45E+02	7.38E+01
SP.Syn.Abst.255	2.25E+02	1.86E+02	3.08E+02	3.18E+01
SP.Syn.Abst.256	1.78E+02	1.89E+02	1.83E+02	1.90E+02
SP.Syn.Abst.257	1.05E+02	1.46E+02	1.53E+02	4.26E+01
SP.Syn.Abst.258	9.59E+01	1.35E+02	1.15E+02	3.82E+01
SP.Syn.Abst.259	1.14E+02	8.88E+01	1.08E+02	4.24E+01
SP.Syn.Abst.260	2.20E+02	2.19E+02	9.09E+01	3.30E+01
SP.Syn.Abst.261	1.44E+02	1.85E+02	2.04E+02	2.96E+01
SP.Syn.Abst.262	3.22E+02	2.93E+02	6.31E+01	3.98E+01
SP.Syn.Abst.263	1.30E+02	1.00E+02	1.37E+02	4.93E+01
SP.Syn.Abst.264	2.47E+02	2.64E+02	1.56E+02	3.15E+01
SP.Syn.Abst.265	1.33E+02	1.91E+01	1.33E+02	1.47E+01
SP.Syn.Abst.266	1.58E+02	2.09E+02	2.01E+02	3.98E+01
SP.Syn.Abst.267	2.66E+02	2.87E+02	1.22E+02	3.20E+01
SP.Syn.Abst.268	1.45E+02	1.70E+02	1.45E+02	4.33E+01
SP.Syn.Abst.269	1.05E+02	1.35E+02	1.51E+02	3.41E+01
SP.Syn.Abst.270	2.29E+02	2.68E+02	3.12E+02	3.98E+01
SP.Syn.Abst.271	1.73E+02	1.98E+02	9.54E+01	3.35E+01
SP.Syn.Abst.272	1.04E+02	1.25E+02	8.47E+01	2.38E+01
SP.Syn.Abst.273	1.79E+02	2.13E+02	1.51E+02	3.35E+01
SP.Syn.Abst.274	1.16E+02	1.83E+02	1.58E+02	2.30E+01
SP.Syn.Abst.275	1.30E+02	1.36E+02	1.73E+02	6.28E+01
SP.Syn.Abst.276	3.58E+02	4.18E+02	1.40E+02	4.92E+01
SP.Syn.Abst.277	1.17E+02	9.79E+01	8.81E+01	2.52E+01
SP.Syn.Abst.278	1.59E+02	2.35E+02	1.98E+02	4.00E+01
SP.Syn.Abst.279	8.22E+01	7.11E+01	4.24E+01	2.49E+01
SP.Syn.Abst.280	1.52E+02	1.81E+02	1.39E+02	3.97E+01
SP.Syn.Abst.281	4.30E+02	1.78E+02	5.56E+02	3.34E+01
SP.Syn.Abst.282	2.88E+02	2.38E+02	4.21E+02	6.91E+01
SP.Syn.Abst.283	1.16E+02	8.47E+01	1.45E+02	2.48E+01
SP.Syn.Abst.284	9.78E+01	7.21E+01	6.12E+01	5.32E+01
SP.Syn.Abst.285	1.07E+02	1.24E+02	1.15E+02	3.75E+01
SP.Syn.Abst.286	9.12E+01	9.04E+01	9.92E+01	2.50E+01
SP.Syn.Abst.287	8.34E+01	1.55E+02	1.14E+02	1.08E+02
SP.Syn.Abst.288	1.34E+02	2.46E+02	1.88E+02	1.77E+02
SP.Syn.Abst.289	1.22E+02	1.09E+02	3.11E+01	1.86E+01
SP.Syn.Abst.290	2.30E+02	1.13E+02	3.02E+02	3.80E+01
SP.Syn.Abst.291	2.46E+02	2.37E+02	4.21E+01	2.85E+01
SP.Syn.Abst.292	1.12E+02	8.52E+01	1.30E+02	4.31E+01
SP.Syn.Abst.293	2.14E+02	2.33E+02	2.68E+02	2.42E+01
SP.Syn.Abst.294	1.58E+02	1.84E+02	8.23E+01	2.65E+01
SP.Syn.Abst.295	1.64E+02	1.07E+02	2.14E+02	2.85E+01
SP.Syn.Abst.296	1.40E+02	1.39E+02	1.67E+02	1.80E+01
SP.Syn.Abst.297	1.44E+02	1.84E+02	2.37E+02	1.09E+02
SP.Syn.Abst.298	3.53E+02	4.27E+02	2.05E+02	2.21E+01
SP.Syn.Abst.299	1.35E+02	1.54E+02	8.63E+01	2.84E+01
SP.Syn.Abst.300	1.98E+02	2.16E+02	8.83E+01	4.17E+01
SP.Syn.Abst.301	1.33E+02	5.49E+01	1.21E+02	6.23E+01
SP.Syn.Abst.302	2.04E+02	2.62E+02	1.88E+02	3.23E+01
SP.Syn.Abst.303	2.16E+02	1.98E+02	3.21E+02	3.55E+01
SP.Syn.Abst.304	2.57E+02	9.91E+01	2.73E+02	9.10E+01
SP.Syn.Abst.305	2.03E+02	2.57E+02	1.07E+02	3.16E+01
SP.Syn.Abst.306	1.11E+02	1.13E+02	1.25E+02	5.14E+01
SP.Syn.Abst.307	4.77E+02	5.10E+02	1.22E+02	3.76E+01
SP.Syn.Abst.308	1.77E+02	1.57E+02	9.31E+01	4.35E+01
SP.Syn.Abst.309	1.37E+02	2.24E+02	2.35E+02	3.93E+01
SP.Syn.Abst.310	8.57E+01	8.53E+01	8.18E+01	2.54E+01
SP.Syn.Abst.311	4.11E+02	1.52E+02	3.66E+02	1.15E+02
SP.Syn.Abst.312	1.07E+02	1.10E+02	1.38E+02	2.64E+01
SP.Syn.Abst.313	1.52E+02	2.27E+02	1.30E+02	2.99E+01
SP.Syn.Abst.314	6.05E+01	1.55E+02	1.03E+02	1.10E+02
SP.Syn.Abst.315	1.69E+02	1.95E+02	8.96E+01	2.50E+01
SP.Syn.Abst.316	2.17E+02	2.89E+02	1.47E+02	3.52E+01
SP.Syn.Abst.317	3.28E+02	3.74E+02	1.20E+02	2.51E+01
SP.Syn.Abst.318	1.52E+02	2.14E+02	1.24E+02	3.10E+01
SP.Syn.Abst.319	1.04E+02	9.96E+01	6.69E+01	4.30E+01
SP.Syn.Abst.320	9.79E+01	1.33E+02	1.34E+02	3.52E+01
SP.Syn.Abst.321	1.42E+02	1.52E+02	7.61E+01	2.21E+01
SP.Syn.Abst.322	2.44E+02	2.86E+02	1.05E+02	3.35E+01
SP.Syn.Abst.323	1.39E+02	1.36E+02	1.40E+02	5.38E+01
SP.Syn.Abst.324	1.73E+02	2.19E+02	1.36E+02	4.58E+01
SP.Syn.Abst.325	9.89E+01	1.03E+02	9.75E+01	2.42E+01
SP.Syn.Abst.326	2.84E+02	2.79E+02	1.93E+02	2.18E+02
SP.Syn.Abst.327	1.44E+02	1.78E+02	1.09E+02	3.13E+01
SP.Syn.Abst.328	5.20E+02	1.87E+02	6.30E+02	5.36E+01
SP.Syn.Abst.329	1.63E+02	1.56E+02	9.48E+01	2.90E+01
SP.Syn.Abst.330	2.44E+02	3.84E+02	2.03E+02	3.43E+01
SP.Syn.Abst.331	2.78E+02	1.58E+02	3.63E+02	6.47E+01
SP.Syn.Abst.332	1.49E+02	2.12E+02	2.14E+02	5.84E+01
SP.Syn.Abst.333	2.93E+02	2.92E+02	8.23E+01	6.79E+01
SP.Syn.Abst.334	3.60E+02	1.87E+02	4.72E+02	5.82E+01
SP.Syn.Abst.335	8.73E+01	8.23E+01	8.46E+01	1.73E+01
SP.Syn.Abst.336	2.81E+02	3.64E+02	1.87E+02	3.40E+01
SP.Syn.Abst.337	1.65E+02	1.77E+02	2.51E+02	5.03E+01
SP.Syn.Abst.338	1.23E+02	1.64E+02	1.41E+02	4.16E+01
SP.Syn.Abst.339	1.12E+02	1.18E+02	8.23E+01	2.06E+01
SP.Syn.Abst.340	2.62E+02	4.02E+02	2.06E+02	3.49E+01
SP.Syn.Abst.341	2.41E+02	2.64E+02	8.13E+01	2.06E+01
SP.Syn.Abst.342	8.41E+01	9.18E+01	8.92E+01	2.87E+01
SP.Syn.Abst.343	2.19E+02	9.40E+01	2.82E+02	5.59E+01
SP.Syn.Abst.344	1.01E+02	9.11E+01	1.05E+02	1.85E+01
SP.Syn.Abst.345	7.71E+01	7.26E+01	1.11E+02	3.95E+01
SP.Syn.Abst.346	1.16E+02	1.23E+02	1.32E+02	4.05E+01
SP.Syn.Abst.347	1.68E+02	1.74E+02	6.54E+01	4.82E+01
SP.Syn.Abst.348	1.65E+02	1.47E+02	2.99E+01	1.65E+01
SP.Syn.Abst.349	4.56E+02	5.01E+02	1.42E+02	5.61E+01
SP.Syn.Abst.350	1.48E+02	1.70E+02	1.67E+02	8.75E+01
SP.Syn.Abst.351	5.41E+02	1.25E+02	4.95E+02	1.10E+02
SP.Syn.Abst.352	1.77E+02	1.95E+02	2.83E+02	3.66E+01
SP.Syn.Abst.353	4.88E+02	2.39E+02	6.23E+02	8.74E+01
SP.Syn.Abst.354	2.16E+02	1.80E+02	3.11E+02	4.84E+01
SP.Syn.Abst.355	1.79E+02	7.91E+01	2.05E+02	5.54E+01
SP.Syn.Abst.356	3.11E+02	2.88E+02	6.10E+01	3.59E+01
SP.Syn.Abst.357	2.47E+02	2.86E+02	9.07E+01	1.74E+01
SP.Syn.Abst.358	2.37E+02	2.50E+02	8.74E+01	4.70E+01
SP.Syn.Abst.359	2.86E+02	1.09E+02	3.01E+02	4.31E+01
SP.Syn.Abst.360	8.96E+01	9.48E+01	5.26E+01	3.37E+01
SP.Syn.Abst.361	2.52E+02	1.33E+02	3.22E+02	3.40E+01
SP.Syn.Abst.362	1.59E+02	1.52E+02	8.30E+01	3.46E+01
SP.Syn.Abst.363	1.69E+02	1.82E+02	1.02E+02	2.73E+01
SP.Syn.Abst.364	1.82E+02	1.90E+02	6.87E+01	4.81E+01
SP.Syn.Abst.365	3.27E+02	4.10E+02	1.46E+02	4.01E+01
SP.Syn.Abst.366	1.61E+02	1.22E+02	1.75E+02	4.58E+01
SP.Syn.Abst.367	2.29E+02	3.66E+02	2.98E+02	6.55E+01
SP.Syn.Abst.368	1.16E+02	4.95E+01	1.37E+02	4.11E+01
SP.Syn.Abst.369	1.01E+02	8.23E+01	4.00E+01	4.54E+01
SP.Syn.Abst.370	1.37E+02	1.46E+02	1.47E+02	9.90E+01
SP.Syn.Abst.371	2.38E+02	2.11E+02	3.48E+02	4.75E+01
SP.Syn.Abst.372	1.38E+02	1.29E+02	5.68E+01	3.52E+01
SP.Syn.Abst.373	1.34E+02	1.24E+02	1.45E+02	2.43E+01
SP.Syn.Abst.374	1.34E+02	1.48E+02	1.16E+02	7.63E+01
SP.Syn.Abst.375	1.15E+02	1.21E+02	1.72E+02	2.87E+01
SP.Syn.Abst.376	1.24E+02	1.59E+02	2.10E+02	3.27E+01
SP.Syn.Abst.377	3.08E+02	2.93E+02	8.96E+01	4.94E+01
SP.Syn.Abst.378	1.24E+02	1.33E+02	1.75E+02	5.36E+01
SP.Syn.Abst.379	1.94E+02	2.52E+02	3.55E+02	5.46E+01
SP.Syn.Abst.380	2.53E+02	1.16E+02	3.28E+02	1.03E+02
SP.Syn.Abst.381	1.27E+02	1.24E+02	1.69E+02	5.09E+01
SP.Syn.Abst.382	1.47E+02	1.08E+02	1.67E+02	3.36E+01
SP.Syn.Abst.383	8.23E+01	9.27E+01	1.01E+02	3.07E+01
SP.Syn.Abst.384	1.90E+02	2.29E+02	2.43E+02	3.74E+01
SP.Syn.Abst.385	2.32E+02	2.72E+02	2.86E+02	3.70E+01
SP.Syn.Abst.386	1.41E+02	2.22E+02	1.89E+02	4.48E+01
SP.Syn.Abst.387	3.48E+02	1.69E+02	4.17E+02	1.40E+02
SP.Syn.Abst.388	2.06E+02	2.69E+02	3.02E+02	7.54E+01
SP.Syn.Abst.389	1.31E+02	1.74E+02	1.21E+02	1.80E+01
SP.Syn.Abst.390	1.08E+02	1.48E+02	7.95E+01	1.57E+01
SP.Syn.Abst.391	2.03E+02	2.12E+02	6.65E+01	4.43E+01
SP.Syn.Abst.392	1.95E+02	3.06E+02	2.90E+02	4.76E+01
SP.Syn.Abst.393	8.06E+01	1.12E+02	6.04E+01	2.70E+01
SP.Syn.Abst.394	1.34E+02	9.41E+01	1.74E+02	4.71E+01
SP.Syn.Abst.395	2.08E+02	1.69E+02	8.57E+01	8.97E+01
SP.Syn.Abst.396	7.97E+01	8.46E+01	9.22E+01	4.76E+01
SP.Syn.Abst.397	7.19E+01	1.02E+02	1.17E+02	3.43E+01
SP.Syn.Abst.398	1.39E+02	1.75E+02	1.17E+02	3.75E+01
SP.Syn.Abst.399	2.16E+02	2.79E+02	1.65E+02	4.05E+01
SP.Syn.Abst.400	4.44E+02	3.35E+02	6.34E+02	4.78E+01
SP.Syn.Abst.401	1.78E+02	1.17E+02	2.39E+02	2.42E+01
SP.Syn.Abst.402	2.04E+02	1.59E+02	2.91E+02	2.57E+01
SP.Syn.Abst.403	3.29E+02	4.38E+02	1.79E+02	4.96E+01
SP.Syn.Abst.404	2.55E+02	2.68E+02	1.39E+02	1.04E+02
SP.Syn.Abst.405	1.47E+02	8.48E+01	1.65E+02	3.22E+01
SP.Syn.Abst.406	2.00E+02	2.13E+02	1.50E+02	4.61E+01
SP.Syn.Abst.407	2.75E+02	1.84E+02	3.82E+02	5.70E+01
SP.Syn.Abst.408	1.57E+02	2.45E+02	2.02E+02	4.19E+01
SP.Syn.Abst.409	1.42E+02	1.01E+02	1.77E+02	2.60E+01
SP.Syn.Abst.410	1.68E+02	1.68E+02	6.47E+01	6.16E+01
SP.Syn.Abst.411	1.87E+02	2.58E+02	2.20E+02	4.75E+01
SP.Syn.Abst.412	1.62E+02	2.08E+02	1.17E+02	2.33E+01
SP.Syn.Abst.413	1.32E+02	2.15E+02	1.78E+02	3.08E+01
SP.Syn.Abst.414	1.96E+02	1.99E+02	4.24E+01	2.81E+01
SP.Syn.Abst.415	1.22E+02	1.26E+02	1.35E+02	3.26E+01
SP.Syn.Abst.416	1.02E+02	5.06E+01	8.94E+01	4.32E+01
SP.Syn.Abst.417	1.37E+02	1.45E+02	1.54E+02	5.95E+01
SP.Syn.Abst.418	1.52E+02	1.54E+02	1.45E+02	1.09E+02
SP.Syn.Abst.419	1.48E+02	1.66E+02	2.47E+02	5.20E+01
SP.Syn.Abst.420	2.53E+02	3.33E+02	1.64E+02	4.82E+01
SP.Syn.Abst.421	1.58E+02	1.74E+02	1.42E+02	1.29E+02
SP.Syn.Abst.422	3.28E+02	3.81E+02	1.45E+02	3.96E+01
SP.Syn.Abst.423	1.16E+02	1.54E+02	1.70E+02	2.90E+01
SP.Syn.Abst.424	2.04E+02	2.14E+02	6.88E+01	4.23E+01
SP.Syn.Abst.425	6.48E+01	9.49E+01	1.10E+02	3.81E+01
SP.Syn.Abst.426	1.10E+02	1.38E+02	1.38E+02	4.33E+01
SP.Syn.Abst.427	1.56E+02	1.53E+02	2.80E+01	7.79E-01
SP.Syn.Abst.428	3.26E+02	4.75E+02	5.44E+02	5.13E+01
SP.Syn.Abst.429	1.60E+02	1.67E+02	8.11E+01	3.91E+01
SP.Syn.Abst.430	1.29E+02	1.04E+02	3.92E+01	4.86E+01
SP.Syn.Abst.431	9.13E+01	7.59E+01	7.86E+01	7.67E+01
SP.Syn.Abst.432	1.48E+02	1.35E+02	3.33E+01	3.15E+01
SP.Syn.Abst.433	1.81E+02	2.18E+02	2.44E+02	5.09E+01
SP.Syn.Abst.434	1.42E+02	1.29E+02	6.80E+01	5.11E+01
SP.Syn.Abst.435	1.35E+02	1.22E+02	1.48E+02	3.86E+01
SP.Syn.Abst.436	1.86E+02	2.51E+02	2.49E+02	7.66E+01
SP.Syn.Abst.437	8.18E+01	8.90E+01	9.65E+01	3.39E+01
SP.Syn.Abst.438	1.32E+02	1.23E+02	1.29E+02	9.74E+01
SP.Syn.Abst.439	1.67E+02	1.45E+02	4.17E+01	4.06E+01
SP.Syn.Abst.440	1.02E+02	8.20E+01	8.17E+01	4.00E+01
SP.Syn.Abst.441	1.59E+02	2.09E+02	1.41E+02	4.09E+01
SP.Syn.Abst.442	1.61E+02	1.66E+02	8.38E+01	2.89E+01
SP.Syn.Abst.443	1.31E+02	1.85E+02	2.03E+02	4.02E+01
SP.Syn.Abst.444	1.76E+02	2.03E+02	8.58E+01	2.72E+01
SP.Syn.Abst.445	2.20E+02	2.97E+02	1.86E+02	5.21E+01
SP.Syn.Abst.446	1.26E+02	1.22E+02	1.62E+02	3.04E+01
SP.Syn.Abst.447	1.79E+02	2.17E+02	1.02E+02	2.18E+01
SP.Syn.Abst.448	7.97E+01	6.07E+01	7.98E+01	6.60E+01
SP.Syn.Abst.449	2.39E+02	1.03E+02	2.89E+02	4.24E+01
SP.Syn.Abst.450	1.59E+02	1.97E+02	1.85E+02	3.48E+01
SP.Syn.Abst.451	1.17E+02	1.56E+02	2.04E+02	3.71E+01
SP.Syn.Abst.452	2.05E+02	2.31E+02	1.37E+02	4.04E+01
SP.Syn.Abst.453	1.78E+02	1.53E+02	2.20E+02	3.55E+01
SP.Syn.Abst.454	3.18E+02	1.18E+02	3.76E+02	3.75E+01
SP.Syn.Abst.455	2.80E+02	3.21E+02	1.07E+02	3.41E+01
SP.Syn.Abst.456	2.30E+02	1.75E+02	2.86E+02	3.53E+01
SP.Syn.Abst.457	1.99E+02	1.09E+02	1.87E+02	1.19E+02
SP.Syn.Abst.458	1.31E+02	1.35E+02	1.74E+02	2.56E+01
SP.Syn.Abst.459	1.39E+02	1.26E+02	1.52E+02	6.92E+01
SP.Syn.Abst.460	1.49E+02	1.56E+02	1.59E+02	3.00E+01
SP.Syn.Abst.461	1.22E+02	1.55E+02	1.71E+02	3.54E+01
SP.Syn.Abst.462	2.16E+02	6.71E+01	2.28E+02	1.00E+02
SP.Syn.Abst.463	1.30E+02	9.40E+01	1.13E+02	5.17E+01
SP.Syn.Abst.464	1.56E+02	1.48E+02	7.02E+01	3.89E+01
SP.Syn.Abst.465	1.32E+02	1.88E+02	1.55E+02	3.62E+01
SP.Syn.Abst.466	1.85E+02	2.79E+02	2.51E+02	3.89E+01
SP.Syn.Abst.467	2.07E+02	2.51E+02	1.78E+02	4.95E+01
SP.Syn.Abst.468	1.83E+02	8.71E+01	2.26E+02	2.54E+01
SP.Syn.Abst.469	1.24E+02	1.21E+02	2.56E+01	5.08E+00
SP.Syn.Abst.470	2.37E+02	3.65E+02	4.18E+02	3.79E+01
SP.Syn.Abst.471	1.59E+02	7.85E+01	1.87E+02	7.36E+01
SP.Syn.Abst.472	3.70E+02	2.27E+02	4.56E+02	5.97E+01
SP.Syn.Abst.473	3.24E+02	3.26E+02	9.01E+01	5.36E+01
SP.Syn.Abst.474	1.59E+02	2.04E+02	1.52E+02	4.63E+01
SP.Syn.Abst.475	1.64E+02	2.00E+02	2.12E+02	3.35E+01
SP.Syn.Abst.476	1.59E+02	2.23E+02	2.04E+02	5.77E+01
SP.Syn.Abst.477	1.80E+02	1.44E+02	2.32E+02	4.10E+01
SP.Syn.Abst.478	1.68E+02	2.13E+02	2.35E+02	2.70E+01
SP.Syn.Abst.479	1.22E+02	7.72E+01	1.65E+02	4.34E+01
SP.Syn.Abst.480	1.77E+02	6.93E+01	2.05E+02	7.61E+01
SP.Syn.Abst.481	1.25E+02	1.54E+02	1.23E+02	5.29E+01
SP.Syn.Abst.482	2.64E+02	3.05E+02	1.05E+02	5.09E+01
SP.Syn.Abst.483	3.00E+02	5.20E+02	4.02E+02	1.07E+02
SP.Syn.Abst.484	1.92E+02	1.19E+02	2.37E+02	5.96E+01
SP.Syn.Abst.485	1.25E+02	1.07E+02	7.08E+01	5.47E+01
SP.Syn.Abst.486	2.23E+02	2.30E+02	3.54E+02	3.93E+01
SP.Syn.Abst.487	9.79E+01	8.67E+01	2.30E+01	3.46E+01
SP.Syn.Abst.488	7.19E+01	5.71E+01	6.11E+01	3.97E+01
SP.Syn.Abst.489	2.08E+02	2.31E+02	3.10E+02	3.39E+01
SP.Syn.Abst.490	1.66E+02	1.71E+02	6.91E+01	5.68E+00
SP.Syn.Abst.491	1.24E+02	5.70E+01	1.21E+02	5.91E+01
SP.Syn.Abst.492	2.10E+02	6.87E+01	2.15E+02	2.05E+01
SP.Syn.Abst.493	1.37E+02	1.58E+02	1.30E+02	4.45E+01
SP.Syn.Abst.494	1.20E+02	1.61E+02	7.79E+01	3.33E+01
SP.Syn.Abst.495	1.24E+02	1.23E+02	1.17E+02	1.17E+02
SP.Syn.Abst.496	9.58E+01	1.31E+02	1.32E+02	2.32E+01
SP.Syn.Abst.497	1.59E+02	2.28E+02	1.21E+02	2.31E+01
SP.Syn.Abst.498	2.92E+02	3.38E+02	1.13E+02	3.43E+01
SP.Syn.Abst.499	1.51E+02	2.18E+02	2.34E+02	5.79E+01
SP.Syn.Abst.500	1.58E+02	1.62E+02	1.02E+02	1.46E+02
SP.Syn.Abst.501	1.06E+02	1.12E+02	8.13E+01	5.27E+01
SP.Syn.Abst.502	1.51E+02	1.03E+02	1.99E+02	4.67E+01
SP.Syn.Abst.503	8.10E+01	5.41E+01	5.71E+01	5.14E+01
SP.Syn.Abst.504	1.59E+02	1.53E+02	7.19E+01	5.74E+01
SP.Syn.Abst.505	2.28E+02	2.84E+02	1.46E+02	3.73E+01
SP.Syn.Abst.506	1.87E+02	2.59E+02	2.92E+02	4.52E+01
SP.Syn.Abst.507	8.65E+01	9.18E+01	9.41E+01	3.78E+01
SP.Syn.Abst.508	2.31E+02	1.36E+02	3.29E+02	5.84E+01
SP.Syn.Abst.509	4.50E+01	1.39E+02	9.92E+01	9.77E+01
SP.Syn.Abst.510	1.43E+02	1.25E+02	1.92E+02	6.09E+01
SP.Syn.Abst.511	1.96E+02	2.54E+02	1.45E+02	3.67E+01
SP.Syn.Abst.512	1.02E+02	1.47E+02	1.40E+02	5.61E+01
SP.Syn.Abst.513	1.51E+02	1.59E+02	2.21E+02	3.43E+01
SP.Syn.Abst.514	1.19E+02	1.45E+02	1.26E+02	3.76E+01
SP.Syn.Abst.515	3.94E+02	2.02E+02	4.95E+02	4.51E+01
SP.Syn.Abst.516	1.22E+02	1.02E+02	1.46E+02	5.00E+01
SP.Syn.Abst.517	2.86E+02	2.73E+02	5.83E+01	3.52E+01
SP.Syn.Abst.518	1.88E+02	1.65E+02	4.81E+01	4.47E+01
SP.Syn.Abst.519	1.91E+02	1.67E+02	1.96E+02	5.34E+01
SP.Syn.Abst.520	1.36E+02	1.01E+02	1.71E+02	5.95E+01
SP.Syn.Abst.521	7.77E+01	6.88E+01	2.80E+01	2.56E+01
SP.Syn.Abst.522	3.03E+02	2.63E+02	4.70E+02	6.24E+01
SP.Syn.Abst.523	1.17E+02	7.82E+01	8.50E+01	5.06E+01
SP.Syn.Abst.524	6.50E+01	5.08E+01	4.69E+01	4.17E+01
SP.Syn.Abst.525	1.70E+02	1.95E+02	2.58E+02	2.66E+01
SP.Syn.Abst.526	1.77E+02	7.97E+01	1.82E+02	6.31E+01
SP.Syn.Abst.527	3.41E+02	3.41E+02	1.07E+02	5.15E+01
SP.Syn.Abst.528	2.42E+02	2.92E+02	2.86E+02	4.16E+01
SP.Syn.Abst.529	1.17E+02	1.39E+02	1.25E+02	3.95E+01
SP.Syn.Abst.530	1.28E+02	1.26E+02	2.03E+02	3.30E+01
SP.Syn.Abst.531	6.89E+01	7.06E+01	1.41E+01	3.02E+00
SP.Syn.Abst.532	9.28E+01	1.40E+02	1.33E+02	2.84E+01
SP.Syn.Abst.533	1.12E+02	1.19E+02	1.52E+02	7.03E+01
SP.Syn.Abst.534	6.46E+01	6.41E+01	6.44E+01	5.93E+01
SP.Syn.Abst.535	2.32E+02	2.94E+02	1.36E+02	4.01E+01
SP.Syn.Abst.536	1.31E+02	1.45E+02	1.01E+02	2.92E+01
SP.Syn.Abst.537	1.55E+02	1.09E+02	1.45E+02	9.73E+01
SP.Syn.Abst.538	1.45E+02	1.73E+02	1.18E+02	4.53E+01
SP.Syn.Abst.539	1.95E+02	2.26E+02	3.07E+02	4.09E+01
SP.Syn.Abst.540	2.84E+02	2.38E+02	3.96E+02	4.02E+01
SP.Syn.Abst.541	1.42E+02	1.76E+02	1.27E+02	3.10E+01
SP.Syn.Abst.542	1.75E+02	8.07E+01	2.09E+02	3.87E+01
SP.Syn.Abst.543	2.28E+02	2.92E+02	2.53E+02	4.61E+01
SP.Syn.Abst.544	1.57E+02	1.77E+02	1.09E+02	3.29E+01
SP.Syn.Abst.545	2.05E+02	1.97E+02	1.09E+02	5.23E+01
SP.Syn.Abst.546	1.69E+02	9.87E+01	1.87E+02	7.61E+01
SP.Syn.Abst.547	1.27E+02	1.18E+02	1.88E+02	3.21E+01
SP.Syn.Abst.548	1.10E+02	8.58E+01	1.13E+02	3.72E+01
SP.Syn.Abst.549	1.91E+02	1.80E+02	6.81E+01	4.21E+01
SP.Syn.Abst.550	8.97E+01	1.01E+02	1.28E+02	2.13E+01
SP.Syn.Abst.551	1.06E+02	1.02E+02	8.47E+01	9.03E+01
SP.Syn.Abst.552	3.40E+02	3.71E+02	1.23E+02	4.57E+01
SP.Syn.Abst.553	1.42E+02	1.27E+02	9.44E+01	4.02E+01
SP.Syn.Abst.554	4.71E+01	5.66E+01	4.28E+01	4.62E+01
SP.Syn.Abst.555	1.01E+02	1.79E+02	1.42E+02	2.96E+01
SP.Syn.Abst.556	1.12E+02	8.28E+01	3.82E+01	4.00E+01
SP.Syn.Abst.557	1.92E+02	1.72E+02	1.24E+02	6.94E+01
SP.Syn.Abst.558	1.36E+02	1.37E+02	9.84E+01	6.81E+01
SP.Syn.Abst.559	1.87E+02	1.78E+02	2.77E+02	4.78E+01
SP.Syn.Abst.560	1.42E+02	1.27E+02	1.95E+02	3.47E+01
SP.Syn.Abst.561	1.69E+02	2.33E+02	1.84E+02	2.65E+01
SP.Syn.Abst.562	1.75E+02	2.05E+02	1.17E+02	4.13E+01
SP.Syn.Abst.563	1.81E+02	1.63E+02	2.69E+02	5.15E+01
SP.Syn.Abst.564	4.00E+02	2.38E+02	5.57E+02	5.35E+01
SP.Syn.Abst.565	4.36E+02	5.02E+02	1.76E+02	3.67E+01
SP.Syn.Abst.566	3.01E+02	4.10E+02	2.69E+02	7.93E+01
SP.Syn.Abst.567	1.02E+02	6.44E+01	1.13E+02	4.47E+01
SP.Syn.Abst.568	1.36E+02	1.60E+02	1.77E+02	2.92E+01
SP.Syn.Abst.569	1.12E+02	1.83E+02	1.24E+02	2.38E+01
SP.Syn.Abst.570	1.48E+02	1.73E+02	2.43E+02	3.08E+01
SP.Syn.Abst.571	3.40E+02	3.78E+02	1.18E+02	3.06E+01
SP.Syn.Abst.572	2.89E+02	3.46E+02	1.01E+02	4.28E+01
SP.Syn.Abst.573	1.10E+02	8.85E+01	1.29E+02	2.81E+01
SP.Syn.Abst.574	9.84E+01	1.21E+02	5.79E+01	3.29E+01
SP.Syn.Abst.575	3.01E+02	3.32E+02	1.28E+02	4.28E+01
SP.Syn.Abst.576	1.93E+02	2.96E+02	2.19E+02	3.00E+01
SP.Syn.Abst.577	1.77E+02	2.21E+02	1.84E+02	2.92E+01
SP.Syn.Abst.578	1.26E+02	1.39E+02	2.03E+02	3.98E+01
SP.Syn.Abst.579	1.43E+02	8.53E+01	1.51E+02	5.79E+01
SP.Syn.Abst.580	2.34E+02	2.57E+02	1.75E+02	6.18E+01
SP.Syn.Abst.581	1.19E+02	9.70E+01	1.00E+02	2.99E+01
SP.Syn.Abst.582	1.61E+02	1.02E+02	1.86E+02	3.03E+01
SP.Syn.Abst.583	1.04E+02	8.07E+01	8.26E+01	3.86E+01
SP.Syn.Abst.584	2.30E+02	2.77E+02	9.79E+01	1.53E+01
SP.Syn.Abst.585	1.65E+02	1.41E+02	2.42E+02	6.48E+01
SP.Syn.Abst.586	1.09E+02	1.79E+02	1.08E+02	1.46E+02
SP.Syn.Abst.587	1.56E+02	1.98E+02	1.77E+02	3.89E+01
SP.Syn.Abst.588	1.65E+02	1.48E+02	1.87E+02	4.22E+01
SP.Syn.Abst.589	1.32E+02	1.42E+02	1.40E+02	6.68E+01
SP.Syn.Abst.590	1.16E+02	7.25E+01	1.00E+02	8.10E+01
SP.Syn.Abst.591	1.04E+02	6.48E+01	8.65E+01	3.15E+01
SP.Syn.Abst.592	5.28E+02	2.84E+02	6.99E+02	8.77E+01
SP.Syn.Abst.593	1.14E+02	1.16E+02	1.08E+02	2.94E+01
SP.Syn.Abst.594	2.02E+02	1.08E+02	2.39E+02	5.54E+01
SP.Syn.Abst.595	1.28E+02	1.24E+02	1.54E+02	2.98E+01
SP.Syn.Abst.596	1.20E+02	1.64E+02	1.48E+02	3.32E+01
SP.Syn.Abst.597	7.77E+01	5.30E+01	7.44E+01	3.77E+01
SP.Syn.Abst.598	1.85E+02	1.64E+02	2.60E+02	4.03E+01
SP.Syn.Abst.599	1.23E+02	1.15E+02	6.95E+01	4.62E+01
SP.Syn.Abst.600	7.31E+01	7.64E+01	5.89E+01	3.29E+01
SP.Syn.Abst.601	1.65E+02	1.94E+02	1.10E+02	3.40E+01
SP.Syn.Abst.602	1.42E+02	1.97E+02	1.65E+02	8.76E+01
SP.Syn.Abst.603	1.71E+02	6.92E+01	1.70E+02	7.42E+01
SP.Syn.Abst.604	9.94E+01	8.93E+01	2.76E+01	3.00E+01
SP.Syn.Abst.605	1.05E+02	6.86E+01	1.09E+02	3.15E+01
SP.Syn.Abst.606	1.35E+02	2.90E+02	2.43E+02	3.41E+01
SP.Syn.Abst.607	2.04E+02	2.59E+02	1.83E+02	6.58E+01
SP.Syn.Abst.608	9.71E+01	1.14E+02	1.17E+02	2.94E+01
SP.Syn.Abst.609	1.64E+02	1.50E+02	1.99E+02	4.09E+01
SP.Syn.Abst.610	2.17E+02	2.32E+02	1.13E+02	3.27E+01
SP.Syn.Abst.611	2.16E+02	1.63E+02	3.25E+02	4.69E+01
SP.Syn.Abst.612	1.87E+02	1.65E+02	8.87E+01	4.98E+01
SP.Syn.Abst.613	1.89E+02	9.30E+01	1.92E+02	6.14E+01
SP.Syn.Abst.614	2.18E+02	2.07E+02	3.62E+01	1.75E+01
SP.Syn.Abst.615	1.80E+02	2.13E+02	1.52E+02	5.14E+01
SP.Syn.Abst.616	1.17E+02	1.19E+02	7.98E+01	3.38E+01
SP.Syn.Abst.617	1.02E+02	7.88E+01	8.93E+01	3.93E+01
SP.Syn.Abst.618	4.45E+02	1.48E+02	5.05E+02	5.61E+01
SP.Syn.Abst.619	1.85E+02	3.02E+02	2.41E+02	6.08E+01
SP.Syn.Abst.620	1.75E+02	2.07E+02	1.28E+02	4.72E+01
SP.Syn.Abst.621	2.08E+02	2.38E+02	9.68E+01	5.03E+01
SP.Syn.Abst.622	1.59E+02	2.11E+02	1.17E+02	3.37E+01
SP.Syn.Abst.623	1.64E+02	2.15E+02	2.11E+02	3.93E+01
SP.Syn.Abst.624	2.23E+02	1.59E+02	3.44E+02	6.44E+01
SP.Syn.Abst.625	1.72E+02	1.56E+02	3.85E+01	3.34E+01
SP.Syn.Abst.626	1.68E+02	1.99E+02	1.58E+02	2.52E+01
SP.Syn.Abst.627	8.68E+01	4.67E+01	8.11E+01	4.47E+01
SP.Syn.Abst.628	1.23E+02	7.38E+01	1.11E+02	6.77E+01
SP.Syn.Abst.629	1.11E+02	1.03E+02	9.58E+01	6.74E+01
SP.Syn.Abst.630	1.20E+02	1.26E+02	1.24E+02	3.34E+01
SP.Syn.Abst.631	2.26E+02	1.94E+02	3.35E+02	3.67E+01
SP.Syn.Abst.632	1.65E+02	1.56E+02	3.65E+01	2.24E+01
SP.Syn.Abst.633	3.28E+02	2.42E+02	4.73E+02	4.27E+01
SP.Syn.Abst.634	1.98E+02	2.63E+02	1.71E+02	5.57E+01
SP.Syn.Abst.635	1.97E+02	9.26E+01	2.37E+02	2.47E+01
SP.Syn.Abst.636	1.15E+02	1.21E+02	1.17E+02	4.81E+01
SP.Syn.Abst.637	1.45E+02	1.34E+02	1.13E+02	4.80E+01
SP.Syn.Abst.638	1.83E+02	2.38E+02	2.26E+02	3.56E+01
SP.Syn.Abst.639	2.68E+02	2.17E+02	3.68E+02	6.02E+01
SP.Syn.Abst.640	1.54E+02	1.79E+02	1.92E+02	2.95E+01
SP.Syn.Abst.641	6.46E+01	5.80E+01	4.15E+01	4.69E+01
SP.Syn.Abst.642	1.15E+02	2.34E+01	1.02E+02	2.34E+01
SP.Syn.Abst.643	1.67E+02	9.57E+01	2.09E+02	8.37E+01
SP.Syn.Abst.644	1.22E+02	1.31E+02	1.69E+02	2.35E+01
SP.Syn.Abst.645	9.34E+01	8.44E+01	5.09E+01	4.93E+01
SP.Syn.Abst.646	1.18E+02	2.83E+01	1.14E+02	2.65E+01
SP.Syn.Abst.647	1.96E+02	2.33E+02	1.85E+02	4.14E+01
SP.Syn.Abst.648	1.85E+02	2.30E+02	2.12E+02	3.91E+01
SP.Syn.Abst.649	1.12E+02	1.26E+02	9.43E+01	5.23E+01
SP.Syn.Abst.650	1.26E+02	1.26E+02	1.53E+02	2.63E+01
SP.Syn.Abst.651	1.44E+02	1.48E+02	1.09E+02	6.75E+01
SP.Syn.Abst.652	1.69E+02	1.81E+02	2.14E+02	4.12E+01
SP.Syn.Abst.653	1.04E+02	1.03E+02	1.26E+02	3.33E+01
SP.Syn.Abst.654	2.32E+02	9.65E+01	2.76E+02	4.36E+01
SP.Syn.Abst.655	1.18E+02	1.69E+02	1.32E+02	4.87E+01
SP.Syn.Abst.656	2.72E+02	1.01E+02	3.19E+02	4.27E+01
SP.Syn.Abst.657	7.92E+01	7.70E+01	8.49E+01	4.04E+01
SP.Syn.Abst.658	2.62E+02	2.42E+02	4.29E+02	5.94E+01
SP.Syn.Abst.659	1.49E+02	5.36E+01	1.61E+02	3.60E+01
SP.Syn.Abst.660	1.05E+02	1.19E+02	6.66E+01	5.81E+01
SP.Syn.Abst.661	2.04E+02	2.29E+02	9.58E+01	3.59E+01
SP.Syn.Abst.662	3.38E+02	1.28E+02	4.21E+02	2.94E+01
SP.Syn.Abst.663	1.28E+02	1.39E+02	1.15E+02	5.33E+01
SP.Syn.Abst.664	1.17E+02	1.64E+02	9.87E+01	3.04E+01
SP.Syn.Abst.665	1.60E+02	1.90E+02	9.07E+01	3.21E+01
SP.Syn.Abst.666	1.03E+02	1.35E+02	1.01E+02	3.21E+01
SP.Syn.Abst.667	2.29E+02	9.72E+01	2.37E+02	7.49E+01
SP.Syn.Abst.668	1.10E+02	1.12E+02	6.33E+01	2.15E+01
SP.Syn.Abst.669	2.04E+02	2.75E+02	3.56E+02	3.50E+01
SP.Syn.Abst.670	1.98E+02	7.47E+01	2.21E+02	5.17E+01
SP.Syn.Abst.671	1.37E+02	9.32E+01	1.68E+02	4.72E+01
SP.Syn.Abst.672	3.76E+02	2.20E+02	4.93E+02	4.39E+01
SP.Syn.Abst.673	1.70E+02	1.84E+02	2.16E+02	2.88E+01
SP.Syn.Abst.674	1.82E+02	1.18E+02	2.47E+02	3.26E+01
SP.Syn.Abst.675	1.55E+02	1.88E+02	2.00E+02	2.76E+01
SP.Syn.Abst.676	1.21E+02	1.30E+02	5.90E+01	2.63E+01
SP.Syn.Abst.677	1.69E+02	2.15E+02	1.55E+02	3.72E+01
SP.Syn.Abst.678	2.80E+02	4.15E+02	2.13E+02	2.62E+01
SP.Syn.Abst.679	1.33E+02	1.87E+02	1.49E+02	4.44E+01
SP.Syn.Abst.680	1.51E+02	1.46E+02	1.99E+02	4.95E+01
SP.Syn.Abst.681	1.68E+02	2.16E+02	1.10E+02	2.84E+01
SP.Syn.Abst.682	1.92E+02	2.23E+02	1.04E+02	2.78E+01
SP.Syn.Abst.683	1.05E+02	1.37E+02	1.18E+02	2.60E+01
SP.Syn.Abst.684	1.15E+02	1.86E+02	1.46E+02	1.71E+01
SP.Syn.Abst.685	1.32E+02	6.78E+01	1.55E+02	2.72E+01
SP.Syn.Abst.686	3.49E+02	4.42E+02	1.72E+02	3.54E+01
SP.Syn.Abst.687	1.44E+02	1.33E+02	1.90E+02	7.18E+01
SP.Syn.Abst.688	1.63E+02	1.77E+02	8.78E+01	5.15E+01
SP.Syn.Abst.689	1.42E+02	1.62E+02	1.66E+02	1.82E+02
SP.Syn.Abst.690	1.33E+02	1.80E+02	1.87E+02	3.34E+01
SP.Syn.Abst.691	3.53E+02	1.95E+02	4.75E+02	6.23E+01
SP.Syn.Abst.692	1.10E+02	1.39E+02	1.86E+02	2.30E+01
SP.Syn.Abst.693	1.22E+02	1.34E+02	7.19E+01	1.70E+01
SP.Syn.Abst.694	2.21E+02	8.89E+01	2.39E+02	1.03E+02
SP.Syn.Abst.695	1.95E+02	2.89E+02	3.10E+02	2.70E+01
SP.Syn.Abst.696	3.68E+02	4.51E+02	2.07E+02	7.61E+01
SP.Syn.Abst.697	4.90E+02	1.51E+02	5.40E+02	5.44E+01
SP.Syn.Abst.698	2.46E+02	2.48E+02	4.00E+02	4.26E+01
SP.Syn.Abst.699	1.62E+02	2.43E+02	2.00E+02	4.51E+01
SP.Syn.Abst.700	6.43E+01	1.18E+02	1.00E+02	2.57E+01
SP.Syn.Abst.701	1.41E+02	1.39E+02	2.04E+02	4.75E+01
SP.Syn.Abst.702	1.07E+02	7.85E+01	1.11E+02	4.13E+01
SP.Syn.Abst.703	1.23E+02	9.41E+01	1.57E+02	3.11E+01
SP.Syn.Abst.704	2.92E+02	3.02E+02	8.79E+01	4.48E+01
SP.Syn.Abst.705	9.47E+01	8.30E+01	7.95E+01	7.94E+01
SP.Syn.Abst.706	1.86E+02	1.92E+02	9.09E+01	3.63E+01
SP.Syn.Abst.707	1.03E+02	9.74E+01	6.36E+01	5.70E+01
SP.Syn.Abst.708	1.21E+02	1.29E+02	6.47E+01	2.74E+01
SP.Syn.Abst.709	2.07E+02	2.35E+02	1.46E+02	1.21E+02
SP.Syn.Abst.710	2.99E+02	8.11E+01	3.28E+02	5.45E+01
SP.Syn.Abst.711	1.63E+02	1.37E+02	1.91E+02	4.69E+01
SP.Syn.Abst.712	1.16E+02	1.93E+02	1.82E+02	3.02E+01
SP.Syn.Abst.713	1.38E+02	1.15E+02	1.57E+02	5.83E+01
SP.Syn.Abst.714	8.35E+01	7.49E+01	7.02E+01	6.89E+01
SP.Syn.Abst.715	1.83E+02	2.25E+02	1.12E+02	6.49E+01
SP.Syn.Abst.716	2.14E+02	2.43E+02	2.01E+02	4.64E+01
SP.Syn.Abst.717	1.90E+02	1.48E+02	2.34E+02	9.81E+01
SP.Syn.Abst.718	3.74E+02	1.55E+02	4.21E+02	4.06E+01
SP.Syn.Abst.719	1.11E+02	1.31E+02	1.18E+02	2.61E+01
SP.Syn.Abst.720	1.16E+02	1.29E+02	8.90E+01	5.43E+01
SP.Syn.Abst.721	1.51E+02	1.79E+02	9.82E+01	3.81E+01
SP.Syn.Abst.722	1.62E+02	2.29E+02	1.88E+02	2.04E+01
SP.Syn.Abst.723	1.60E+02	2.17E+02	2.40E+02	3.11E+01
SP.Syn.Abst.724	1.47E+02	1.97E+02	2.55E+02	3.66E+01
SP.Syn.Abst.725	1.61E+02	2.34E+02	2.04E+02	4.32E+01
SP.Syn.Abst.726	1.20E+02	8.42E+01	1.09E+02	6.23E+01
SP.Syn.Abst.727	1.27E+02	1.37E+02	1.44E+02	3.04E+01
SP.Syn.Abst.728	1.56E+02	1.99E+02	1.87E+02	2.87E+01
SP.Syn.Abst.729	6.68E+02	2.34E+02	7.98E+02	6.11E+01
SP.Syn.Abst.730	1.08E+02	1.43E+02	9.16E+01	3.03E+01
SP.Syn.Abst.731	2.25E+02	2.23E+02	7.15E+01	4.62E+01
SP.Syn.Abst.732	1.24E+02	1.48E+02	1.32E+02	2.37E+01
SP.Syn.Abst.733	9.73E+01	1.02E+02	1.03E+02	3.96E+01
SP.Syn.Abst.734	2.89E+02	3.12E+02	9.74E+01	3.44E+01
SP.Syn.Abst.735	8.22E+01	7.19E+01	6.25E+01	4.84E+01
SP.Syn.Abst.736	2.72E+02	1.52E+02	3.45E+02	4.64E+01
SP.Syn.Abst.737	1.17E+02	1.66E+02	1.65E+02	4.95E+01
SP.Syn.Abst.738	1.11E+02	9.78E+01	1.47E+02	5.33E+01
SP.Syn.Abst.739	1.94E+02	8.17E+01	2.15E+02	1.05E+02
SP.Syn.Abst.740	1.81E+02	1.96E+02	9.62E+01	6.87E+01
SP.Syn.Abst.741	1.18E+02	1.40E+02	1.23E+02	2.26E+01
SP.Syn.Abst.742	1.77E+02	5.23E+01	1.84E+02	5.50E+01
SP.Syn.Abst.743	1.78E+02	1.55E+02	2.65E+02	4.87E+01
SP.Syn.Abst.744	2.96E+02	3.52E+02	1.73E+02	7.59E+01
SP.Syn.Abst.745	1.31E+02	1.41E+02	1.06E+02	9.67E+01
SP.Syn.Abst.746	3.66E+02	4.49E+02	1.76E+02	3.01E+01
SP.Syn.Abst.747	1.67E+02	2.30E+02	1.37E+02	2.05E+01
SP.Syn.Abst.748	1.52E+02	1.73E+02	1.18E+02	4.87E+01
SP.Syn.Abst.749	1.19E+02	1.86E+01	9.79E+01	3.20E+01
SP.Syn.Abst.750	1.46E+02	1.71E+02	8.04E+01	4.72E+01
SP.Syn.Abst.751	1.37E+02	8.15E+01	1.10E+02	7.67E+01
SP.Syn.Abst.752	9.82E+01	8.71E+01	1.06E+02	3.06E+01
SP.Syn.Abst.753	1.11E+02	1.30E+02	1.65E+02	2.93E+01
SP.Syn.Abst.754	3.18E+02	1.94E+02	4.40E+02	4.72E+01
SP.Syn.Abst.755	2.80E+02	3.08E+02	7.49E+01	3.95E+01
SP.Syn.Abst.756	1.49E+02	1.86E+02	1.67E+02	4.76E+01
SP.Syn.Abst.757	8.25E+01	9.09E+01	9.33E+01	2.45E+01
SP.Syn.Abst.758	1.51E+02	1.41E+02	9.06E+01	4.77E+01
SP.Syn.Abst.759	1.91E+02	1.07E+02	2.44E+02	5.97E+01
SP.Syn.Abst.760	7.74E+01	7.05E+01	2.29E+01	2.37E+01
SP.Syn.Abst.761	2.39E+02	2.27E+02	3.94E+02	3.58E+01
SP.Syn.Abst.762	3.54E+02	2.32E+02	4.57E+02	4.78E+01
SP.Syn.Abst.763	1.24E+02	2.04E+02	2.31E+02	4.43E+01
SP.Syn.Abst.764	1.28E+02	1.19E+02	2.29E+01	1.49E+01
SP.Syn.Abst.765	1.85E+02	2.34E+02	1.66E+02	4.65E+01
SP.Syn.Abst.766	1.51E+02	1.76E+02	1.18E+02	3.87E+01
SP.Syn.Abst.767	8.51E+01	1.19E+02	1.02E+02	9.49E+01
SP.Syn.Abst.768	1.36E+02	1.41E+02	7.79E+01	8.70E+01
SP.Syn.Abst.769	1.33E+02	1.75E+02	1.37E+02	3.43E+01
SP.Syn.Abst.770	1.86E+02	2.24E+02	8.98E+01	4.40E+01
SP.Syn.Abst.771	3.71E+02	5.02E+02	2.39E+02	3.68E+01
SP.Syn.Abst.772	1.34E+02	1.69E+02	8.26E+01	3.28E+01
SP.Syn.Abst.773	1.34E+02	1.36E+02	2.04E+02	5.74E+01
SP.Syn.Abst.774	1.16E+02	1.13E+02	1.09E+02	5.25E+01
SP.Syn.Abst.775	3.10E+02	3.51E+02	1.05E+02	1.90E+01
SP.Syn.Abst.776	1.16E+02	1.49E+02	9.62E+01	3.79E+01
SP.Syn.Abst.777	1.05E+02	8.84E+01	1.17E+02	2.52E+01
SP.Syn.Abst.778	1.69E+02	1.76E+02	2.80E+02	4.34E+01
SP.Syn.Abst.779	1.07E+02	1.16E+02	1.04E+02	3.07E+01
SP.Syn.Abst.780	2.06E+02	1.80E+02	2.70E+02	4.64E+01
SP.Syn.Abst.781	4.58E+02	4.08E+02	2.12E+02	2.48E+02
SP.Syn.Abst.782	9.63E+01	9.90E+01	7.22E+01	7.63E+01
SP.Syn.Abst.783	3.72E+02	1.05E+02	4.12E+02	6.89E+01
SP.Syn.Abst.784	1.80E+02	2.07E+02	1.37E+02	4.90E+01
SP.Syn.Abst.785	3.55E+02	4.12E+02	1.08E+02	3.66E+01
SP.Syn.Abst.786	1.76E+02	1.19E+02	2.23E+02	5.26E+01
SP.Syn.Abst.787	2.06E+02	2.19E+02	7.29E+01	2.25E+01
SP.Syn.Abst.788	2.80E+02	1.31E+02	3.46E+02	5.09E+01
SP.Syn.Abst.789	2.58E+02	3.84E+02	3.19E+02	4.95E+01
SP.Syn.Abst.790	6.86E+01	7.81E+01	3.08E+01	5.55E+01
SP.Syn.Abst.791	1.61E+02	1.63E+02	2.21E+02	5.88E+01
SP.Syn.Abst.792	1.81E+02	1.47E+02	2.43E+02	3.81E+01
SP.Syn.Abst.793	4.89E+02	5.26E+02	1.39E+02	4.75E+01
SP.Syn.Abst.794	2.45E+02	1.64E+02	3.54E+02	4.16E+01
SP.Syn.Abst.795	1.83E+02	1.75E+02	2.32E+02	7.63E+01
SP.Syn.Abst.796	1.87E+02	2.05E+02	3.08E+02	7.80E+01
SP.Syn.Abst.797	9.46E+01	9.24E+01	9.94E+01	3.21E+01
SP.Syn.Abst.798	1.51E+02	1.53E+02	1.61E+02	1.52E+02
SP.Syn.Abst.799	2.01E+02	1.80E+02	5.20E+01	2.61E+01
SP.Syn.Abst.800	2.50E+02	2.80E+02	1.12E+02	4.93E+01
SP.Syn.Abst.801	1.38E+02	6.59E+01	1.59E+02	2.88E+01
SP.Syn.Abst.802	1.48E+02	1.82E+02	1.22E+02	3.16E+01
SP.Syn.Abst.803	1.47E+02	1.57E+02	1.28E+02	4.19E+01
SP.Syn.Abst.804	1.36E+02	1.15E+02	1.90E+02	3.82E+01
SP.Syn.Abst.805	1.06E+02	1.60E+02	1.24E+02	3.42E+01
SP.Syn.Abst.806	2.87E+02	3.93E+02	2.21E+02	4.49E+01
SP.Syn.Abst.807	2.17E+02	9.15E+01	2.36E+02	4.05E+01
SP.Syn.Abst.808	1.01E+02	1.19E+02	9.45E+01	2.54E+01
SP.Syn.Abst.809	1.75E+02	1.25E+02	2.43E+02	3.35E+01
SP.Syn.Abst.810	2.29E+02	8.20E+01	2.55E+02	6.73E+01
SP.Syn.Abst.811	1.78E+02	1.77E+02	2.33E+02	3.12E+01
SP.Syn.Abst.812	7.54E+01	8.97E+01	8.75E+01	4.64E+01
SP.Syn.Abst.813	3.20E+02	1.23E+02	3.68E+02	5.42E+01
SP.Syn.Abst.814	1.23E+02	1.77E+02	1.92E+02	3.81E+01
SP.Syn.Abst.815	1.56E+02	1.87E+02	2.08E+02	5.53E+01
SP.Syn.Abst.816	1.70E+02	9.36E+01	2.19E+02	4.25E+01
SP.Syn.Abst.817	1.66E+02	2.17E+02	2.04E+02	3.03E+01
SP.Syn.Abst.818	1.50E+02	5.35E+01	1.53E+02	4.26E+01
SP.Syn.Abst.819	1.55E+02	2.19E+02	2.56E+02	4.59E+01
SP.Syn.Abst.820	1.79E+02	1.07E+02	1.96E+02	1.13E+02
SP.Syn.Abst.821	2.35E+02	2.41E+02	8.85E+01	4.48E+01
SP.Syn.Abst.822	2.75E+02	3.33E+02	1.29E+02	3.96E+01
SP.Syn.Abst.823	1.16E+02	6.69E+01	1.55E+02	1.97E+01
SP.Syn.Abst.824	1.81E+02	2.36E+02	2.45E+02	4.03E+01
SP.Syn.Abst.825	1.10E+02	1.15E+02	1.28E+02	2.54E+01
SP.Syn.Abst.826	9.61E+01	1.02E+02	1.28E+02	5.61E+01
SP.Syn.Abst.827	2.04E+02	1.64E+02	3.06E+02	3.95E+01
SP.Syn.Abst.828	1.12E+02	7.84E+01	1.08E+02	4.67E+01
SP.Syn.Abst.829	1.71E+02	1.49E+02	2.25E+02	5.45E+01
SP.Syn.Abst.830	1.47E+02	1.74E+02	9.77E+01	3.01E+01
SP.Syn.Abst.831	1.79E+02	1.97E+02	1.16E+02	3.17E+01
SP.Syn.Abst.832	2.46E+02	1.66E+02	2.69E+02	1.45E+02
SP.Syn.Abst.833	1.13E+02	1.90E+02	2.00E+02	4.80E+01
SP.Syn.Abst.834	4.26E+02	4.98E+02	1.42E+02	3.70E+01
SP.Syn.Abst.835	3.41E+02	4.03E+02	1.31E+02	5.38E+01
SP.Syn.Abst.836	7.32E+01	5.76E+01	7.05E+01	4.06E+01
SP.Syn.Abst.837	2.06E+02	1.81E+02	2.89E+02	3.04E+01
SP.Syn.Abst.838	1.22E+02	1.00E+02	1.89E+02	3.40E+01
SP.Syn.Abst.839	3.35E+02	2.03E+02	4.75E+02	5.32E+01
SP.Syn.Abst.840	2.23E+02	2.91E+02	1.90E+02	4.22E+01
SP.Syn.Abst.841	1.61E+02	1.38E+02	7.73E+01	5.62E+01
SP.Syn.Abst.842	1.32E+02	1.25E+02	1.42E+02	4.74E+01
SP.Syn.Abst.843	4.43E+02	4.95E+02	2.00E+02	6.22E+01
SP.Syn.Abst.844	1.87E+02	2.14E+02	6.50E+01	3.57E+01
SP.Syn.Abst.845	1.25E+02	1.40E+02	1.26E+02	2.20E+01
SP.Syn.Abst.846	1.23E+02	1.10E+02	1.12E+02	9.11E+01
SP.Syn.Abst.847	2.03E+02	2.99E+02	1.87E+02	3.19E+01
SP.Syn.Abst.848	9.49E+01	8.20E+01	1.50E+02	3.72E+01
SP.Syn.Abst.849	1.51E+02	1.79E+02	1.66E+02	2.28E+01
SP.Syn.Abst.850	9.52E+01	4.55E+01	7.62E+01	2.25E+01
SP.Syn.Abst.851	1.24E+02	1.39E+02	7.84E+01	5.08E+01
SP.Syn.Abst.852	3.50E+02	4.28E+02	1.99E+02	7.43E+01
SP.Syn.Abst.853	1.58E+02	1.31E+02	2.18E+02	2.98E+01
SP.Syn.Abst.854	2.75E+02	1.17E+02	2.82E+02	1.07E+02
SP.Syn.Abst.855	2.12E+02	2.57E+02	3.53E+02	3.27E+01
SP.Syn.Abst.856	1.73E+02	2.71E+02	2.23E+02	2.97E+01
SP.Syn.Abst.857	1.66E+02	1.53E+02	8.40E+01	9.99E+01
SP.Syn.Abst.858	1.23E+02	1.06E+02	6.05E+01	3.68E+01
SP.Syn.Abst.859	1.74E+02	1.47E+02	1.40E+02	1.16E+02
SP.Syn.Abst.860	1.51E+02	1.60E+02	1.01E+02	8.80E+01
SP.Syn.Abst.861	2.07E+02	2.25E+02	1.87E+02	5.66E+01
SP.Syn.Abst.862	1.47E+02	1.66E+02	7.43E+01	2.39E+01
SP.Syn.Abst.863	2.11E+02	1.99E+02	3.60E+01	2.57E+01
SP.Syn.Abst.864	1.41E+02	1.36E+02	3.48E+01	2.52E+01
SP.Syn.Abst.865	8.99E+01	4.98E+01	9.97E+01	3.06E+01
SP.Syn.Abst.866	1.74E+02	1.38E+02	2.36E+02	3.14E+01
SP.Syn.Abst.867	2.10E+02	2.46E+02	1.07E+02	4.11E+01
SP.Syn.Abst.868	1.94E+02	1.01E+02	1.98E+02	3.22E+01
SP.Syn.Abst.869	2.59E+02	1.20E+02	3.28E+02	8.03E+01
SP.Syn.Abst.870	5.45E+01	5.76E+01	7.74E+01	1.96E+01
SP.Syn.Abst.871	2.65E+02	1.29E+02	3.29E+02	4.67E+01
SP.Syn.Abst.872	9.02E+01	9.91E+01	1.17E+02	2.55E+01
SP.Syn.Abst.873	9.15E+01	8.57E+01	1.10E+02	2.85E+01
SP.Syn.Abst.874	1.86E+02	1.79E+02	2.63E+02	3.33E+01
SP.Syn.Abst.875	2.01E+02	1.10E+02	2.29E+02	3.86E+01
SP.Syn.Abst.876	1.37E+02	1.09E+02	1.94E+02	4.62E+01
SP.Syn.Abst.877	9.29E+01	1.12E+02	9.83E+01	1.99E+01
SP.Syn.Abst.878	3.54E+02	2.28E+02	4.93E+02	4.44E+01
SP.Syn.Abst.879	2.36E+02	5.27E+01	2.53E+02	5.33E+01
SP.Syn.Abst.880	1.81E+02	1.91E+02	9.19E+01	6.09E+01
SP.Syn.Abst.881	9.08E+01	5.96E+01	9.64E+01	3.80E+01
SP.Syn.Abst.882	1.46E+02	1.32E+02	8.28E+01	7.38E+01
SP.Syn.Abst.883	3.66E+02	1.81E+02	5.05E+02	7.06E+01
SP.Syn.Abst.884	1.28E+02	1.27E+02	2.05E+02	4.67E+01
SP.Syn.Abst.885	3.09E+02	3.93E+02	1.50E+02	5.37E+01
SP.Syn.Abst.886	3.57E+02	1.38E+02	4.41E+02	8.02E+01
SP.Syn.Abst.887	1.64E+02	1.97E+02	1.43E+02	2.66E+01
SP.Syn.Abst.888	2.67E+02	1.68E+02	3.61E+02	5.11E+01
SP.Syn.Abst.889	9.90E+01	1.09E+02	8.92E+01	3.68E+01
SP.Syn.Abst.890	1.17E+02	1.71E+02	1.27E+02	2.95E+01
SP.Syn.Abst.891	2.76E+02	2.13E+02	4.02E+02	5.35E+01
SP.Syn.Abst.892	9.90E+01	1.29E+02	1.13E+02	3.35E+01
SP.Syn.Abst.893	2.66E+02	3.23E+02	1.65E+02	1.54E+01
SP.Syn.Abst.894	8.98E+01	1.00E+02	7.72E+01	2.01E+01
SP.Syn.Abst.895	8.92E+01	9.38E+01	9.88E+01	3.00E+01
SP.Syn.Abst.896	1.55E+02	2.79E+02	2.28E+02	4.18E+01
SP.Syn.Abst.897	2.84E+02	2.56E+02	4.17E+02	5.05E+01
SP.Syn.Abst.898	4.82E+01	5.31E+01	3.43E+01	4.71E+01
SP.Syn.Abst.899	1.70E+02	2.27E+02	1.43E+02	2.64E+01
SP.Syn.Abst.900	1.43E+02	8.59E+01	1.62E+02	3.45E+01
SP.Syn.Abst.901	8.53E+01	7.35E+01	5.78E+01	5.93E+01
SP.Syn.Abst.902	1.27E+02	1.62E+02	1.06E+02	2.89E+01
SP.Syn.Abst.903	1.98E+02	8.81E+01	1.99E+02	6.16E+01
SP.Syn.Abst.904	2.15E+02	1.96E+02	7.14E+01	5.17E+01
SP.Syn.Abst.905	1.05E+02	1.37E+02	1.19E+02	2.64E+01
SP.Syn.Abst.906	3.30E+02	4.41E+02	2.19E+02	3.53E+01
SP.Syn.Abst.907	1.07E+02	1.03E+02	8.73E+01	4.25E+01
SP.Syn.Abst.908	1.88E+02	2.17E+02	1.21E+02	5.57E+01
SP.Syn.Abst.909	2.24E+02	1.84E+02	3.01E+02	4.06E+01
SP.Syn.Abst.910	1.98E+02	2.01E+02	6.50E+01	3.80E+01
SP.Syn.Abst.911	1.31E+02	1.54E+02	8.08E+01	2.30E+01
SP.Syn.Abst.912	3.46E+02	1.53E+02	4.03E+02	1.32E+02
SP.Syn.Abst.913	2.67E+02	2.19E+02	6.77E+01	5.59E+01
SP.Syn.Abst.914	1.30E+02	1.89E+02	1.56E+02	3.85E+01
SP.Syn.Abst.915	3.17E+02	3.22E+02	1.27E+02	3.55E+01
SP.Syn.Abst.916	1.92E+02	2.84E+02	2.98E+02	4.53E+01
SP.Syn.Abst.917	1.56E+02	1.71E+02	7.27E+01	3.14E+01
SP.Syn.Abst.918	1.18E+02	1.36E+02	1.50E+02	5.47E+01
SP.Syn.Abst.919	2.46E+02	2.50E+02	9.36E+01	5.01E+01
SP.Syn.Abst.920	1.15E+02	1.13E+02	1.51E+02	1.70E+01
SP.Syn.Abst.921	2.23E+02	1.44E+02	3.06E+02	3.47E+01
SP.Syn.Abst.922	1.37E+02	1.19E+02	1.62E+02	5.56E+01
SP.Syn.Abst.923	1.56E+02	6.26E+01	1.59E+02	7.58E+01
SP.Syn.Abst.924	2.43E+02	2.33E+02	4.57E+01	3.53E+01
SP.Syn.Abst.925	1.37E+02	1.84E+02	1.25E+02	2.53E+01
SP.Syn.Abst.926	2.22E+02	3.13E+02	2.32E+02	3.17E+01
SP.Syn.Abst.927	2.37E+02	3.99E+02	3.10E+02	3.61E+01
SP.Syn.Abst.928	3.98E+02	2.77E+02	5.77E+02	5.13E+01
SP.Syn.Abst.929	9.35E+01	6.35E+01	9.44E+01	3.79E+01
SP.Syn.Abst.930	5.89E+02	5.48E+02	1.05E+02	9.35E+01
SP.Syn.Abst.931	9.05E+01	7.27E+01	9.27E+01	6.23E+01
SP.Syn.Abst.932	1.78E+02	2.44E+02	2.28E+02	3.49E+01
SP.Syn.Abst.933	1.59E+02	1.89E+02	2.03E+02	4.73E+01
SP.Syn.Abst.934	3.52E+02	4.32E+02	1.53E+02	3.21E+01
SP.Syn.Abst.935	8.23E+01	7.53E+01	9.47E+01	3.76E+01
SP.Syn.Abst.936	3.43E+02	2.55E+02	5.03E+02	5.11E+01
SP.Syn.Abst.937	8.78E+01	1.10E+02	1.41E+02	3.42E+01
SP.Syn.Abst.938	1.03E+02	1.17E+02	1.39E+02	3.25E+01
SP.Syn.Abst.939	1.28E+02	1.35E+02	1.15E+02	3.67E+01
SP.Syn.Abst.940	1.25E+02	1.85E+02	1.88E+02	4.02E+01
SP.Syn.Abst.941	2.41E+02	9.82E+01	2.73E+02	4.59E+01
SP.Syn.Abst.942	1.26E+02	1.21E+02	2.67E+01	4.25E+01
SP.Syn.Abst.943	1.51E+02	9.42E+01	1.82E+02	3.86E+01
SP.Syn.Abst.944	1.27E+02	1.87E+02	1.42E+02	4.14E+01
SP.Syn.Abst.945	1.27E+02	1.37E+02	7.97E+01	2.85E+01
SP.Syn.Abst.946	9.10E+01	9.52E+01	8.86E+01	4.14E+01
SP.Syn.Abst.947	6.85E+01	5.65E+01	4.61E+01	3.95E+01
SP.Syn.Abst.948	4.19E+02	1.21E+02	4.43E+02	7.46E+01
SP.Syn.Abst.949	1.29E+02	9.82E+01	4.48E+01	4.47E+01
SP.Syn.Abst.950	1.48E+02	1.50E+02	7.68E+01	2.15E+01
SP.Syn.Abst.951	1.81E+02	1.87E+02	7.29E+01	4.43E+01
SP.Syn.Abst.952	1.38E+02	1.67E+02	2.14E+02	3.89E+01
SP.Syn.Abst.953	2.33E+02	7.72E+01	2.67E+02	4.79E+01
SP.Syn.Abst.954	1.22E+02	1.62E+02	1.59E+02	2.39E+01
SP.Syn.Abst.955	1.50E+02	1.96E+02	1.53E+02	2.52E+01
SP.Syn.Abst.956	1.67E+02	1.68E+02	2.08E+02	6.99E+01
SP.Syn.Abst.957	2.09E+02	2.69E+02	1.27E+02	6.13E+01
SP.Syn.Abst.958	1.03E+02	6.39E+01	1.10E+02	5.25E+01
SP.Syn.Abst.959	1.71E+02	1.05E+02	2.21E+02	5.61E+01
SP.Syn.Abst.960	8.83E+01	7.54E+01	1.00E+02	3.37E+01
SP.Syn.Abst.961	3.85E+02	2.17E+02	5.07E+02	5.64E+01
SP.Syn.Abst.962	2.64E+02	2.49E+02	4.34E+01	3.53E+01
SP.Syn.Abst.963	3.19E+02	9.34E+01	3.55E+02	8.67E+01
SP.Syn.Abst.964	4.23E+02	4.83E+02	1.90E+02	5.58E+01
SP.Syn.Abst.965	2.58E+02	3.57E+02	2.45E+02	4.97E+01
SP.Syn.Abst.966	1.60E+02	1.26E+02	2.34E+02	3.06E+01
SP.Syn.Abst.967	2.81E+02	3.60E+02	1.66E+02	3.24E+01
SP.Syn.Abst.968	1.21E+02	1.08E+02	1.04E+02	4.04E+01
SP.Syn.Abst.969	1.47E+02	1.96E+02	1.48E+02	6.49E+01
SP.Syn.Abst.970	1.32E+02	1.13E+02	1.04E+02	7.96E+01
SP.Syn.Abst.971	2.16E+02	2.91E+02	2.46E+02	6.29E+01
SP.Syn.Abst.972	1.00E+02	8.61E+01	2.69E+01	3.43E+01
SP.Syn.Abst.973	1.59E+02	1.90E+02	1.39E+02	7.34E+01
SP.Syn.Abst.974	7.30E+01	1.00E+02	1.09E+02	2.63E+01
SP.Syn.Abst.975	9.51E+01	8.15E+01	1.06E+02	3.22E+01
SP.Syn.Abst.976	1.71E+02	1.81E+02	9.96E+01	7.34E+01
SP.Syn.Abst.977	1.92E+02	1.80E+02	2.43E+02	3.48E+01
SP.Syn.Abst.978	1.31E+02	1.30E+02	1.47E+02	6.28E+01
SP.Syn.Abst.979	3.93E+02	4.36E+02	1.83E+02	5.86E+01
SP.Syn.Abst.980	1.98E+02	1.46E+02	2.80E+02	3.55E+01
SP.Syn.Abst.981	1.36E+02	1.10E+02	1.14E+02	5.64E+01
SP.Syn.Abst.982	2.51E+02	1.05E+02	3.01E+02	3.77E+01
SP.Syn.Abst.983	2.14E+02	1.67E+02	3.16E+02	5.00E+01
SP.Syn.Abst.984	1.31E+02	1.12E+02	1.91E+02	4.83E+01
SP.Syn.Abst.985	1.86E+02	2.76E+02	2.92E+02	4.00E+01
SP.Syn.Abst.986	2.14E+02	2.43E+02	1.09E+02	3.47E+01
SP.Syn.Abst.987	1.70E+02	2.63E+02	2.60E+02	4.61E+01
SP.Syn.Abst.988	1.96E+02	1.31E+02	2.29E+02	5.03E+01
SP.Syn.Abst.989	1.44E+02	1.49E+01	1.47E+02	2.18E+01
SP.Syn.Abst.990	1.94E+02	1.76E+02	2.65E+02	6.17E+01
SP.Syn.Abst.991	1.43E+02	1.57E+02	1.44E+02	5.65E+01
SP.Syn.Abst.992	7.77E+01	6.84E+01	9.40E+01	3.03E+01
SP.Syn.Abst.993	1.31E+02	1.52E+02	7.87E+01	4.68E+01
SP.Syn.Abst.994	1.34E+02	1.99E+02	1.65E+02	4.39E+01
SP.Syn.Abst.995	1.38E+02	1.68E+02	1.36E+02	4.28E+01
SP.Syn.Abst.996	1.71E+02	2.62E+02	1.73E+02	4.11E+01
SP.Syn.Abst.997	1.40E+02	1.14E+02	1.13E+02	5.13E+01
SP.Syn.Abst.998	1.44E+02	1.55E+02	8.43E+01	3.81E+01
SP.Syn.Abst.999	1.18E+02	9.87E+01	1.08E+02	7.70E+01
SP.Syn.Abst.1000	2.63E+02	1.15E+02	3.05E+02	3.50E+01
