Samples	SBS96A	SBS96B	SBS96C
SP.Syn.Abst.1	2542	2540	1710
SP.Syn.Abst.2	3456	1273	550
SP.Syn.Abst.3	3146	1715	723
SP.Syn.Abst.4	1324	2679	878
SP.Syn.Abst.5	4318	2866	929
SP.Syn.Abst.6	2846	5223	1079
SP.Syn.Abst.7	3402	3594	764
SP.Syn.Abst.8	2497	2129	628
SP.Syn.Abst.9	0	1313	2984
SP.Syn.Abst.10	5599	5623	1158
SP.Syn.Abst.11	4138	3881	1200
SP.Syn.Abst.12	1789	3510	4085
SP.Syn.Abst.13	6471	5143	850
SP.Syn.Abst.14	6886	5942	791
SP.Syn.Abst.15	3100	2857	2039
SP.Syn.Abst.16	2068	5249	489
SP.Syn.Abst.17	6637	3589	7807
SP.Syn.Abst.18	3210	7282	1505
SP.Syn.Abst.19	4717	5333	1065
SP.Syn.Abst.20	2488	2184	875
SP.Syn.Abst.21	5288	2706	0
SP.Syn.Abst.22	5252	3019	997
SP.Syn.Abst.23	3631	2896	640
SP.Syn.Abst.24	8871	2627	1318
SP.Syn.Abst.25	3523	5744	997
SP.Syn.Abst.26	1432	7816	0
SP.Syn.Abst.27	3598	2392	1804
SP.Syn.Abst.28	4380	1850	467
SP.Syn.Abst.29	1943	1843	5683
SP.Syn.Abst.30	689	6868	0
SP.Syn.Abst.31	4342	15160	995
SP.Syn.Abst.32	6654	9977	1271
SP.Syn.Abst.33	3076	5762	0
SP.Syn.Abst.34	11747	9870	0
SP.Syn.Abst.35	5013	3046	2665
SP.Syn.Abst.36	6085	5483	3517
SP.Syn.Abst.37	3359	4174	0
SP.Syn.Abst.38	5853	3834	1155
SP.Syn.Abst.39	4587	5880	751
SP.Syn.Abst.40	3238	5863	1115
SP.Syn.Abst.41	3418	3956	657
SP.Syn.Abst.42	1881	0	898
SP.Syn.Abst.43	4541	4726	527
SP.Syn.Abst.44	7122	3463	1280
SP.Syn.Abst.45	10203	4957	1935
SP.Syn.Abst.46	2782	2663	1071
SP.Syn.Abst.47	3192	4329	696
SP.Syn.Abst.48	3703	4234	1936
SP.Syn.Abst.49	1411	2501	1695
SP.Syn.Abst.50	4341	3761	504
SP.Syn.Abst.51	2001	4923	642
SP.Syn.Abst.52	5052	5611	1540
SP.Syn.Abst.53	4993	1677	3744
SP.Syn.Abst.54	4705	2393	1132
SP.Syn.Abst.55	2373	4728	4894
SP.Syn.Abst.56	4000	7513	0
SP.Syn.Abst.57	8005	2396	1635
SP.Syn.Abst.58	2822	6652	1510
SP.Syn.Abst.59	905	9821	6184
SP.Syn.Abst.60	5751	2976	1875
SP.Syn.Abst.61	4519	8586	1669
SP.Syn.Abst.62	6400	5265	3228
SP.Syn.Abst.63	6350	3314	0
SP.Syn.Abst.64	2912	7738	885
SP.Syn.Abst.65	3114	1588	690
SP.Syn.Abst.66	3655	2203	0
SP.Syn.Abst.67	5497	2406	962
SP.Syn.Abst.68	5130	16643	0
SP.Syn.Abst.69	7111	6258	973
SP.Syn.Abst.70	4315	2336	0
SP.Syn.Abst.71	4043	6528	2060
SP.Syn.Abst.72	13165	4200	1092
SP.Syn.Abst.73	2841	2239	819
SP.Syn.Abst.74	2866	3728	2868
SP.Syn.Abst.75	5392	2607	1162
SP.Syn.Abst.76	1934	5717	638
SP.Syn.Abst.77	2825	5340	600
SP.Syn.Abst.78	3640	5558	732
SP.Syn.Abst.79	8770	5288	1889
SP.Syn.Abst.80	4913	8224	0
SP.Syn.Abst.81	3247	2328	1540
SP.Syn.Abst.82	520	5413	364
SP.Syn.Abst.83	5053	3918	909
SP.Syn.Abst.84	3455	2694	1748
SP.Syn.Abst.85	3150	4607	4755
SP.Syn.Abst.86	4685	4774	1109
SP.Syn.Abst.87	8229	2762	1500
SP.Syn.Abst.88	9933	5944	886
SP.Syn.Abst.89	11490	2475	680
SP.Syn.Abst.90	789	3466	1614
SP.Syn.Abst.91	2238	1769	1671
SP.Syn.Abst.92	2546	2868	295
SP.Syn.Abst.93	2051	1802	696
SP.Syn.Abst.94	3891	2047	1114
SP.Syn.Abst.95	9183	9951	1373
SP.Syn.Abst.96	2934	2499	2385
SP.Syn.Abst.97	4421	3452	0
SP.Syn.Abst.98	5689	7386	0
SP.Syn.Abst.99	5045	4689	874
SP.Syn.Abst.100	7519	3946	876
SP.Syn.Abst.101	2653	742	3479
SP.Syn.Abst.102	1783	3156	2024
SP.Syn.Abst.103	4870	3923	704
SP.Syn.Abst.104	4230	3146	0
SP.Syn.Abst.105	7158	4180	1797
SP.Syn.Abst.106	239	2548	910
SP.Syn.Abst.107	3410	3824	498
SP.Syn.Abst.108	231	2415	611
SP.Syn.Abst.109	3006	3318	0
SP.Syn.Abst.110	2546	8107	743
SP.Syn.Abst.111	4230	4527	741
SP.Syn.Abst.112	3540	3862	1870
SP.Syn.Abst.113	1849	4704	1294
SP.Syn.Abst.114	3967	2309	766
SP.Syn.Abst.115	3986	4007	1489
SP.Syn.Abst.116	2163	3934	678
SP.Syn.Abst.117	6876	4418	1260
SP.Syn.Abst.118	1840	3714	631
SP.Syn.Abst.119	4256	3801	2287
SP.Syn.Abst.120	2912	3726	710
SP.Syn.Abst.121	9183	8782	1265
SP.Syn.Abst.122	335	3608	2047
SP.Syn.Abst.123	3279	1933	5001
SP.Syn.Abst.124	3075	7030	763
SP.Syn.Abst.125	11947	8255	1092
SP.Syn.Abst.126	7283	5930	0
SP.Syn.Abst.127	7447	4341	852
SP.Syn.Abst.128	1923	4079	0
SP.Syn.Abst.129	1994	2386	2046
SP.Syn.Abst.130	2759	4233	539
SP.Syn.Abst.131	1449	4199	888
SP.Syn.Abst.132	6437	6220	1258
SP.Syn.Abst.133	3570	2018	732
SP.Syn.Abst.134	6218	3244	1012
SP.Syn.Abst.135	5452	9898	0
SP.Syn.Abst.136	2913	7242	577
SP.Syn.Abst.137	959	1192	583
SP.Syn.Abst.138	8550	5521	2380
SP.Syn.Abst.139	5943	4591	875
SP.Syn.Abst.140	338	3577	998
SP.Syn.Abst.141	3012	3537	736
SP.Syn.Abst.142	5754	3536	750
SP.Syn.Abst.143	6841	2397	1406
SP.Syn.Abst.144	3577	2643	0
SP.Syn.Abst.145	4383	3674	1517
SP.Syn.Abst.146	4447	3297	750
SP.Syn.Abst.147	4165	6945	0
SP.Syn.Abst.148	4071	3343	830
SP.Syn.Abst.149	5355	4458	1594
SP.Syn.Abst.150	6262	3469	0
SP.Syn.Abst.151	3194	6009	1587
SP.Syn.Abst.152	9567	3401	1525
SP.Syn.Abst.153	343	3615	1017
SP.Syn.Abst.154	20127	14180	6648
SP.Syn.Abst.155	3717	6283	1596
SP.Syn.Abst.156	2664	3288	1663
SP.Syn.Abst.157	3272	3301	513
SP.Syn.Abst.158	3498	7788	1551
SP.Syn.Abst.159	9469	3887	1324
SP.Syn.Abst.160	1993	2347	2816
SP.Syn.Abst.161	7063	1931	2549
SP.Syn.Abst.162	2149	1289	3281
SP.Syn.Abst.163	7731	4636	729
SP.Syn.Abst.164	4381	5918	0
SP.Syn.Abst.165	2778	3080	777
SP.Syn.Abst.166	8934	2702	0
SP.Syn.Abst.167	3545	5605	561
SP.Syn.Abst.168	3026	3333	1200
SP.Syn.Abst.169	278	2965	1125
SP.Syn.Abst.170	2608	2488	289
SP.Syn.Abst.171	2660	3830	999
SP.Syn.Abst.172	2262	2520	817
SP.Syn.Abst.173	3038	5173	491
SP.Syn.Abst.174	648	6758	1086
SP.Syn.Abst.175	2057	2405	2188
SP.Syn.Abst.176	215	2331	862
SP.Syn.Abst.177	3209	6574	1299
SP.Syn.Abst.178	490	4930	0
SP.Syn.Abst.179	3316	4899	1159
SP.Syn.Abst.180	5641	5349	1429
SP.Syn.Abst.181	2473	2496	1148
SP.Syn.Abst.182	1328	3835	861
SP.Syn.Abst.183	4089	6704	0
SP.Syn.Abst.184	146	1598	716
SP.Syn.Abst.185	4487	5541	879
SP.Syn.Abst.186	2606	2261	0
SP.Syn.Abst.187	5039	5315	0
SP.Syn.Abst.188	2683	2053	1957
SP.Syn.Abst.189	1940	1652	408
SP.Syn.Abst.190	5521	8082	1000
SP.Syn.Abst.191	3336	4125	826
SP.Syn.Abst.192	4860	3220	615
SP.Syn.Abst.193	2926	2975	1947
SP.Syn.Abst.194	2983	2379	672
SP.Syn.Abst.195	822	7939	0
SP.Syn.Abst.196	6440	9419	858
SP.Syn.Abst.197	5958	4042	2198
SP.Syn.Abst.198	2891	5576	0
SP.Syn.Abst.199	2177	2516	499
SP.Syn.Abst.200	2169	3785	0
SP.Syn.Abst.201	3601	2825	648
SP.Syn.Abst.202	1591	2058	2512
SP.Syn.Abst.203	4596	5795	0
SP.Syn.Abst.204	3418	2738	3388
SP.Syn.Abst.205	3169	1906	596
SP.Syn.Abst.206	3870	4894	611
SP.Syn.Abst.207	4527	6408	1545
SP.Syn.Abst.208	6133	3264	742
SP.Syn.Abst.209	2647	3754	1405
SP.Syn.Abst.210	1334	5972	1937
SP.Syn.Abst.211	12523	2556	2115
SP.Syn.Abst.212	1844	5542	828
SP.Syn.Abst.213	3774	8019	686
SP.Syn.Abst.214	2055	2704	0
SP.Syn.Abst.215	6861	3392	935
SP.Syn.Abst.216	4299	6022	791
SP.Syn.Abst.217	1571	6394	3239
SP.Syn.Abst.218	4428	7530	0
SP.Syn.Abst.219	6706	0	2037
SP.Syn.Abst.220	12960	2747	1355
SP.Syn.Abst.221	4179	4415	1373
SP.Syn.Abst.222	1252	2892	2234
SP.Syn.Abst.223	1793	1182	1665
SP.Syn.Abst.224	4143	2643	1044
SP.Syn.Abst.225	4357	2600	1208
SP.Syn.Abst.226	4734	4984	1016
SP.Syn.Abst.227	5514	2558	1041
SP.Syn.Abst.228	317	3522	2456
SP.Syn.Abst.229	2597	5072	1069
SP.Syn.Abst.230	3510	8415	0
SP.Syn.Abst.231	2467	2692	1054
SP.Syn.Abst.232	3083	5570	802
SP.Syn.Abst.233	3825	3195	786
SP.Syn.Abst.234	4898	5507	808
SP.Syn.Abst.235	9250	2966	3077
SP.Syn.Abst.236	5232	8992	1840
SP.Syn.Abst.237	3541	5077	996
SP.Syn.Abst.238	5890	8210	2924
SP.Syn.Abst.239	6414	3608	899
SP.Syn.Abst.240	4042	4171	982
SP.Syn.Abst.241	6525	2848	1597
SP.Syn.Abst.242	4017	3394	844
SP.Syn.Abst.243	3048	2227	573
SP.Syn.Abst.244	1687	7449	1497
SP.Syn.Abst.245	3953	8876	1322
SP.Syn.Abst.246	27002	12791	2196
SP.Syn.Abst.247	3844	3731	1309
SP.Syn.Abst.248	1533	2668	1037
SP.Syn.Abst.249	5996	8758	0
SP.Syn.Abst.250	2230	3094	1248
SP.Syn.Abst.251	10205	5601	1402
SP.Syn.Abst.252	4474	9064	1223
SP.Syn.Abst.253	4794	4808	551
SP.Syn.Abst.254	3963	2055	2324
SP.Syn.Abst.255	7030	3511	785
SP.Syn.Abst.256	2858	4800	8384
SP.Syn.Abst.257	4011	3420	987
SP.Syn.Abst.258	3103	3319	1119
SP.Syn.Abst.259	2718	1729	1509
SP.Syn.Abst.260	2324	4654	539
SP.Syn.Abst.261	4652	4791	0
SP.Syn.Abst.262	681	7087	1000
SP.Syn.Abst.263	3058	2316	1417
SP.Syn.Abst.264	3012	5827	785
SP.Syn.Abst.265	2945	0	279
SP.Syn.Abst.266	4633	5392	1096
SP.Syn.Abst.267	2739	6035	0
SP.Syn.Abst.268	4105	4635	1355
SP.Syn.Abst.269	3915	2770	781
SP.Syn.Abst.270	7090	6277	865
SP.Syn.Abst.271	2491	4202	686
SP.Syn.Abst.272	2297	2511	487
SP.Syn.Abst.273	3892	4647	701
SP.Syn.Abst.274	3805	3654	0
SP.Syn.Abst.275	4857	3753	2201
SP.Syn.Abst.276	3878	10541	1511
SP.Syn.Abst.277	1588	2100	794
SP.Syn.Abst.278	4833	5535	911
SP.Syn.Abst.279	666	1695	442
SP.Syn.Abst.280	3688	4684	1151
SP.Syn.Abst.281	13182	2899	770
SP.Syn.Abst.282	11459	5953	2078
SP.Syn.Abst.283	3026	2199	759
SP.Syn.Abst.284	1351	2415	2055
SP.Syn.Abst.285	3093	2851	1349
SP.Syn.Abst.286	2505	1661	492
SP.Syn.Abst.287	667	1563	4948
SP.Syn.Abst.288	1414	1208	7842
SP.Syn.Abst.289	232	2463	312
SP.Syn.Abst.290	7157	2871	1073
SP.Syn.Abst.291	567	5388	0
SP.Syn.Abst.292	3383	2227	1067
SP.Syn.Abst.293	7763	4677	0
SP.Syn.Abst.294	1739	4372	947
SP.Syn.Abst.295	5651	2032	1091
SP.Syn.Abst.296	3656	2420	0
SP.Syn.Abst.297	6831	6675	4152
SP.Syn.Abst.298	4710	8900	0
SP.Syn.Abst.299	1840	3999	583
SP.Syn.Abst.300	2214	5140	1162
SP.Syn.Abst.301	3056	1784	2495
SP.Syn.Abst.302	4565	5937	756
SP.Syn.Abst.303	8035	3917	633
SP.Syn.Abst.304	7627	2406	3401
SP.Syn.Abst.305	2804	5482	576
SP.Syn.Abst.306	3596	2587	1376
SP.Syn.Abst.307	3354	11517	0
SP.Syn.Abst.308	1944	3749	1132
SP.Syn.Abst.309	5374	5039	602
SP.Syn.Abst.310	1773	1982	634
SP.Syn.Abst.311	10321	1178	5268
SP.Syn.Abst.312	3626	2513	500
SP.Syn.Abst.313	3855	5139	923
SP.Syn.Abst.314	0	1046	4973
SP.Syn.Abst.315	2418	4343	591
SP.Syn.Abst.316	3849	6070	692
SP.Syn.Abst.317	2586	8477	0
SP.Syn.Abst.318	2750	5104	848
SP.Syn.Abst.319	1822	2538	1142
SP.Syn.Abst.320	3294	2628	794
SP.Syn.Abst.321	1682	3193	447
SP.Syn.Abst.322	2466	6379	476
SP.Syn.Abst.323	3901	3834	1883
SP.Syn.Abst.324	2753	5275	753
SP.Syn.Abst.325	2069	2217	531
SP.Syn.Abst.326	5236	1325	10148
SP.Syn.Abst.327	2238	3680	497
SP.Syn.Abst.328	15095	3392	1459
SP.Syn.Abst.329	1756	4117	956
SP.Syn.Abst.330	5548	9160	0
SP.Syn.Abst.331	8935	4515	2383
SP.Syn.Abst.332	5919	5576	1705
SP.Syn.Abst.333	1967	7291	1664
SP.Syn.Abst.334	12370	2953	1372
SP.Syn.Abst.335	1563	1430	377
SP.Syn.Abst.336	4037	8609	0
SP.Syn.Abst.337	5861	4213	1193
SP.Syn.Abst.338	3617	4016	705
SP.Syn.Abst.339	1668	2414	499
SP.Syn.Abst.340	5688	8295	0
SP.Syn.Abst.341	2048	5803	0
SP.Syn.Abst.342	1999	1971	713
SP.Syn.Abst.343	6621	2315	1322
SP.Syn.Abst.344	2471	1797	0
SP.Syn.Abst.345	2591	1672	1051
SP.Syn.Abst.346	3594	3021	1317
SP.Syn.Abst.347	1920	4454	1330
SP.Syn.Abst.348	331	3387	397
SP.Syn.Abst.349	3019	11421	1058
SP.Syn.Abst.350	4586	5649	3356
SP.Syn.Abst.351	12840	0	5098
SP.Syn.Abst.352	7921	4213	1017
SP.Syn.Abst.353	16081	5194	2248
SP.Syn.Abst.354	7988	4175	1121
SP.Syn.Abst.355	4927	1952	1304
SP.Syn.Abst.356	598	6319	827
SP.Syn.Abst.357	2114	6069	0
SP.Syn.Abst.358	2444	6037	1881
SP.Syn.Abst.359	7824	1971	1311
SP.Syn.Abst.360	1616	2295	1012
SP.Syn.Abst.361	8127	2359	706
SP.Syn.Abst.362	1655	3555	843
SP.Syn.Abst.363	2699	4247	916
SP.Syn.Abst.364	1789	5044	1926
SP.Syn.Abst.365	4341	9223	0
SP.Syn.Abst.366	3700	3080	1530
SP.Syn.Abst.367	7262	8723	1596
SP.Syn.Abst.368	2795	1526	1489
SP.Syn.Abst.369	199	2237	1686
SP.Syn.Abst.370	4341	4234	3652
SP.Syn.Abst.371	9597	3942	1256
SP.Syn.Abst.372	960	2849	601
SP.Syn.Abst.373	3779	2799	641
SP.Syn.Abst.374	3581	3750	2472
SP.Syn.Abst.375	4157	3330	899
SP.Syn.Abst.376	5953	2913	699
SP.Syn.Abst.377	1839	6483	1313
SP.Syn.Abst.378	4444	3228	1542
SP.Syn.Abst.379	9886	5535	1475
SP.Syn.Abst.380	8752	4072	3875
SP.Syn.Abst.381	3924	3312	993
SP.Syn.Abst.382	3491	2700	897
SP.Syn.Abst.383	2865	1985	907
SP.Syn.Abst.384	5321	4788	569
SP.Syn.Abst.385	7571	6250	844
SP.Syn.Abst.386	5451	6319	1592
SP.Syn.Abst.387	12829	5682	6675
SP.Syn.Abst.388	8055	7120	2462
SP.Syn.Abst.389	2608	3714	0
SP.Syn.Abst.390	2073	3099	0
SP.Syn.Abst.391	1796	4965	881
SP.Syn.Abst.392	7212	6989	777
SP.Syn.Abst.393	2030	1831	629
SP.Syn.Abst.394	4288	2826	1722
SP.Syn.Abst.395	473	5268	4046
SP.Syn.Abst.396	2024	2228	1435
SP.Syn.Abst.397	3269	2253	791
SP.Syn.Abst.398	2804	4049	1010
SP.Syn.Abst.399	4216	6179	1361
SP.Syn.Abst.400	16841	5925	1350
SP.Syn.Abst.401	5125	2106	731
SP.Syn.Abst.402	6741	3173	0
SP.Syn.Abst.403	4893	9775	1255
SP.Syn.Abst.404	5242	7932	4267
SP.Syn.Abst.405	3773	2046	1357
SP.Syn.Abst.406	3522	5112	1558
SP.Syn.Abst.407	8542	4619	1298
SP.Syn.Abst.408	5082	5742	747
SP.Syn.Abst.409	4331	2109	0
SP.Syn.Abst.410	2348	4401	2009
SP.Syn.Abst.411	5678	6034	1137
SP.Syn.Abst.412	2961	4799	573
SP.Syn.Abst.413	4714	4702	833
SP.Syn.Abst.414	430	4383	502
SP.Syn.Abst.415	3156	3275	773
SP.Syn.Abst.416	2265	1240	1353
SP.Syn.Abst.417	3756	4233	1868
SP.Syn.Abst.418	3228	1303	5417
SP.Syn.Abst.419	6412	4671	1743
SP.Syn.Abst.420	4471	7166	1280
SP.Syn.Abst.421	2762	1934	6016
SP.Syn.Abst.422	3843	8616	707
SP.Syn.Abst.423	3735	3732	508
SP.Syn.Abst.424	1731	5139	1297
SP.Syn.Abst.425	2850	3035	1396
SP.Syn.Abst.426	3432	3057	1200
SP.Syn.Abst.427	327	3430	0
SP.Syn.Abst.428	13421	10490	0
SP.Syn.Abst.429	2040	4010	1137
SP.Syn.Abst.430	228	2457	1684
SP.Syn.Abst.431	1221	973	3130
SP.Syn.Abst.432	323	3418	1121
SP.Syn.Abst.433	6773	4179	1084
SP.Syn.Abst.434	2089	3593	2347
SP.Syn.Abst.435	3583	2860	1111
SP.Syn.Abst.436	6980	7441	2916
SP.Syn.Abst.437	2352	2509	849
SP.Syn.Abst.438	3084	3694	4020
SP.Syn.Abst.439	376	3917	1179
SP.Syn.Abst.440	2539	2191	1248
SP.Syn.Abst.441	3358	5292	1305
SP.Syn.Abst.442	1752	3869	639
SP.Syn.Abst.443	5422	3915	1279
SP.Syn.Abst.444	2132	4378	510
SP.Syn.Abst.445	5090	6960	1063
SP.Syn.Abst.446	3555	3582	1240
SP.Syn.Abst.447	2006	5179	0
SP.Syn.Abst.448	2516	1626	2699
SP.Syn.Abst.449	7663	1887	1399
SP.Syn.Abst.450	4118	4460	497
SP.Syn.Abst.451	5090	3877	590
SP.Syn.Abst.452	2730	5462	818
SP.Syn.Abst.453	5492	3441	703
SP.Syn.Abst.454	8683	2356	0
SP.Syn.Abst.455	2592	7145	591
SP.Syn.Abst.456	6350	3678	799
SP.Syn.Abst.457	4682	1854	4338
SP.Syn.Abst.458	4170	2922	561
SP.Syn.Abst.459	4056	2681	2434
SP.Syn.Abst.460	4387	3587	646
SP.Syn.Abst.461	4198	3691	639
SP.Syn.Abst.462	6384	1867	4096
SP.Syn.Abst.463	2731	3084	1636
SP.Syn.Abst.464	1372	3445	1412
SP.Syn.Abst.465	3968	4465	806
SP.Syn.Abst.466	6904	5376	697
SP.Syn.Abst.467	4047	5437	1503
SP.Syn.Abst.468	5873	1346	957
SP.Syn.Abst.469	229	2423	0
SP.Syn.Abst.470	10398	8131	863
SP.Syn.Abst.471	5493	2317	2407
SP.Syn.Abst.472	10742	4241	1477
SP.Syn.Abst.473	2268	7845	2232
SP.Syn.Abst.474	3606	4990	1069
SP.Syn.Abst.475	4898	4186	0
SP.Syn.Abst.476	5793	5592	1604
SP.Syn.Abst.477	5642	3300	1488
SP.Syn.Abst.478	5744	4650	574
SP.Syn.Abst.479	3728	1736	1027
SP.Syn.Abst.480	5396	1607	2429
SP.Syn.Abst.481	3373	3720	1255
SP.Syn.Abst.482	2586	7056	1323
SP.Syn.Abst.483	11705	12742	3225
SP.Syn.Abst.484	6060	3058	1863
SP.Syn.Abst.485	1576	2494	2176
SP.Syn.Abst.486	8387	5232	956
SP.Syn.Abst.487	213	2348	1121
SP.Syn.Abst.488	1256	1184	1328
SP.Syn.Abst.489	6664	5028	0
SP.Syn.Abst.490	1083	3623	0
SP.Syn.Abst.491	3002	1143	1874
SP.Syn.Abst.492	5182	1099	787
SP.Syn.Abst.493	3336	3795	1213
SP.Syn.Abst.494	1933	3419	648
SP.Syn.Abst.495	1835	2072	5185
SP.Syn.Abst.496	2675	3141	0
SP.Syn.Abst.497	3129	4545	0
SP.Syn.Abst.498	2513	7472	533
SP.Syn.Abst.499	6421	4745	1220
SP.Syn.Abst.500	4844	5680	6030
SP.Syn.Abst.501	2546	4020	2654
SP.Syn.Abst.502	5323	2232	1228
SP.Syn.Abst.503	1793	840	2057
SP.Syn.Abst.504	2201	4224	1970
SP.Syn.Abst.505	3409	6270	852
SP.Syn.Abst.506	7487	5432	724
SP.Syn.Abst.507	2696	1832	880
SP.Syn.Abst.508	7851	3810	1781
SP.Syn.Abst.509	0	1333	4642
SP.Syn.Abst.510	5278	3793	2200
SP.Syn.Abst.511	4123	5674	941
SP.Syn.Abst.512	4593	4087	1888
SP.Syn.Abst.513	5863	3005	0
SP.Syn.Abst.514	3116	3615	918
SP.Syn.Abst.515	11963	4060	1601
SP.Syn.Abst.516	3902	3080	2279
SP.Syn.Abst.517	649	6830	942
SP.Syn.Abst.518	373	3933	1714
SP.Syn.Abst.519	5156	3976	1373
SP.Syn.Abst.520	4514	2791	1964
SP.Syn.Abst.521	161	1699	421
SP.Syn.Abst.522	12890	4711	1422
SP.Syn.Abst.523	1915	2073	1830
SP.Syn.Abst.524	1053	1065	1502
SP.Syn.Abst.525	5952	4850	829
SP.Syn.Abst.526	5090	1638	2181
SP.Syn.Abst.527	3106	8181	1622
SP.Syn.Abst.528	7623	6300	0
SP.Syn.Abst.529	3412	3348	1216
SP.Syn.Abst.530	5120	2727	982
SP.Syn.Abst.531	126	1367	0
SP.Syn.Abst.532	3146	3474	339
SP.Syn.Abst.533	4119	4051	2975
SP.Syn.Abst.534	2132	1768	2777
SP.Syn.Abst.535	3300	7116	1988
SP.Syn.Abst.536	2480	3567	728
SP.Syn.Abst.537	4015	1426	3861
SP.Syn.Abst.538	3024	4538	1394
SP.Syn.Abst.539	7617	5183	1039
SP.Syn.Abst.540	10127	4869	1385
SP.Syn.Abst.541	3500	3657	672
SP.Syn.Abst.542	5207	1518	990
SP.Syn.Abst.543	6072	7373	1566
SP.Syn.Abst.544	2936	3730	886
SP.Syn.Abst.545	2383	4743	1435
SP.Syn.Abst.546	5345	2983	3273
SP.Syn.Abst.547	5218	2257	1107
SP.Syn.Abst.548	2705	1984	907
SP.Syn.Abst.549	1340	4650	1735
SP.Syn.Abst.550	2887	2152	345
SP.Syn.Abst.551	2407	2633	4046
SP.Syn.Abst.552	3004	8089	924
SP.Syn.Abst.553	1984	2959	1091
SP.Syn.Abst.554	1143	705	1635
SP.Syn.Abst.555	3386	4317	872
SP.Syn.Abst.556	249	2691	1259
SP.Syn.Abst.557	3514	5399	2746
SP.Syn.Abst.558	2639	4063	2457
SP.Syn.Abst.559	7104	3676	983
SP.Syn.Abst.560	5043	2375	949
SP.Syn.Abst.561	3541	5692	459
SP.Syn.Abst.562	3284	4969	1660
SP.Syn.Abst.563	7273	3700	1204
SP.Syn.Abst.564	13751	4670	1339
SP.Syn.Abst.565	3959	10868	0
SP.Syn.Abst.566	6605	9575	2088
SP.Syn.Abst.567	3227	2162	1877
SP.Syn.Abst.568	4461	3576	614
SP.Syn.Abst.569	3141	4033	0
SP.Syn.Abst.570	6532	3226	0
SP.Syn.Abst.571	2856	8969	0
SP.Syn.Abst.572	2632	8537	1206
SP.Syn.Abst.573	2953	1637	777
SP.Syn.Abst.574	1563	2897	829
SP.Syn.Abst.575	2653	7490	865
SP.Syn.Abst.576	5133	6995	0
SP.Syn.Abst.577	4417	4556	1023
SP.Syn.Abst.578	4904	3891	858
SP.Syn.Abst.579	4668	1729	1621
SP.Syn.Abst.580	3874	6221	1886
SP.Syn.Abst.581	2399	2481	886
SP.Syn.Abst.582	4916	2210	856
SP.Syn.Abst.583	2106	1855	1350
SP.Syn.Abst.584	2112	6218	0
SP.Syn.Abst.585	6240	3690	1991
SP.Syn.Abst.586	1959	1449	6291
SP.Syn.Abst.587	3521	4547	690
SP.Syn.Abst.588	4542	3117	995
SP.Syn.Abst.589	3894	3733	1947
SP.Syn.Abst.590	2080	2520	3161
SP.Syn.Abst.591	1725	1408	1029
SP.Syn.Abst.592	18259	7059	3381
SP.Syn.Abst.593	2737	2460	501
SP.Syn.Abst.594	6397	2927	1626
SP.Syn.Abst.595	3446	3261	1279
SP.Syn.Abst.596	4066	3887	649
SP.Syn.Abst.597	1915	1229	1633
SP.Syn.Abst.598	6439	3287	831
SP.Syn.Abst.599	1877	2824	1546
SP.Syn.Abst.600	1750	2042	798
SP.Syn.Abst.601	3119	4926	973
SP.Syn.Abst.602	4574	5527	2975
SP.Syn.Abst.603	4598	1900	2612
SP.Syn.Abst.604	212	2292	1119
SP.Syn.Abst.605	2750	1434	885
SP.Syn.Abst.606	6310	5564	627
SP.Syn.Abst.607	5236	6256	1781
SP.Syn.Abst.608	3182	2058	528
SP.Syn.Abst.609	4835	3169	823
SP.Syn.Abst.610	2179	5251	1036
SP.Syn.Abst.611	8200	3398	1480
SP.Syn.Abst.612	1899	4601	2202
SP.Syn.Abst.613	4752	1915	1769
SP.Syn.Abst.614	435	4267	0
SP.Syn.Abst.615	3713	5017	1696
SP.Syn.Abst.616	1548	3027	770
SP.Syn.Abst.617	1983	2133	1854
SP.Syn.Abst.618	12425	2472	1318
SP.Syn.Abst.619	6893	7420	2010
SP.Syn.Abst.620	3309	5129	1610
SP.Syn.Abst.621	2641	5953	1854
SP.Syn.Abst.622	2882	4570	821
SP.Syn.Abst.623	5275	5347	1089
SP.Syn.Abst.624	8892	4250	1978
SP.Syn.Abst.625	409	4344	1181
SP.Syn.Abst.626	3502	4216	512
SP.Syn.Abst.627	2513	993	1551
SP.Syn.Abst.628	2211	1740	2980
SP.Syn.Abst.629	3199	2445	2369
SP.Syn.Abst.630	2742	3206	705
SP.Syn.Abst.631	7926	4158	807
SP.Syn.Abst.632	360	3699	429
SP.Syn.Abst.633	12071	5401	863
SP.Syn.Abst.634	4784	6738	1415
SP.Syn.Abst.635	4977	1837	0
SP.Syn.Abst.636	3054	2959	1706
SP.Syn.Abst.637	2360	3949	1624
SP.Syn.Abst.638	5877	4157	629
SP.Syn.Abst.639	9881	4376	1447
SP.Syn.Abst.640	5462	3929	1145
SP.Syn.Abst.641	1012	1564	1696
SP.Syn.Abst.642	2623	0	726
SP.Syn.Abst.643	6352	3058	4089
SP.Syn.Abst.644	4003	2803	0
SP.Syn.Abst.645	1496	1974	1870
SP.Syn.Abst.646	3344	0	819
SP.Syn.Abst.647	4982	5026	981
SP.Syn.Abst.648	5069	5104	880
SP.Syn.Abst.649	2488	3077	1489
SP.Syn.Abst.650	3481	2872	465
SP.Syn.Abst.651	2938	4284	1818
SP.Syn.Abst.652	5124	4389	980
SP.Syn.Abst.653	2489	2746	774
SP.Syn.Abst.654	6802	1629	817
SP.Syn.Abst.655	3121	4493	1095
SP.Syn.Abst.656	7414	1981	948
SP.Syn.Abst.657	2011	1665	915
SP.Syn.Abst.658	10770	5860	1298
SP.Syn.Abst.659	3625	1396	1367
SP.Syn.Abst.660	1928	2859	1669
SP.Syn.Abst.661	2703	5161	1024
SP.Syn.Abst.662	9718	2702	699
SP.Syn.Abst.663	3364	3917	2298
SP.Syn.Abst.664	2479	3442	909
SP.Syn.Abst.665	2295	4168	543
SP.Syn.Abst.666	2396	2900	357
SP.Syn.Abst.667	6215	2392	3045
SP.Syn.Abst.668	1155	2279	361
SP.Syn.Abst.669	8067	5773	759
SP.Syn.Abst.670	5948	1623	1268
SP.Syn.Abst.671	4106	2259	1155
SP.Syn.Abst.672	12536	3944	1300
SP.Syn.Abst.673	5677	3660	637
SP.Syn.Abst.674	5561	2146	768
SP.Syn.Abst.675	4960	3867	680
SP.Syn.Abst.676	1470	3355	1221
SP.Syn.Abst.677	4185	5351	1594
SP.Syn.Abst.678	5971	9060	0
SP.Syn.Abst.679	3838	5107	1281
SP.Syn.Abst.680	4422	3761	1343
SP.Syn.Abst.681	3142	4649	740
SP.Syn.Abst.682	2397	4961	599
SP.Syn.Abst.683	2826	3092	521
SP.Syn.Abst.684	3413	3710	0
SP.Syn.Abst.685	4107	1621	958
SP.Syn.Abst.686	4745	9769	0
SP.Syn.Abst.687	4843	3845	2310
SP.Syn.Abst.688	2707	4831	1803
SP.Syn.Abst.689	4307	4708	7348
SP.Syn.Abst.690	5273	4013	751
SP.Syn.Abst.691	11993	3893	1952
SP.Syn.Abst.692	3866	2990	0
SP.Syn.Abst.693	1721	3142	0
SP.Syn.Abst.694	7021	2726	4515
SP.Syn.Abst.695	7219	6857	0
SP.Syn.Abst.696	5780	11352	2822
SP.Syn.Abst.697	12613	1936	1515
SP.Syn.Abst.698	9602	5402	892
SP.Syn.Abst.699	4719	6191	1213
SP.Syn.Abst.700	2508	2601	556
SP.Syn.Abst.701	5437	3563	1346
SP.Syn.Abst.702	2720	1847	1389
SP.Syn.Abst.703	3975	2065	754
SP.Syn.Abst.704	1834	7143	1612
SP.Syn.Abst.705	1496	2234	2451
SP.Syn.Abst.706	1863	4190	983
SP.Syn.Abst.707	1517	2745	1887
SP.Syn.Abst.708	1454	3064	668
SP.Syn.Abst.709	4660	8566	5608
SP.Syn.Abst.710	7910	1527	1612
SP.Syn.Abst.711	5049	3188	1213
SP.Syn.Abst.712	4172	4126	501
SP.Syn.Abst.713	4459	2949	2533
SP.Syn.Abst.714	1093	1278	2570
SP.Syn.Abst.715	3345	5442	2151
SP.Syn.Abst.716	4780	5701	1228
SP.Syn.Abst.717	6035	3586	3437
SP.Syn.Abst.718	10582	2534	1314
SP.Syn.Abst.719	2707	2509	457
SP.Syn.Abst.720	1961	3613	2155
SP.Syn.Abst.721	2725	4352	1291
SP.Syn.Abst.722	3952	4730	0
SP.Syn.Abst.723	5977	4877	964
SP.Syn.Abst.724	6324	4319	876
SP.Syn.Abst.725	4879	5631	1359
SP.Syn.Abst.726	3260	2711	1836
SP.Syn.Abst.727	2717	2851	429
SP.Syn.Abst.728	4391	4776	924
SP.Syn.Abst.729	20054	3770	1887
SP.Syn.Abst.730	2229	2771	536
SP.Syn.Abst.731	2037	5224	1150
SP.Syn.Abst.732	3043	3044	494
SP.Syn.Abst.733	1996	2806	977
SP.Syn.Abst.734	1854	8127	0
SP.Syn.Abst.735	1053	1650	1849
SP.Syn.Abst.736	8884	3400	1552
SP.Syn.Abst.737	4512	4083	1199
SP.Syn.Abst.738	3561	2459	1334
SP.Syn.Abst.739	7130	3561	4116
SP.Syn.Abst.740	2872	5576	2368
SP.Syn.Abst.741	2700	3166	503
SP.Syn.Abst.742	4437	1077	1782
SP.Syn.Abst.743	6168	3961	1301
SP.Syn.Abst.744	5094	8085	2344
SP.Syn.Abst.745	2919	4610	3099
SP.Syn.Abst.746	4503	10270	0
SP.Syn.Abst.747	3479	5155	0
SP.Syn.Abst.748	3269	4521	1064
SP.Syn.Abst.749	3093	0	1319
SP.Syn.Abst.750	2038	4452	1353
SP.Syn.Abst.751	3165	1268	2802
SP.Syn.Abst.752	2234	2296	972
SP.Syn.Abst.753	3968	2379	702
SP.Syn.Abst.754	11199	3511	1044
SP.Syn.Abst.755	2946	6702	1223
SP.Syn.Abst.756	4499	4585	1740
SP.Syn.Abst.757	2413	1866	659
SP.Syn.Abst.758	1638	4145	1490
SP.Syn.Abst.759	5602	3512	2642
SP.Syn.Abst.760	185	1828	763
SP.Syn.Abst.761	9851	5097	0
SP.Syn.Abst.762	11241	4205	779
SP.Syn.Abst.763	5998	5337	1501
SP.Syn.Abst.764	240	2498	189
SP.Syn.Abst.765	4287	5538	1050
SP.Syn.Abst.766	2784	4324	1154
SP.Syn.Abst.767	1107	710	4134
SP.Syn.Abst.768	2536	4402	2732
SP.Syn.Abst.769	3414	4081	446
SP.Syn.Abst.770	1967	5398	1302
SP.Syn.Abst.771	6489	11253	0
SP.Syn.Abst.772	1945	3784	703
SP.Syn.Abst.773	5576	4311	2287
SP.Syn.Abst.774	2793	3144	1874
SP.Syn.Abst.775	3101	6986	0
SP.Syn.Abst.776	3084	3134	949
SP.Syn.Abst.777	2748	1573	492
SP.Syn.Abst.778	7401	3806	795
SP.Syn.Abst.779	3043	2463	858
SP.Syn.Abst.780	7099	3792	1063
SP.Syn.Abst.781	4529	13125	9974
SP.Syn.Abst.782	863	1968	3323
SP.Syn.Abst.783	10779	1906	2563
SP.Syn.Abst.784	3095	5210	1315
SP.Syn.Abst.785	2480	9077	784
SP.Syn.Abst.786	6288	2959	1400
SP.Syn.Abst.787	1898	4978	0
SP.Syn.Abst.788	8713	3018	1371
SP.Syn.Abst.789	7372	9557	0
SP.Syn.Abst.790	0	1988	2611
SP.Syn.Abst.791	5726	3504	1826
SP.Syn.Abst.792	6108	2625	768
SP.Syn.Abst.793	3267	11465	1148
SP.Syn.Abst.794	9060	2965	843
SP.Syn.Abst.795	6068	4756	3042
SP.Syn.Abst.796	8568	5297	2603
SP.Syn.Abst.797	2780	2242	959
SP.Syn.Abst.798	3524	2559	6204
SP.Syn.Abst.799	433	4522	741
SP.Syn.Abst.800	2903	6878	1464
SP.Syn.Abst.801	3762	1316	729
SP.Syn.Abst.802	2985	3998	659
SP.Syn.Abst.803	3403	3655	1042
SP.Syn.Abst.804	4573	2334	868
SP.Syn.Abst.805	2647	3952	499
SP.Syn.Abst.806	6066	8740	1121
SP.Syn.Abst.807	6012	2280	1738
SP.Syn.Abst.808	2623	2713	463
SP.Syn.Abst.809	6469	2663	884
SP.Syn.Abst.810	7061	2482	2745
SP.Syn.Abst.811	5804	3925	950
SP.Syn.Abst.812	2600	2048	1417
SP.Syn.Abst.813	8534	2179	1487
SP.Syn.Abst.814	4721	3659	612
SP.Syn.Abst.815	5786	4648	1618
SP.Syn.Abst.816	5910	2059	1127
SP.Syn.Abst.817	5637	4167	494
SP.Syn.Abst.818	3922	1115	1373
SP.Syn.Abst.819	7807	4414	950
SP.Syn.Abst.820	6242	3154	4002
SP.Syn.Abst.821	1971	5473	921
SP.Syn.Abst.822	2794	7969	938
SP.Syn.Abst.823	3535	1445	356
SP.Syn.Abst.824	5390	4886	622
SP.Syn.Abst.825	3202	2438	785
SP.Syn.Abst.826	3261	3309	2382
SP.Syn.Abst.827	8248	2900	827
SP.Syn.Abst.828	2581	2527	1741
SP.Syn.Abst.829	5762	3926	1768
SP.Syn.Abst.830	2435	4010	736
SP.Syn.Abst.831	2774	4803	1037
SP.Syn.Abst.832	8817	4968	6677
SP.Syn.Abst.833	5190	4391	1152
SP.Syn.Abst.834	4575	11326	1322
SP.Syn.Abst.835	3572	9239	1151
SP.Syn.Abst.836	2404	1464	1479
SP.Syn.Abst.837	7428	3526	0
SP.Syn.Abst.838	4461	2205	765
SP.Syn.Abst.839	11662	3610	1439
SP.Syn.Abst.840	4336	6733	1206
SP.Syn.Abst.841	2001	4360	1993
SP.Syn.Abst.842	3828	2234	1347
SP.Syn.Abst.843	5226	11340	1562
SP.Syn.Abst.844	1226	5055	861
SP.Syn.Abst.845	2860	2860	0
SP.Syn.Abst.846	3250	4049	3257
SP.Syn.Abst.847	4643	6813	0
SP.Syn.Abst.848	3951	1807	614
SP.Syn.Abst.849	3780	3983	0
SP.Syn.Abst.850	2028	986	943
SP.Syn.Abst.851	1772	3454	1579
SP.Syn.Abst.852	5943	9410	1738
SP.Syn.Abst.853	5090	2692	578
SP.Syn.Abst.854	8118	1945	4628
SP.Syn.Abst.855	8661	5538	0
SP.Syn.Abst.856	5048	6271	0
SP.Syn.Abst.857	2314	5429	4728
SP.Syn.Abst.858	1396	2680	1247
SP.Syn.Abst.859	3227	3003	4878
SP.Syn.Abst.860	2428	4902	3589
SP.Syn.Abst.861	5353	4873	1501
SP.Syn.Abst.862	1618	3811	478
SP.Syn.Abst.863	460	4842	730
SP.Syn.Abst.864	321	3283	905
SP.Syn.Abst.865	2351	1504	1463
SP.Syn.Abst.866	5278	2909	614
SP.Syn.Abst.867	2096	5886	842
SP.Syn.Abst.868	4779	1785	791
SP.Syn.Abst.869	9242	3107	2947
SP.Syn.Abst.870	1721	1318	348
SP.Syn.Abst.871	8598	2459	1123
SP.Syn.Abst.872	2912	2419	828
SP.Syn.Abst.873	2697	2182	1050
SP.Syn.Abst.874	6579	3434	724
SP.Syn.Abst.875	5545	1968	805
SP.Syn.Abst.876	4809	3072	1408
SP.Syn.Abst.877	2103	2559	418
SP.Syn.Abst.878	12362	4112	1476
SP.Syn.Abst.879	6449	1469	2231
SP.Syn.Abst.880	2425	5099	2511
SP.Syn.Abst.881	2252	1721	1433
SP.Syn.Abst.882	1988	4089	2647
SP.Syn.Abst.883	13004	4583	1819
SP.Syn.Abst.884	5330	3206	1317
SP.Syn.Abst.885	3802	9083	1087
SP.Syn.Abst.886	11739	3173	2770
SP.Syn.Abst.887	3337	4232	677
SP.Syn.Abst.888	9868	3760	1562
SP.Syn.Abst.889	2662	2713	1295
SP.Syn.Abst.890	3103	3827	485
SP.Syn.Abst.891	10640	4171	1167
SP.Syn.Abst.892	3026	2992	708
SP.Syn.Abst.893	3178	6629	0
SP.Syn.Abst.894	1990	1998	303
SP.Syn.Abst.895	2576	2464	978
SP.Syn.Abst.896	5872	6451	1042
SP.Syn.Abst.897	10632	5116	1034
SP.Syn.Abst.898	0	1078	1497
SP.Syn.Abst.899	3306	5118	443
SP.Syn.Abst.900	4401	1304	788
SP.Syn.Abst.901	1518	2790	2064
SP.Syn.Abst.902	2846	3774	389
SP.Syn.Abst.903	4378	1961	2311
SP.Syn.Abst.904	2146	5109	2505
SP.Syn.Abst.905	2791	2793	694
SP.Syn.Abst.906	6100	10332	0
SP.Syn.Abst.907	2187	2767	1471
SP.Syn.Abst.908	3060	5751	2404
SP.Syn.Abst.909	7032	4273	547
SP.Syn.Abst.910	1932	4578	1384
SP.Syn.Abst.911	1620	3391	344
SP.Syn.Abst.912	12189	3731	5957
SP.Syn.Abst.913	608	6457	2795
SP.Syn.Abst.914	3905	3887	619
SP.Syn.Abst.915	2552	7094	893
SP.Syn.Abst.916	7917	5540	669
SP.Syn.Abst.917	1760	4031	769
SP.Syn.Abst.918	4102	3078	1439
SP.Syn.Abst.919	2348	6174	1687
SP.Syn.Abst.920	3653	2285	0
SP.Syn.Abst.921	7437	3102	1023
SP.Syn.Abst.922	4211	3302	1956
SP.Syn.Abst.923	4121	2123	3018
SP.Syn.Abst.924	520	5499	835
SP.Syn.Abst.925	3079	3834	515
SP.Syn.Abst.926	5932	6938	0
SP.Syn.Abst.927	7837	8910	852
SP.Syn.Abst.928	13446	6158	1287
SP.Syn.Abst.929	1950	2160	1131
SP.Syn.Abst.930	3265	13594	3561
SP.Syn.Abst.931	2405	1974	2075
SP.Syn.Abst.932	5812	5304	788
SP.Syn.Abst.933	5631	3795	786
SP.Syn.Abst.934	3518	9515	0
SP.Syn.Abst.935	2892	1710	1213
SP.Syn.Abst.936	12111	5331	1392
SP.Syn.Abst.937	3457	3068	634
SP.Syn.Abst.938	3429	3068	887
SP.Syn.Abst.939	2802	2852	991
SP.Syn.Abst.940	5006	4000	1079
SP.Syn.Abst.941	6836	2295	1411
SP.Syn.Abst.942	295	3128	1019
SP.Syn.Abst.943	4617	2028	1219
SP.Syn.Abst.944	3659	3910	876
SP.Syn.Abst.945	2122	3532	998
SP.Syn.Abst.946	1975	2276	1062
SP.Syn.Abst.947	1239	1479	1148
SP.Syn.Abst.948	11501	1829	2512
SP.Syn.Abst.949	276	2980	1758
SP.Syn.Abst.950	1318	3796	628
SP.Syn.Abst.951	2108	4902	1553
SP.Syn.Abst.952	6002	3569	1103
SP.Syn.Abst.953	7442	1606	1667
SP.Syn.Abst.954	4155	3382	0
SP.Syn.Abst.955	3010	4652	574
SP.Syn.Abst.956	5124	4469	2217
SP.Syn.Abst.957	3065	6601	2042
SP.Syn.Abst.958	3008	1472	1294
SP.Syn.Abst.959	5343	2873	1970
SP.Syn.Abst.960	2393	1613	605
SP.Syn.Abst.961	11767	4549	1821
SP.Syn.Abst.962	561	5814	877
SP.Syn.Abst.963	9103	1918	3023
SP.Syn.Abst.964	4555	11041	1714
SP.Syn.Abst.965	7093	7637	896
SP.Syn.Abst.966	6161	2204	533
SP.Syn.Abst.967	4122	8426	0
SP.Syn.Abst.968	2492	2670	1551
SP.Syn.Abst.969	4362	5079	1466
SP.Syn.Abst.970	2001	3062	3565
SP.Syn.Abst.971	6842	7164	2039
SP.Syn.Abst.972	218	2280	940
SP.Syn.Abst.973	4156	5960	2435
SP.Syn.Abst.974	3009	2496	821
SP.Syn.Abst.975	2371	1800	1008
SP.Syn.Abst.976	2378	5863	3385
SP.Syn.Abst.977	5580	3739	580
SP.Syn.Abst.978	3711	2846	1909
SP.Syn.Abst.979	4524	9858	1904
SP.Syn.Abst.980	6261	3178	787
SP.Syn.Abst.981	3197	2945	2115
SP.Syn.Abst.982	7106	1639	806
SP.Syn.Abst.983	8405	3607	931
SP.Syn.Abst.984	4742	2753	1385
SP.Syn.Abst.985	7195	6072	709
SP.Syn.Abst.986	2849	5166	830
SP.Syn.Abst.987	6866	5975	1071
SP.Syn.Abst.988	5144	2979	1604
SP.Syn.Abst.989	3615	0	579
SP.Syn.Abst.990	7037	4170	1692
SP.Syn.Abst.991	3627	3837	1729
SP.Syn.Abst.992	2438	1851	903
SP.Syn.Abst.993	2292	4458	1729
SP.Syn.Abst.994	4780	4659	1258
SP.Syn.Abst.995	3347	3518	650
SP.Syn.Abst.996	5000	5979	994
SP.Syn.Abst.997	3135	2679	1501
SP.Syn.Abst.998	2309	3836	969
SP.Syn.Abst.999	2570	1752	3132
SP.Syn.Abst.1000	7422	2027	888
