NMF_Replicate	L1	L1 %	L2	L2 %	KL Divergence	Correlation	Convergence Iterations
1	2206.732	41.951	81.545	40.346	0.18	0.821	80000.0
2	2207.68	41.945	81.593	40.336	0.18	0.822	100000.0
3	2207.013	42.067	80.886	40.443	0.181	0.819	90000.0
4	2207.304	41.955	81.559	40.342	0.18	0.821	120000.0
5	2207.538	41.954	81.56	40.344	0.18	0.821	120000.0
6	2207.761	42.074	80.859	40.438	0.181	0.819	90000.0
7	2206.523	42.059	80.876	40.436	0.181	0.819	90000.0
8	2207.393	41.959	81.539	40.346	0.18	0.821	80000.0
9	2206.755	42.067	80.89	40.447	0.181	0.819	60000.0
10	2206.779	42.067	80.865	40.441	0.181	0.819	100000.0
11	2206.979	42.066	80.847	40.432	0.181	0.819	120000.0
12	2207.145	42.067	80.886	40.442	0.181	0.819	60000.0
13	2207.589	41.959	81.578	40.343	0.18	0.821	90000.0
14	2206.962	42.064	80.871	40.435	0.181	0.819	100000.0
15	2207.315	41.955	81.549	40.348	0.18	0.821	70000.0
16	2207.94	41.959	81.59	40.343	0.18	0.821	120000.0
17	2208.304	41.951	81.581	40.341	0.18	0.821	100000.0
18	2207.028	42.075	80.858	40.446	0.181	0.819	60000.0
19	2207.28	41.949	81.558	40.342	0.18	0.821	100000.0
20	2207.247	41.945	81.545	40.339	0.18	0.821	150000.0
21	2207.324	41.959	81.497	40.338	0.18	0.821	70000.0
22	2207.394	42.07	80.886	40.442	0.181	0.819	90000.0
23	2207.563	42.073	80.921	40.449	0.181	0.819	50000.0
24	2207.008	42.069	80.868	40.44	0.181	0.819	60000.0
25	2207.196	42.067	80.879	40.435	0.181	0.819	140000.0
26	2207.394	41.948	81.57	40.341	0.18	0.821	70000.0
27	2206.732	42.071	80.851	40.443	0.181	0.819	70000.0
28	2206.726	41.944	81.534	40.337	0.18	0.822	90000.0
29	2207.192	42.067	80.918	40.438	0.181	0.819	70000.0
30	2207.45	41.948	81.545	40.334	0.18	0.822	90000.0
31	2207.44	41.947	81.59	40.34	0.18	0.821	110000.0
32	2207.056	42.066	80.868	40.438	0.181	0.819	90000.0
33	2207.508	41.959	81.564	40.351	0.18	0.821	90000.0
34	2206.911	41.943	81.533	40.336	0.18	0.822	90000.0
35	2207.324	42.072	80.855	40.44	0.181	0.819	70000.0
36	2206.933	42.066	80.898	40.445	0.181	0.819	60000.0
37	2207.722	42.072	80.888	40.437	0.181	0.819	60000.0
38	2207.801	41.961	81.57	40.35	0.18	0.821	120000.0
39	2207.081	41.952	81.572	40.344	0.18	0.821	90000.0
40	2206.807	42.063	80.835	40.436	0.181	0.819	60000.0
41	2207.467	41.96	81.548	40.348	0.18	0.821	110000.0
42	2206.394	42.066	80.85	40.442	0.181	0.819	140000.0
43	2206.882	41.952	81.538	40.344	0.18	0.821	110000.0
44	2207.73	41.951	81.582	40.347	1.228	0.821	100000.0
45	2207.144	42.07	80.882	40.442	0.181	0.819	80000.0
46	2207.845	42.063	80.919	40.431	0.181	0.819	70000.0
47	2207.202	41.949	81.564	40.343	0.18	0.821	130000.0
48	2207.682	41.951	81.593	40.344	0.18	0.821	80000.0
49	2207.342	42.071	80.868	40.437	0.181	0.819	70000.0
50	2207.165	42.07	80.845	40.439	0.181	0.819	80000.0
51	2206.753	42.068	80.875	40.44	0.181	0.819	70000.0
52	2207.603	41.961	81.563	40.35	0.18	0.821	70000.0
53	2207.542	42.07	80.868	40.439	0.181	0.819	120000.0
54	2207.369	41.954	81.55	40.341	0.18	0.821	140000.0
55	2207.91	41.944	81.595	40.335	0.18	0.822	110000.0
56	2206.988	42.075	80.862	40.447	0.181	0.819	60000.0
57	2207.209	41.955	81.544	40.344	0.18	0.821	120000.0
58	2209.119	41.948	81.632	40.346	0.18	0.821	70000.0
59	2207.444	41.959	81.527	40.342	0.18	0.821	100000.0
60	2207.81	41.948	81.562	40.339	0.18	0.821	190000.0
61	2207.355	42.068	80.889	40.441	0.181	0.819	80000.0
62	2206.884	42.057	80.889	40.431	0.181	0.819	70000.0
63	2206.856	42.062	80.867	40.437	0.181	0.819	50000.0
64	2207.62	41.945	81.576	40.332	0.18	0.822	110000.0
65	2206.941	41.952	81.544	40.345	0.18	0.821	100000.0
66	2207.37	41.956	81.573	40.346	0.18	0.821	130000.0
67	2206.885	42.072	80.893	40.445	0.181	0.819	80000.0
68	2207.622	42.069	80.87	40.439	0.181	0.819	100000.0
69	2207.518	42.073	80.88	40.44	0.181	0.819	80000.0
70	2207.765	42.075	80.899	40.444	0.181	0.819	70000.0
71	2207.507	42.075	80.846	40.437	0.181	0.819	80000.0
72	2207.076	41.951	81.549	40.344	0.18	0.821	110000.0
73	2207.44	42.072	80.853	40.44	0.181	0.819	150000.0
74	2206.932	42.061	80.876	40.432	0.181	0.819	100000.0
75	2207.145	42.073	80.879	40.445	0.181	0.819	80000.0
76	2207.362	41.959	81.55	40.347	0.18	0.821	70000.0
77	2207.199	41.94	81.562	40.332	0.18	0.822	90000.0
78	2207.423	42.076	80.896	40.444	0.181	0.819	100000.0
79	2206.933	42.073	80.856	40.445	0.181	0.819	80000.0
80	2207.423	42.072	80.904	40.442	0.181	0.819	120000.0
81	2206.872	41.952	81.537	40.344	0.18	0.821	120000.0
82	2208.443	41.947	81.613	40.352	0.18	0.821	70000.0
83	2207.249	41.949	81.575	40.342	0.18	0.821	100000.0
84	2207.229	42.068	80.879	40.437	0.181	0.819	120000.0
85	2207.256	42.062	80.892	40.431	0.181	0.819	120000.0
86	2207.341	41.958	81.538	40.348	0.18	0.821	70000.0
87	2207.622	41.96	81.556	40.35	0.18	0.821	90000.0
88	2207.94	41.941	81.611	40.334	0.18	0.822	110000.0
89	2207.151	42.069	80.879	40.44	0.181	0.819	110000.0
90	2208.093	41.953	81.591	40.349	0.18	0.821	100000.0
91	2208.261	41.95	81.592	40.343	0.18	0.821	70000.0
92	2207.559	41.948	81.557	40.334	0.18	0.822	60000.0
93	2207.106	42.072	80.892	40.444	0.181	0.819	50000.0
94	2207.702	42.076	80.873	40.443	0.181	0.819	120000.0
95	2207.019	41.95	81.554	40.348	0.18	0.821	80000.0
96	2207.038	41.95	81.548	40.342	0.18	0.821	110000.0
97	2207.007	42.066	80.881	40.44	0.181	0.819	80000.0
98	2206.857	41.946	81.558	40.343	0.18	0.821	130000.0
99	2207.122	42.074	80.88	40.445	0.181	0.819	90000.0
100	2206.909	42.072	80.886	40.45	0.181	0.819	60000.0
101	2206.932	42.065	80.863	40.439	0.181	0.819	90000.0
102	2207.303	42.069	80.868	40.433	0.181	0.819	90000.0
103	2207.491	41.947	81.563	40.337	0.18	0.822	80000.0
104	2207.113	41.947	81.555	40.338	0.18	0.822	90000.0
105	2207.518	41.952	81.604	40.343	0.18	0.821	90000.0
106	2207.603	42.072	80.925	40.443	0.181	0.819	70000.0
107	2207.954	41.95	81.582	40.338	0.18	0.821	80000.0
108	2207.282	41.957	81.543	40.348	0.18	0.821	90000.0
109	2207.403	41.954	81.583	40.344	0.18	0.821	130000.0
110	2207.803	41.954	81.56	40.342	0.18	0.821	110000.0
111	2207.177	41.956	81.538	40.346	0.18	0.821	100000.0
112	2206.53	42.069	80.853	40.441	0.181	0.819	90000.0
113	2208.037	41.952	81.592	40.345	0.18	0.821	60000.0
114	2207.328	42.061	80.886	40.431	0.181	0.819	90000.0
115	2207.679	41.941	81.606	40.338	0.18	0.822	140000.0
116	2207.204	42.073	80.859	40.445	0.181	0.819	90000.0
117	2207.861	42.068	80.908	40.438	0.181	0.819	50000.0
118	2207.301	42.076	80.857	40.442	0.181	0.819	90000.0
119	2207.422	42.075	80.895	40.449	0.181	0.819	90000.0
120	2206.894	42.071	80.868	40.447	0.181	0.819	90000.0
121	2207.052	41.952	81.538	40.344	0.18	0.821	120000.0
122	2207.244	41.96	81.564	40.346	0.18	0.821	70000.0
123	2207.287	41.948	81.566	40.342	0.18	0.821	100000.0
124	2207.492	42.076	80.903	40.444	0.181	0.819	110000.0
125	2207.622	41.961	81.57	40.35	0.18	0.821	60000.0
126	2207.132	42.072	80.838	40.44	0.181	0.819	110000.0
127	2206.818	41.947	81.53	40.345	0.18	0.821	100000.0
128	2207.271	41.944	81.562	40.338	0.18	0.822	80000.0
129	2207.159	41.949	81.572	40.34	0.18	0.821	70000.0
130	2207.049	42.062	80.897	40.433	0.181	0.819	90000.0
131	2207.345	42.073	80.891	40.446	0.181	0.819	80000.0
132	2207.24	42.064	80.893	40.44	0.181	0.819	110000.0
133	2207.072	42.064	80.877	40.435	0.181	0.819	80000.0
134	2207.355	42.073	80.907	40.451	0.181	0.819	110000.0
135	2207.261	42.069	80.896	40.436	0.181	0.819	120000.0
136	2207.414	41.951	81.558	40.343	0.18	0.821	110000.0
137	2207.488	41.953	81.573	40.348	0.18	0.821	100000.0
138	2207.09	42.072	80.872	40.442	0.181	0.819	90000.0
139	2207.452	42.072	80.874	40.44	0.181	0.819	110000.0
140	2207.069	42.07	80.861	40.444	0.181	0.819	70000.0
141	2207.067	42.074	80.852	40.436	0.181	0.819	50000.0
142	2207.641	41.955	81.589	40.345	0.18	0.821	150000.0
143	2207.652	41.949	81.584	40.341	0.18	0.821	130000.0
144	2207.095	41.945	81.54	40.335	0.18	0.822	110000.0
145	2207.029	42.066	80.892	40.439	0.181	0.819	60000.0
146	2206.997	42.068	80.863	40.439	0.181	0.819	70000.0
147	2208.349	41.954	81.605	40.341	0.18	0.821	100000.0
148	2208.025	41.958	81.577	40.343	0.18	0.821	120000.0
149	2207.438	41.951	81.525	40.337	0.18	0.822	100000.0
150	2207.026	42.067	80.902	40.446	0.181	0.819	90000.0
151	2207.861	42.076	80.914	40.449	0.181	0.819	60000.0
152	2207.262	42.074	80.885	40.445	0.181	0.819	80000.0
153	2207.478	42.079	80.864	40.445	1.23	0.819	80000.0
154	2207.684	41.959	81.554	40.348	0.18	0.821	70000.0
155	2206.93	42.067	80.866	40.439	0.181	0.819	80000.0
156	2207.598	41.946	81.559	40.336	0.18	0.822	160000.0
157	2206.39	42.068	80.858	40.444	1.23	0.819	70000.0
158	2207.883	42.076	80.876	40.442	1.23	0.819	70000.0
159	2207.084	41.949	81.528	40.345	0.18	0.821	90000.0
160	2206.848	41.948	81.548	40.342	0.18	0.821	70000.0
161	2207.258	42.068	80.891	40.441	0.181	0.819	70000.0
162	2207.3	41.954	81.528	40.345	0.18	0.821	90000.0
163	2207.201	42.065	80.89	40.433	0.181	0.819	60000.0
164	2208.147	41.956	81.595	40.35	0.18	0.821	100000.0
165	2207.208	42.068	80.858	40.436	0.181	0.819	100000.0
166	2207.469	41.944	81.543	40.339	1.228	0.821	120000.0
167	2206.504	42.061	80.849	40.433	0.181	0.819	70000.0
168	2206.5	42.073	80.865	40.45	0.181	0.819	50000.0
169	2207.16	42.064	80.856	40.433	0.181	0.819	90000.0
170	2207.135	42.068	80.883	40.443	0.181	0.819	60000.0
171	2207.068	42.07	80.875	40.444	0.181	0.819	100000.0
172	2207.324	41.942	81.594	40.34	0.18	0.821	120000.0
173	2206.943	41.959	81.53	40.35	0.18	0.821	80000.0
174	2206.892	42.065	80.873	40.433	1.229	0.819	90000.0
175	2206.647	41.945	81.534	40.338	0.18	0.821	70000.0
176	2207.826	42.082	80.891	40.448	0.181	0.819	60000.0
177	2207.064	41.945	81.58	40.343	0.18	0.821	90000.0
178	2207.786	41.959	81.577	40.348	0.18	0.821	70000.0
179	2207.239	41.949	81.563	40.35	0.18	0.821	100000.0
180	2207.479	41.953	81.59	40.345	0.18	0.821	100000.0
181	2207.294	41.951	81.58	40.347	0.18	0.821	120000.0
182	2207.336	42.069	80.885	40.438	0.181	0.819	100000.0
183	2206.844	41.949	81.539	40.339	0.18	0.821	60000.0
184	2206.949	41.949	81.556	40.345	0.18	0.821	120000.0
185	2207.494	41.951	81.585	40.346	0.18	0.821	100000.0
186	2207.193	42.064	80.872	40.438	0.181	0.819	60000.0
187	2207.059	42.075	80.899	40.444	0.181	0.819	70000.0
188	2207.094	42.067	80.874	40.431	0.181	0.819	50000.0
189	2207.37	42.069	80.89	40.439	0.181	0.819	100000.0
190	2208.208	41.951	81.589	40.349	0.18	0.821	90000.0
191	2207.155	41.956	81.53	40.343	0.18	0.821	90000.0
192	2207.351	42.072	80.898	40.444	0.181	0.819	70000.0
193	2207.288	42.077	80.866	40.447	0.181	0.819	80000.0
194	2206.716	42.067	80.88	40.438	0.181	0.819	70000.0
195	2207.48	41.945	81.559	40.34	0.18	0.821	90000.0
196	2207.137	41.959	81.575	40.355	0.18	0.821	50000.0
197	2207.308	42.068	80.899	40.442	0.181	0.819	90000.0
198	2206.945	42.067	80.87	40.441	0.181	0.819	90000.0
199	2207.495	41.955	81.55	40.339	0.18	0.821	80000.0
200	2207.326	42.069	80.874	40.439	0.181	0.819	130000.0
201	2207.728	42.075	80.904	40.446	1.23	0.819	80000.0
202	2207.691	42.078	80.907	40.449	0.181	0.819	90000.0
203	2207.148	41.946	81.575	40.345	0.18	0.821	110000.0
204	2207.051	42.073	80.883	40.445	1.23	0.819	90000.0
205	2207.098	42.079	80.845	40.444	0.181	0.819	80000.0
206	2207.161	42.072	80.878	40.44	0.181	0.819	100000.0
207	2207.182	42.066	80.9	40.44	0.181	0.819	70000.0
208	2208.039	41.951	81.576	40.34	0.18	0.821	110000.0
209	2207.501	42.069	80.878	40.437	0.181	0.819	100000.0
210	2207.619	42.072	80.919	40.443	0.181	0.819	70000.0
211	2207.39	42.061	80.895	40.434	0.181	0.819	150000.0
212	2207.311	41.953	81.549	40.345	0.18	0.821	150000.0
213	2209.026	41.956	81.625	40.355	0.18	0.821	150000.0
214	2207.175	41.955	81.54	40.344	0.18	0.821	100000.0
215	2206.62	42.059	80.858	40.431	0.181	0.819	110000.0
216	2207.271	41.953	81.584	40.355	0.18	0.821	90000.0
217	2207.561	42.073	80.887	40.446	0.181	0.819	70000.0
218	2207.326	41.955	81.557	40.345	0.18	0.821	60000.0
219	2206.73	42.07	80.875	40.449	0.181	0.819	90000.0
220	2207.545	42.075	80.915	40.444	0.181	0.819	100000.0
221	2206.881	41.948	81.53	40.342	0.18	0.821	110000.0
222	2207.459	42.066	80.868	40.433	0.181	0.819	110000.0
223	2207.992	41.945	81.606	40.34	0.18	0.821	80000.0
224	2207.308	42.075	80.89	40.443	0.181	0.819	90000.0
225	2207.396	41.95	81.576	40.343	0.18	0.821	90000.0
226	2206.892	42.07	80.862	40.441	0.181	0.819	100000.0
227	2206.991	41.949	81.534	40.341	0.18	0.821	90000.0
228	2207.172	42.069	80.865	40.441	0.181	0.819	60000.0
229	2206.716	42.067	80.834	40.435	0.181	0.819	70000.0
230	2207.03	41.958	81.532	40.347	0.18	0.821	150000.0
231	2207.407	42.072	80.885	40.444	0.181	0.819	80000.0
232	2207.692	42.073	80.885	40.434	0.181	0.819	60000.0
233	2206.688	42.063	80.834	40.437	0.181	0.819	100000.0
234	2207.372	41.949	81.565	40.342	0.18	0.821	140000.0
235	2207.105	42.077	80.873	40.449	0.181	0.819	90000.0
236	2207.414	42.066	80.895	40.435	0.181	0.819	110000.0
237	2207.03	42.072	80.853	40.443	1.23	0.819	90000.0
238	2207.366	42.075	80.871	40.445	0.181	0.819	100000.0
239	2206.815	42.062	80.866	40.435	0.181	0.819	110000.0
240	2207.133	42.07	80.866	40.441	0.181	0.819	80000.0
241	2207.29	42.076	80.881	40.446	0.181	0.819	80000.0
242	2207.464	41.952	81.542	40.341	0.18	0.821	90000.0
243	2207.193	41.958	81.544	40.353	0.18	0.821	90000.0
244	2206.746	42.065	80.893	40.445	0.181	0.819	90000.0
245	2207.538	41.949	81.566	40.341	0.18	0.821	70000.0
246	2207.187	42.073	80.875	40.44	0.181	0.819	70000.0
247	2207.372	42.07	80.873	40.434	0.181	0.819	60000.0
248	2207.302	42.077	80.851	40.443	0.181	0.819	140000.0
249	2207.146	42.069	80.891	40.441	0.181	0.819	60000.0
250	2207.346	41.948	81.552	40.34	0.18	0.821	140000.0
251	2207.002	42.07	80.875	40.441	0.181	0.819	140000.0
252	2207.422	41.946	81.573	40.342	0.18	0.821	110000.0
253	2207.094	42.066	80.869	40.434	0.181	0.819	60000.0
254	2207.215	42.07	80.878	40.442	0.181	0.819	80000.0
255	2208.469	41.942	81.59	40.344	0.18	0.821	90000.0
256	2207.664	42.07	80.889	40.436	0.181	0.819	90000.0
257	2207.271	42.072	80.882	40.444	0.181	0.819	110000.0
258	2206.875	42.064	80.854	40.433	0.181	0.819	80000.0
259	2207.424	42.074	80.879	40.439	0.181	0.819	130000.0
260	2207.328	42.064	80.898	40.437	0.181	0.819	70000.0
261	2207.467	41.954	81.57	40.35	0.18	0.821	70000.0
262	2207.79	41.947	81.599	40.343	0.18	0.821	100000.0
263	2207.214	42.071	80.909	40.444	0.181	0.819	80000.0
264	2207.667	42.072	80.898	40.438	0.181	0.819	50000.0
265	2206.452	42.063	80.854	40.436	0.181	0.819	70000.0
266	2207.345	41.949	81.559	40.336	0.18	0.822	80000.0
267	2207.43	42.067	80.882	40.434	0.181	0.819	90000.0
268	2207.013	42.068	80.87	40.437	0.181	0.819	90000.0
269	2207.257	42.07	80.865	40.436	0.181	0.819	100000.0
270	2208.042	41.953	81.586	40.339	0.18	0.822	90000.0
271	2207.616	41.958	81.555	40.346	0.18	0.821	80000.0
272	2207.757	42.074	80.881	40.439	0.181	0.819	60000.0
273	2207.044	42.062	80.869	40.431	0.181	0.819	120000.0
274	2207.161	42.064	80.881	40.432	0.181	0.819	110000.0
275	2207.362	42.077	80.873	40.446	0.181	0.819	90000.0
276	2207.249	42.079	80.878	40.447	0.181	0.819	50000.0
277	2206.953	42.073	80.867	40.445	0.181	0.819	70000.0
278	2207.922	41.951	81.578	40.335	0.18	0.822	80000.0
279	2206.938	42.067	80.867	40.431	0.181	0.819	120000.0
280	2207.337	42.077	80.872	40.45	0.181	0.819	110000.0
281	2206.714	42.065	80.854	40.438	0.181	0.819	70000.0
282	2207.353	42.071	80.881	40.442	0.181	0.819	100000.0
283	2206.793	41.945	81.519	40.335	0.18	0.822	80000.0
284	2206.645	42.066	80.895	40.444	0.181	0.819	100000.0
285	2206.984	41.949	81.558	40.337	0.18	0.822	70000.0
286	2207.09	42.072	80.846	40.441	0.181	0.819	90000.0
287	2206.676	42.066	80.864	40.44	0.181	0.819	70000.0
288	2206.771	41.952	81.546	40.347	0.18	0.821	90000.0
289	2207.556	42.083	80.877	40.454	0.182	0.819	90000.0
290	2207.571	42.069	80.905	40.439	1.23	0.819	80000.0
291	2207.613	42.068	80.865	40.437	0.181	0.819	80000.0
292	2207.371	41.956	81.552	40.342	0.18	0.821	110000.0
293	2207.103	42.074	80.887	40.448	0.181	0.819	90000.0
294	2207.135	42.069	80.865	40.444	0.181	0.819	70000.0
295	2206.847	42.076	80.841	40.443	0.181	0.819	90000.0
296	2207.082	42.071	80.871	40.436	0.181	0.819	90000.0
297	2206.956	41.95	81.527	40.342	0.18	0.821	90000.0
298	2206.844	41.951	81.561	40.351	0.18	0.821	80000.0
299	2207.739	41.959	81.573	40.35	0.18	0.821	100000.0
300	2207.107	42.067	80.876	40.442	0.181	0.819	100000.0
301	2207.403	42.07	80.882	40.437	0.181	0.819	90000.0
302	2207.264	42.076	80.878	40.445	0.181	0.819	80000.0
303	2207.019	42.07	80.861	40.439	0.181	0.819	60000.0
304	2207.4	42.069	80.886	40.439	1.23	0.819	60000.0
305	2207.726	41.95	81.57	40.336	0.18	0.822	110000.0
306	2207.556	41.955	81.573	40.343	0.18	0.821	100000.0
307	2207.176	41.956	81.53	40.343	0.18	0.821	90000.0
308	2207.283	42.066	80.867	40.439	0.181	0.819	90000.0
309	2206.625	42.058	80.87	40.428	0.181	0.819	70000.0
310	2206.954	42.069	80.895	40.444	1.23	0.819	80000.0
311	2206.589	42.066	80.852	40.446	0.181	0.819	130000.0
312	2207.074	42.065	80.866	40.442	0.181	0.819	110000.0
313	2207.435	41.95	81.573	40.347	0.18	0.821	110000.0
314	2207.593	42.071	80.876	40.445	0.181	0.819	120000.0
315	2207.056	41.959	81.531	40.349	0.18	0.821	70000.0
316	2207.464	41.946	81.581	40.337	0.18	0.822	80000.0
317	2208.488	41.945	81.578	40.341	0.18	0.822	90000.0
318	2207.823	41.953	81.584	40.345	0.18	0.821	80000.0
319	2207.454	41.953	81.577	40.345	0.18	0.821	120000.0
320	2207.569	42.077	80.86	40.441	0.181	0.819	90000.0
321	2207.221	41.949	81.552	40.346	0.18	0.821	100000.0
322	2206.592	42.066	80.86	40.436	0.181	0.819	70000.0
323	2206.586	42.056	80.878	40.427	1.229	0.819	90000.0
324	2207.03	42.062	80.869	40.437	0.181	0.819	90000.0
325	2206.448	42.062	80.854	40.434	0.181	0.819	70000.0
326	2207.793	41.95	81.59	40.344	0.18	0.821	160000.0
327	2207.363	42.066	80.888	40.434	0.181	0.819	150000.0
328	2207.075	41.95	81.569	40.345	0.18	0.821	100000.0
329	2206.792	42.063	80.853	40.438	0.181	0.819	90000.0
330	2207.078	41.95	81.516	40.342	0.18	0.821	160000.0
331	2207.789	41.959	81.571	40.351	0.18	0.821	120000.0
332	2206.776	42.066	80.871	40.433	0.181	0.819	70000.0
333	2207.085	42.062	80.879	40.435	0.181	0.819	80000.0
334	2207.916	41.946	81.581	40.339	0.18	0.822	100000.0
335	2207.501	42.074	80.884	40.441	0.181	0.819	90000.0
336	2207.002	42.068	80.887	40.443	0.181	0.819	190000.0
337	2207.187	41.956	81.559	40.353	0.18	0.821	70000.0
338	2207.066	41.947	81.574	40.341	0.18	0.821	90000.0
339	2207.632	41.954	81.585	40.349	0.18	0.821	120000.0
340	2206.985	42.066	80.866	40.436	0.181	0.819	70000.0
341	2207.644	42.085	80.863	40.45	0.181	0.819	100000.0
342	2207.312	42.076	80.872	40.448	0.181	0.819	70000.0
343	2207.121	42.072	80.864	40.444	0.181	0.819	100000.0
344	2207.755	42.074	80.912	40.443	0.181	0.819	50000.0
345	2207.294	42.065	80.883	40.435	0.181	0.819	70000.0
346	2207.819	42.075	80.902	40.441	0.181	0.819	80000.0
347	2208.105	41.952	81.593	40.342	0.18	0.821	100000.0
348	2207.182	42.065	80.876	40.432	0.181	0.819	40000.0
349	2207.017	42.069	80.874	40.441	0.181	0.819	80000.0
350	2206.813	42.062	80.883	40.438	0.181	0.819	110000.0
351	2206.85	42.061	80.86	40.435	0.181	0.819	100000.0
352	2207.463	42.076	80.88	40.444	0.181	0.819	90000.0
353	2207.626	41.963	81.56	40.351	0.18	0.821	120000.0
354	2207.435	42.071	80.892	40.446	0.181	0.819	110000.0
355	2206.995	42.073	80.864	40.444	0.181	0.819	80000.0
356	2207.231	42.067	80.879	40.44	0.181	0.819	90000.0
357	2207.18	42.067	80.852	40.43	0.181	0.819	80000.0
358	2207.103	41.942	81.564	40.341	0.18	0.821	150000.0
359	2207.02	42.071	80.868	40.441	1.23	0.819	90000.0
360	2206.861	42.069	80.882	40.443	0.181	0.819	100000.0
361	2207.418	41.946	81.583	40.343	0.18	0.821	120000.0
362	2207.14	42.074	80.869	40.446	0.181	0.819	120000.0
363	2208.185	41.946	81.561	40.348	0.18	0.821	130000.0
364	2206.823	42.068	80.878	40.444	0.181	0.819	120000.0
365	2207.058	42.057	80.879	40.435	0.181	0.819	70000.0
366	2207.109	42.064	80.889	40.441	0.181	0.819	60000.0
367	2207.292	42.069	80.896	40.442	0.181	0.819	70000.0
368	2206.8	42.058	80.878	40.433	0.181	0.819	90000.0
369	2207.198	42.072	80.87	40.446	0.181	0.819	80000.0
370	2207.651	42.068	80.882	40.433	0.181	0.819	90000.0
371	2207.106	42.069	80.853	40.439	0.181	0.819	90000.0
372	2207.596	42.075	80.889	40.446	0.181	0.819	80000.0
373	2207.255	42.067	80.863	40.431	0.181	0.819	90000.0
374	2207.373	42.078	80.87	40.446	0.181	0.819	100000.0
375	2207.133	41.949	81.517	40.335	0.18	0.822	110000.0
376	2207.224	42.07	80.9	40.438	0.181	0.819	80000.0
377	2207.229	41.958	81.524	40.352	0.18	0.821	70000.0
378	2207.448	41.954	81.57	40.34	0.18	0.822	110000.0
379	2206.758	42.066	80.86	40.441	0.181	0.819	90000.0
380	2207.188	42.066	80.89	40.439	0.181	0.819	90000.0
381	2207.031	41.945	81.521	40.338	0.18	0.822	100000.0
382	2206.791	42.068	80.866	40.445	0.181	0.819	60000.0
383	2207.333	41.949	81.574	40.343	0.18	0.821	60000.0
384	2207.17	41.948	81.555	40.339	0.18	0.821	110000.0
385	2207.512	41.951	81.552	40.339	0.18	0.822	100000.0
386	2207.587	41.955	81.547	40.339	0.18	0.821	130000.0
387	2207.763	41.948	81.582	40.342	0.18	0.821	80000.0
388	2207.39	41.946	81.564	40.339	0.18	0.822	90000.0
389	2207.111	41.943	81.571	40.339	0.18	0.822	70000.0
390	2207.501	42.073	80.854	40.443	0.181	0.819	80000.0
391	2207.574	41.948	81.541	40.33	0.18	0.822	100000.0
392	2208.295	41.958	81.611	40.347	0.18	0.821	110000.0
393	2207.53	42.071	80.887	40.441	0.181	0.819	70000.0
394	2207.212	41.956	81.53	40.343	0.18	0.821	90000.0
395	2208.447	41.953	81.601	40.346	0.18	0.821	100000.0
396	2207.087	42.07	80.882	40.443	0.181	0.819	60000.0
397	2207.226	41.95	81.552	40.338	0.18	0.822	70000.0
398	2207.216	42.066	80.888	40.44	0.181	0.819	90000.0
399	2207.933	41.96	81.579	40.348	0.18	0.821	90000.0
400	2207.842	41.959	81.585	40.346	0.18	0.821	100000.0
401	2207.191	42.072	80.884	40.446	0.181	0.819	100000.0
402	2206.877	42.069	80.854	40.437	0.181	0.819	80000.0
403	2207.523	42.072	80.892	40.441	0.181	0.819	100000.0
404	2207.092	42.07	80.851	40.438	0.181	0.819	90000.0
405	2207.291	41.952	81.513	40.343	0.18	0.821	100000.0
406	2206.596	42.064	80.843	40.438	0.181	0.819	120000.0
407	2207.2	41.95	81.56	40.344	0.18	0.821	80000.0
408	2207.384	42.076	80.902	40.444	0.181	0.819	80000.0
409	2207.726	42.07	80.908	40.434	0.181	0.819	100000.0
410	2206.769	42.066	80.891	40.441	0.181	0.819	90000.0
411	2206.913	42.067	80.865	40.441	0.181	0.819	70000.0
412	2207.05	42.066	80.868	40.439	0.181	0.819	60000.0
413	2207.678	41.949	81.593	40.34	0.18	0.821	110000.0
414	2208.624	41.952	81.59	40.351	0.18	0.821	100000.0
415	2206.828	42.069	80.868	40.442	0.181	0.819	90000.0
416	2206.952	42.066	80.876	40.439	0.181	0.819	110000.0
417	2206.763	42.061	80.853	40.432	1.23	0.819	60000.0
418	2207.285	41.948	81.583	40.345	0.18	0.821	80000.0
419	2206.939	42.066	80.888	40.44	0.181	0.819	130000.0
420	2207.814	41.953	81.544	40.336	0.18	0.822	70000.0
421	2207.12	42.073	80.855	40.438	0.181	0.819	70000.0
422	2207.259	42.075	80.884	40.447	0.181	0.819	120000.0
423	2207.293	42.072	80.894	40.445	0.181	0.819	50000.0
424	2207.743	41.956	81.565	40.347	0.18	0.821	180000.0
425	2207.527	42.072	80.904	40.447	0.181	0.819	60000.0
426	2207.511	42.073	80.885	40.439	0.181	0.819	110000.0
427	2207.662	42.066	80.919	40.436	0.181	0.819	70000.0
428	2207.612	41.951	81.581	40.338	0.18	0.822	130000.0
429	2207.322	41.953	81.558	40.345	0.18	0.821	80000.0
430	2207.116	42.071	80.861	40.431	0.181	0.819	80000.0
431	2208.189	41.955	81.578	40.343	0.18	0.821	110000.0
432	2206.644	42.062	80.848	40.437	0.181	0.819	90000.0
433	2207.439	42.07	80.88	40.442	0.181	0.819	90000.0
434	2207.353	42.07	80.885	40.442	0.181	0.819	100000.0
435	2207.097	41.959	81.516	40.346	0.18	0.821	60000.0
436	2207.195	42.067	80.884	40.437	0.181	0.819	70000.0
437	2207.165	42.07	80.888	40.44	0.181	0.819	100000.0
438	2207.276	42.067	80.891	40.439	0.181	0.819	70000.0
439	2207.172	42.07	80.865	40.435	0.181	0.819	120000.0
440	2206.566	41.945	81.551	40.345	0.18	0.821	80000.0
441	2207.249	42.071	80.882	40.444	0.181	0.819	90000.0
442	2207.29	42.069	80.911	40.444	0.181	0.819	90000.0
443	2207.032	41.945	81.558	40.344	0.18	0.821	70000.0
444	2207.226	41.947	81.539	40.338	0.18	0.821	140000.0
445	2207.474	42.076	80.886	40.442	0.181	0.819	70000.0
446	2206.806	42.071	80.867	40.447	0.181	0.819	60000.0
447	2207.005	42.071	80.888	40.448	0.181	0.819	100000.0
448	2207.795	42.073	80.919	40.445	0.181	0.819	130000.0
449	2206.779	41.947	81.54	40.339	0.18	0.821	90000.0
450	2207.535	41.949	81.571	40.345	0.18	0.821	120000.0
451	2207.229	42.064	80.902	40.432	0.181	0.819	90000.0
452	2207.352	42.075	80.881	40.445	0.181	0.819	90000.0
453	2207.116	42.071	80.866	40.444	0.181	0.819	80000.0
454	2207.576	41.952	81.561	40.343	0.18	0.821	80000.0
455	2206.945	42.075	80.872	40.448	0.181	0.819	90000.0
456	2207.219	42.074	80.866	40.443	1.23	0.819	120000.0
457	2207.246	42.07	80.86	40.432	0.181	0.819	60000.0
458	2207.117	42.063	80.887	40.432	0.181	0.819	90000.0
459	2206.98	42.065	80.872	40.44	0.181	0.819	70000.0
460	2207.34	42.078	80.876	40.449	0.181	0.819	90000.0
461	2207.487	42.074	80.886	40.443	0.181	0.819	90000.0
462	2207.198	41.948	81.552	40.337	0.18	0.822	110000.0
463	2206.815	42.07	80.867	40.44	1.23	0.819	50000.0
464	2207.64	41.955	81.566	40.346	0.18	0.821	100000.0
465	2207.126	42.07	80.863	40.44	0.181	0.819	120000.0
466	2207.452	41.948	81.563	40.342	0.18	0.821	90000.0
467	2207.668	41.965	81.543	40.344	0.18	0.821	120000.0
468	2207.176	42.073	80.892	40.449	0.181	0.819	120000.0
469	2207.079	42.068	80.849	40.44	0.181	0.819	90000.0
470	2206.755	42.068	80.853	40.437	0.181	0.819	100000.0
471	2207.153	42.069	80.862	40.442	0.181	0.819	80000.0
472	2207.022	42.063	80.877	40.434	0.181	0.819	80000.0
473	2207.384	42.077	80.881	40.441	0.181	0.819	80000.0
474	2206.996	42.069	80.888	40.447	0.181	0.819	50000.0
475	2207.226	42.07	80.896	40.444	0.181	0.819	80000.0
476	2207.265	41.952	81.548	40.344	0.18	0.821	110000.0
477	2207.595	41.953	81.589	40.352	0.18	0.821	130000.0
478	2207.365	41.948	81.581	40.341	0.18	0.821	70000.0
479	2207.553	42.07	80.891	40.444	0.181	0.819	80000.0
480	2206.993	41.947	81.535	40.337	0.18	0.822	80000.0
481	2207.431	42.064	80.91	40.44	0.181	0.819	70000.0
482	2207.555	42.067	80.9	40.437	0.181	0.819	130000.0
483	2206.881	42.066	80.875	40.437	0.181	0.819	80000.0
484	2207.236	41.95	81.55	40.352	0.18	0.821	150000.0
485	2207.127	42.07	80.882	40.444	0.181	0.819	110000.0
486	2207.435	41.96	81.538	40.35	0.18	0.821	110000.0
487	2207.091	41.946	81.561	40.335	0.18	0.822	80000.0
488	2207.538	41.96	81.54	40.349	0.18	0.821	80000.0
489	2207.485	42.073	80.89	40.442	0.181	0.819	50000.0
490	2207.093	42.067	80.856	40.43	0.181	0.819	100000.0
491	2207.004	42.062	80.888	40.432	0.181	0.819	90000.0
492	2207.581	42.068	80.871	40.436	0.181	0.819	80000.0
493	2207.038	42.071	80.874	40.441	0.181	0.819	140000.0
494	2207.275	41.953	81.547	40.338	0.18	0.822	70000.0
495	2207.009	42.061	80.887	40.435	0.181	0.819	70000.0
496	2207.468	42.063	80.878	40.437	0.181	0.819	70000.0
497	2206.962	42.06	80.858	40.428	0.181	0.819	140000.0
498	2208.783	41.945	81.614	40.347	0.18	0.821	60000.0
499	2207.084	42.072	80.876	40.445	0.181	0.819	80000.0
500	2207.342	42.07	80.895	40.446	0.181	0.819	70000.0
