Samples	SBS96A	SBS96B	SBS96C
SP.Syn.Abst.1	2505	2474	1813
SP.Syn.Abst.2	3380	1322	577
SP.Syn.Abst.3	3078	1743	763
SP.Syn.Abst.4	1298	2649	934
SP.Syn.Abst.5	4222	2910	981
SP.Syn.Abst.6	2775	5224	1149
SP.Syn.Abst.7	3320	3630	810
SP.Syn.Abst.8	2440	2149	665
SP.Syn.Abst.9	146	1028	3124
SP.Syn.Abst.10	5463	5689	1228
SP.Syn.Abst.11	4047	3901	1271
SP.Syn.Abst.12	1817	3234	4333
SP.Syn.Abst.13	6310	5256	898
SP.Syn.Abst.14	6709	6073	837
SP.Syn.Abst.15	3056	2780	2160
SP.Syn.Abst.16	2003	5276	527
SP.Syn.Abst.17	6632	3137	8264
SP.Syn.Abst.18	3129	7262	1606
SP.Syn.Abst.19	4601	5383	1131
SP.Syn.Abst.20	2437	2184	926
SP.Syn.Abst.21	5061	2558	376
SP.Syn.Abst.22	5134	3082	1052
SP.Syn.Abst.23	3544	2946	677
SP.Syn.Abst.24	8676	2758	1382
SP.Syn.Abst.25	3431	5771	1062
SP.Syn.Abst.26	1281	7566	402
SP.Syn.Abst.27	3541	2345	1908
SP.Syn.Abst.28	4277	1931	489
SP.Syn.Abst.29	2012	1437	6020
SP.Syn.Abst.30	600	6753	205
SP.Syn.Abst.31	4182	15232	1083
SP.Syn.Abst.32	6473	10072	1357
SP.Syn.Abst.33	2943	5745	151
SP.Syn.Abst.34	11216	9507	895
SP.Syn.Abst.35	4937	2968	2819
SP.Syn.Abst.36	5989	5370	3726
SP.Syn.Abst.37	3221	4140	173
SP.Syn.Abst.38	5720	3902	1220
SP.Syn.Abst.39	4464	5954	800
SP.Syn.Abst.40	3155	5872	1189
SP.Syn.Abst.41	3332	4001	698
SP.Syn.Abst.42	1850	0	929
SP.Syn.Abst.43	4421	4813	560
SP.Syn.Abst.44	6963	3554	1348
SP.Syn.Abst.45	9978	5079	2038
SP.Syn.Abst.46	2725	2656	1135
SP.Syn.Abst.47	3109	4368	740
SP.Syn.Abst.48	3636	4184	2053
SP.Syn.Abst.49	1402	2406	1799
SP.Syn.Abst.50	4230	3843	533
SP.Syn.Abst.51	1943	4935	688
SP.Syn.Abst.52	4937	5632	1634
SP.Syn.Abst.53	4947	1508	3959
SP.Syn.Abst.54	4606	2430	1194
SP.Syn.Abst.55	2399	4404	5192
SP.Syn.Abst.56	3803	7399	312
SP.Syn.Abst.57	7839	2478	1719
SP.Syn.Abst.58	2754	6620	1610
SP.Syn.Abst.59	967	9368	6575
SP.Syn.Abst.60	5640	2982	1980
SP.Syn.Abst.61	4404	8591	1779
SP.Syn.Abst.62	6291	5183	3419
SP.Syn.Abst.63	6097	3203	365
SP.Syn.Abst.64	2823	7761	951
SP.Syn.Abst.65	3047	1617	728
SP.Syn.Abst.66	3508	2140	211
SP.Syn.Abst.67	5376	2477	1012
SP.Syn.Abst.68	4772	16243	759
SP.Syn.Abst.69	6932	6380	1030
SP.Syn.Abst.70	4144	2261	247
SP.Syn.Abst.71	3959	6483	2189
SP.Syn.Abst.72	12856	4465	1136
SP.Syn.Abst.73	2781	2252	866
SP.Syn.Abst.74	2841	3580	3041
SP.Syn.Abst.75	5276	2660	1225
SP.Syn.Abst.76	1872	5731	686
SP.Syn.Abst.77	2744	5378	643
SP.Syn.Abst.78	3541	5608	781
SP.Syn.Abst.79	8576	5377	1994
SP.Syn.Abst.80	4706	8196	236
SP.Syn.Abst.81	3192	2294	1629
SP.Syn.Abst.82	487	5412	398
SP.Syn.Abst.83	4933	3986	961
SP.Syn.Abst.84	3398	2649	1850
SP.Syn.Abst.85	3155	4314	5043
SP.Syn.Abst.86	4573	4819	1176
SP.Syn.Abst.87	8053	2862	1576
SP.Syn.Abst.88	9686	6146	931
SP.Syn.Abst.89	11219	2726	700
SP.Syn.Abst.90	788	3364	1717
SP.Syn.Abst.91	2212	1696	1770
SP.Syn.Abst.92	2478	2917	314
SP.Syn.Abst.93	2008	1803	738
SP.Syn.Abst.94	3813	2063	1176
SP.Syn.Abst.95	8945	10103	1459
SP.Syn.Abst.96	2904	2388	2526
SP.Syn.Abst.97	4243	3385	246
SP.Syn.Abst.98	5399	7129	548
SP.Syn.Abst.99	4922	4761	925
SP.Syn.Abst.100	7340	4081	920
SP.Syn.Abst.101	2662	531	3681
SP.Syn.Abst.102	1769	3046	2148
SP.Syn.Abst.103	4750	4003	744
SP.Syn.Abst.104	4062	3085	230
SP.Syn.Abst.105	7007	4231	1897
SP.Syn.Abst.106	240	2487	970
SP.Syn.Abst.107	3321	3882	529
SP.Syn.Abst.108	227	2377	653
SP.Syn.Abst.109	2885	3284	156
SP.Syn.Abst.110	2460	8134	802
SP.Syn.Abst.111	4123	4589	786
SP.Syn.Abst.112	3477	3812	1983
SP.Syn.Abst.113	1809	4660	1378
SP.Syn.Abst.114	3877	2356	809
SP.Syn.Abst.115	3903	4000	1579
SP.Syn.Abst.116	2107	3945	723
SP.Syn.Abst.117	6717	4507	1330
SP.Syn.Abst.118	1791	3721	673
SP.Syn.Abst.119	4186	3736	2422
SP.Syn.Abst.120	2840	3753	755
SP.Syn.Abst.121	8948	8941	1341
SP.Syn.Abst.122	353	3460	2177
SP.Syn.Abst.123	3301	1617	5295
SP.Syn.Abst.124	2982	7067	819
SP.Syn.Abst.125	11645	8499	1150
SP.Syn.Abst.126	6967	5745	502
SP.Syn.Abst.127	7267	4477	896
SP.Syn.Abst.128	1798	3922	283
SP.Syn.Abst.129	1979	2278	2169
SP.Syn.Abst.130	2683	4272	576
SP.Syn.Abst.131	1412	4175	949
SP.Syn.Abst.132	6280	6302	1333
SP.Syn.Abst.133	3491	2057	772
SP.Syn.Abst.134	6077	3332	1065
SP.Syn.Abst.135	5119	9501	731
SP.Syn.Abst.136	2819	7290	623
SP.Syn.Abst.137	943	1172	619
SP.Syn.Abst.138	8371	5564	2516
SP.Syn.Abst.139	5797	4687	925
SP.Syn.Abst.140	334	3513	1066
SP.Syn.Abst.141	2938	3565	782
SP.Syn.Abst.142	5616	3634	790
SP.Syn.Abst.143	6696	2468	1480
SP.Syn.Abst.144	3435	2589	197
SP.Syn.Abst.145	4292	3675	1607
SP.Syn.Abst.146	4342	3360	792
SP.Syn.Abst.147	3947	6762	402
SP.Syn.Abst.148	3975	3390	879
SP.Syn.Abst.149	5241	4479	1687
SP.Syn.Abst.150	6014	3369	349
SP.Syn.Abst.151	3122	5979	1689
SP.Syn.Abst.152	9355	3536	1602
SP.Syn.Abst.153	339	3551	1085
SP.Syn.Abst.154	19723	14201	7031
SP.Syn.Abst.155	3632	6266	1698
SP.Syn.Abst.156	2621	3230	1764
SP.Syn.Abst.157	3189	3353	544
SP.Syn.Abst.158	3409	7774	1654
SP.Syn.Abst.159	9254	4036	1390
SP.Syn.Abst.160	1995	2176	2985
SP.Syn.Abst.161	6942	1913	2688
SP.Syn.Abst.162	2163	1081	3475
SP.Syn.Abst.163	7540	4790	766
SP.Syn.Abst.164	4200	5876	224
SP.Syn.Abst.165	2713	3098	824
SP.Syn.Abst.166	8579	2530	528
SP.Syn.Abst.167	3444	5667	600
SP.Syn.Abst.168	2964	3323	1272
SP.Syn.Abst.169	281	2888	1199
SP.Syn.Abst.170	2540	2539	306
SP.Syn.Abst.171	2599	3828	1062
SP.Syn.Abst.172	2213	2519	867
SP.Syn.Abst.173	2950	5226	526
SP.Syn.Abst.174	621	6705	1166
SP.Syn.Abst.175	2044	2287	2319
SP.Syn.Abst.176	217	2273	918
SP.Syn.Abst.177	3128	6568	1386
SP.Syn.Abst.178	434	4877	110
SP.Syn.Abst.179	3238	4903	1233
SP.Syn.Abst.180	5511	5394	1514
SP.Syn.Abst.181	2427	2473	1217
SP.Syn.Abst.182	1295	3810	919
SP.Syn.Abst.183	3916	6673	205
SP.Syn.Abst.184	150	1548	762
SP.Syn.Abst.185	4372	5600	935
SP.Syn.Abst.186	2502	2229	137
SP.Syn.Abst.187	4788	5088	479
SP.Syn.Abst.188	2652	1969	2072
SP.Syn.Abst.189	1895	1673	432
SP.Syn.Abst.190	5371	8165	1067
SP.Syn.Abst.191	3254	4155	878
SP.Syn.Abst.192	4742	3305	648
SP.Syn.Abst.193	2884	2900	2064
SP.Syn.Abst.194	2915	2408	711
SP.Syn.Abst.195	682	7657	423
SP.Syn.Abst.196	6258	9541	918
SP.Syn.Abst.197	5844	4029	2325
SP.Syn.Abst.198	2766	5564	138
SP.Syn.Abst.199	2123	2539	530
SP.Syn.Abst.200	2077	3772	106
SP.Syn.Abst.201	3515	2874	685
SP.Syn.Abst.202	1598	1900	2663
SP.Syn.Abst.203	4407	5749	236
SP.Syn.Abst.204	3396	2559	3589
SP.Syn.Abst.205	3098	1945	628
SP.Syn.Abst.206	3767	4957	651
SP.Syn.Abst.207	4421	6416	1643
SP.Syn.Abst.208	5987	3372	780
SP.Syn.Abst.209	2596	3718	1492
SP.Syn.Abst.210	1314	5865	2064
SP.Syn.Abst.211	12259	2717	2218
SP.Syn.Abst.212	1789	5538	887
SP.Syn.Abst.213	3658	8082	739
SP.Syn.Abst.214	1969	2679	112
SP.Syn.Abst.215	6701	3504	983
SP.Syn.Abst.216	4184	6084	844
SP.Syn.Abst.217	1572	6188	3444
SP.Syn.Abst.218	4240	7500	219
SP.Syn.Abst.219	6549	126	2069
SP.Syn.Abst.220	12668	2982	1412
SP.Syn.Abst.221	4087	4425	1455
SP.Syn.Abst.222	1256	2751	2371
SP.Syn.Abst.223	1780	1097	1763
SP.Syn.Abst.224	4054	2673	1103
SP.Syn.Abst.225	4267	2622	1276
SP.Syn.Abst.226	4618	5038	1078
SP.Syn.Abst.227	5393	2623	1097
SP.Syn.Abst.228	345	3340	2610
SP.Syn.Abst.229	2533	5066	1139
SP.Syn.Abst.230	3308	8242	376
SP.Syn.Abst.231	2418	2678	1117
SP.Syn.Abst.232	2999	5599	857
SP.Syn.Abst.233	3735	3239	832
SP.Syn.Abst.234	4771	5584	858
SP.Syn.Abst.235	9082	2965	3246
SP.Syn.Abst.236	5102	9002	1960
SP.Syn.Abst.237	3453	5101	1060
SP.Syn.Abst.238	5772	8147	3105
SP.Syn.Abst.239	6263	3712	946
SP.Syn.Abst.240	3946	4208	1041
SP.Syn.Abst.241	6391	2896	1683
SP.Syn.Abst.242	3923	3439	893
SP.Syn.Abst.243	2977	2266	605
SP.Syn.Abst.244	1642	7390	1601
SP.Syn.Abst.245	3842	8895	1414
SP.Syn.Abst.246	26344	13350	2295
SP.Syn.Abst.247	3763	3734	1387
SP.Syn.Abst.248	1506	2630	1102
SP.Syn.Abst.249	5675	8449	631
SP.Syn.Abst.250	2189	3058	1325
SP.Syn.Abst.251	9965	5768	1475
SP.Syn.Abst.252	4348	9105	1308
SP.Syn.Abst.253	4668	4901	584
SP.Syn.Abst.254	3910	1974	2458
SP.Syn.Abst.255	6863	3639	824
SP.Syn.Abst.256	2949	4205	8888
SP.Syn.Abst.257	3919	3454	1045
SP.Syn.Abst.258	3037	3317	1187
SP.Syn.Abst.259	2678	1682	1596
SP.Syn.Abst.260	2257	4683	577
SP.Syn.Abst.261	4423	4589	432
SP.Syn.Abst.262	650	7042	1076
SP.Syn.Abst.263	3005	2286	1500
SP.Syn.Abst.264	2928	5856	840
SP.Syn.Abst.265	2813	239	173
SP.Syn.Abst.266	4519	5438	1164
SP.Syn.Abst.267	2559	5810	406
SP.Syn.Abst.268	4014	4643	1438
SP.Syn.Abst.269	3825	2816	825
SP.Syn.Abst.270	6908	6408	916
SP.Syn.Abst.271	2425	4223	731
SP.Syn.Abst.272	2241	2537	517
SP.Syn.Abst.273	3792	4702	746
SP.Syn.Abst.274	3652	3608	200
SP.Syn.Abst.275	4771	3710	2330
SP.Syn.Abst.276	3765	10546	1619
SP.Syn.Abst.277	1557	2082	843
SP.Syn.Abst.278	4710	5601	968
SP.Syn.Abst.279	652	1680	471
SP.Syn.Abst.280	3602	4698	1223
SP.Syn.Abst.281	12871	3188	792
SP.Syn.Abst.282	11202	6098	2190
SP.Syn.Abst.283	2959	2222	803
SP.Syn.Abst.284	1352	2289	2180
SP.Syn.Abst.285	3035	2829	1429
SP.Syn.Abst.286	2448	1690	520
SP.Syn.Abst.287	751	1182	5245
SP.Syn.Abst.288	1546	611	8307
SP.Syn.Abst.289	220	2451	336
SP.Syn.Abst.290	6996	2977	1128
SP.Syn.Abst.291	469	5187	300
SP.Syn.Abst.292	3315	2234	1128
SP.Syn.Abst.293	7454	4551	436
SP.Syn.Abst.294	1696	4352	1010
SP.Syn.Abst.295	5530	2096	1148
SP.Syn.Abst.296	3511	2363	203
SP.Syn.Abst.297	6725	6533	4400
SP.Syn.Abst.298	4508	8877	226
SP.Syn.Abst.299	1789	4010	623
SP.Syn.Abst.300	2161	5116	1239
SP.Syn.Abst.301	3029	1666	2640
SP.Syn.Abst.302	4442	6010	806
SP.Syn.Abst.303	7838	4085	662
SP.Syn.Abst.304	7508	2335	3591
SP.Syn.Abst.305	2722	5523	617
SP.Syn.Abst.306	3529	2575	1455
SP.Syn.Abst.307	3125	11283	464
SP.Syn.Abst.308	1903	3718	1204
SP.Syn.Abst.309	5234	5143	638
SP.Syn.Abst.310	1735	1981	673
SP.Syn.Abst.311	10185	1023	5559
SP.Syn.Abst.312	3539	2573	527
SP.Syn.Abst.313	3758	5177	982
SP.Syn.Abst.314	160	617	5243
SP.Syn.Abst.315	2352	4369	631
SP.Syn.Abst.316	3741	6131	739
SP.Syn.Abst.317	2440	8408	216
SP.Syn.Abst.318	2677	5120	905
SP.Syn.Abst.319	1791	2498	1213
SP.Syn.Abst.320	3220	2656	840
SP.Syn.Abst.321	1635	3209	478
SP.Syn.Abst.322	2385	6421	515
SP.Syn.Abst.323	3829	3793	1996
SP.Syn.Abst.324	2677	5299	805
SP.Syn.Abst.325	2020	2234	563
SP.Syn.Abst.326	5327	640	10742
SP.Syn.Abst.327	2177	3708	530
SP.Syn.Abst.328	14751	3676	1519
SP.Syn.Abst.329	1714	4096	1019
SP.Syn.Abst.330	5233	8829	647
SP.Syn.Abst.331	8752	4566	2515
SP.Syn.Abst.332	5787	5606	1807
SP.Syn.Abst.333	1919	7227	1776
SP.Syn.Abst.334	12092	3171	1432
SP.Syn.Abst.335	1526	1444	400
SP.Syn.Abst.336	3803	8385	459
SP.Syn.Abst.337	5726	4280	1261
SP.Syn.Abst.338	3526	4064	748
SP.Syn.Abst.339	1627	2424	530
SP.Syn.Abst.340	5449	8240	295
SP.Syn.Abst.341	1889	5567	396
SP.Syn.Abst.342	1957	1970	756
SP.Syn.Abst.343	6481	2386	1391
SP.Syn.Abst.344	2374	1763	132
SP.Syn.Abst.345	2543	1659	1112
SP.Syn.Abst.346	3522	3016	1394
SP.Syn.Abst.347	1880	4408	1416
SP.Syn.Abst.348	314	3373	428
SP.Syn.Abst.349	2911	11444	1143
SP.Syn.Abst.350	4522	5510	3559
SP.Syn.Abst.351	12356	713	4870
SP.Syn.Abst.352	7734	4347	1070
SP.Syn.Abst.353	15722	5444	2357
SP.Syn.Abst.354	7802	4303	1179
SP.Syn.Abst.355	4829	1980	1374
SP.Syn.Abst.356	569	6284	891
SP.Syn.Abst.357	2019	6084	81
SP.Syn.Abst.358	2397	5962	2003
SP.Syn.Abst.359	7657	2074	1375
SP.Syn.Abst.360	1588	2261	1074
SP.Syn.Abst.361	7937	2520	735
SP.Syn.Abst.362	1616	3538	899
SP.Syn.Abst.363	2633	4254	975
SP.Syn.Abst.364	1762	4948	2049
SP.Syn.Abst.365	4054	8849	662
SP.Syn.Abst.366	3630	3060	1620
SP.Syn.Abst.367	7081	8804	1696
SP.Syn.Abst.368	2754	1482	1574
SP.Syn.Abst.369	219	2112	1791
SP.Syn.Abst.370	4296	4061	3870
SP.Syn.Abst.371	9376	4100	1319
SP.Syn.Abst.372	935	2833	642
SP.Syn.Abst.373	3690	2852	677
SP.Syn.Abst.374	3531	3652	2620
SP.Syn.Abst.375	4061	3374	951
SP.Syn.Abst.376	5813	3018	734
SP.Syn.Abst.377	1790	6442	1403
SP.Syn.Abst.378	4356	3227	1631
SP.Syn.Abst.379	9656	5687	1553
SP.Syn.Abst.380	8608	3996	4095
SP.Syn.Abst.381	3835	3342	1052
SP.Syn.Abst.382	3414	2725	949
SP.Syn.Abst.383	2808	1990	959
SP.Syn.Abst.384	5182	4893	603
SP.Syn.Abst.385	7378	6395	892
SP.Syn.Abst.386	5324	6349	1689
SP.Syn.Abst.387	12642	5488	7056
SP.Syn.Abst.388	7881	7148	2608
SP.Syn.Abst.389	2500	3691	132
SP.Syn.Abst.390	1986	3079	108
SP.Syn.Abst.391	1748	4952	942
SP.Syn.Abst.392	7022	7132	824
SP.Syn.Abst.393	1986	1837	667
SP.Syn.Abst.394	4210	2805	1821
SP.Syn.Abst.395	522	4966	4299
SP.Syn.Abst.396	1996	2170	1521
SP.Syn.Abst.397	3197	2280	836
SP.Syn.Abst.398	2739	4051	1073
SP.Syn.Abst.399	4114	6194	1448
SP.Syn.Abst.400	16440	6270	1406
SP.Syn.Abst.401	5008	2186	768
SP.Syn.Abst.402	6473	3052	390
SP.Syn.Abst.403	4754	9826	1343
SP.Syn.Abst.404	5170	7742	4529
SP.Syn.Abst.405	3702	2039	1435
SP.Syn.Abst.406	3447	5089	1656
SP.Syn.Abst.407	8343	4749	1367
SP.Syn.Abst.408	4948	5829	794
SP.Syn.Abst.409	4161	2037	243
SP.Syn.Abst.410	2314	4310	2134
SP.Syn.Abst.411	5538	6105	1206
SP.Syn.Abst.412	2879	4841	613
SP.Syn.Abst.413	4596	4769	884
SP.Syn.Abst.414	408	4365	542
SP.Syn.Abst.415	3081	3303	820
SP.Syn.Abst.416	2234	1192	1432
SP.Syn.Abst.417	3686	4190	1981
SP.Syn.Abst.418	3263	951	5734
SP.Syn.Abst.419	6274	4709	1843
SP.Syn.Abst.420	4357	7196	1364
SP.Syn.Abst.421	2818	1522	6372
SP.Syn.Abst.422	3723	8682	761
SP.Syn.Abst.423	3639	3798	538
SP.Syn.Abst.424	1692	5092	1383
SP.Syn.Abst.425	2797	3004	1480
SP.Syn.Abst.426	3361	3057	1271
SP.Syn.Abst.427	303	3454	0
SP.Syn.Abst.428	12859	10212	841
SP.Syn.Abst.429	1996	3981	1210
SP.Syn.Abst.430	247	2332	1790
SP.Syn.Abst.431	1256	753	3315
SP.Syn.Abst.432	322	3345	1195
SP.Syn.Abst.433	6614	4279	1143
SP.Syn.Abst.434	2073	3465	2491
SP.Syn.Abst.435	3509	2870	1175
SP.Syn.Abst.436	6840	7405	3092
SP.Syn.Abst.437	2302	2507	901
SP.Syn.Abst.438	3080	3458	4260
SP.Syn.Abst.439	372	3842	1258
SP.Syn.Abst.440	2495	2161	1322
SP.Syn.Abst.441	3280	5287	1388
SP.Syn.Abst.442	1705	3872	683
SP.Syn.Abst.443	5301	3963	1352
SP.Syn.Abst.444	2070	4404	546
SP.Syn.Abst.445	4957	7024	1132
SP.Syn.Abst.446	3479	3584	1314
SP.Syn.Abst.447	1886	5070	230
SP.Syn.Abst.448	2507	1476	2858
SP.Syn.Abst.449	7502	1978	1469
SP.Syn.Abst.450	4008	4538	529
SP.Syn.Abst.451	4963	3971	623
SP.Syn.Abst.452	2655	5481	874
SP.Syn.Abst.453	5360	3536	740
SP.Syn.Abst.454	8341	2191	508
SP.Syn.Abst.455	2506	7184	638
SP.Syn.Abst.456	6198	3788	841
SP.Syn.Abst.457	4657	1628	4589
SP.Syn.Abst.458	4068	2993	592
SP.Syn.Abst.459	3999	2596	2576
SP.Syn.Abst.460	4279	3658	683
SP.Syn.Abst.461	4094	3758	676
SP.Syn.Abst.462	6314	1705	4328
SP.Syn.Abst.463	2686	3030	1735
SP.Syn.Abst.464	1353	3375	1501
SP.Syn.Abst.465	3869	4514	856
SP.Syn.Abst.466	6729	5513	735
SP.Syn.Abst.467	3956	5435	1596
SP.Syn.Abst.468	5748	1425	1003
SP.Syn.Abst.469	212	2440	0
SP.Syn.Abst.470	10129	8353	910
SP.Syn.Abst.471	5403	2271	2543
SP.Syn.Abst.472	10498	4412	1550
SP.Syn.Abst.473	2222	7743	2380
SP.Syn.Abst.474	3518	5010	1137
SP.Syn.Abst.475	4700	4112	273
SP.Syn.Abst.476	5663	5627	1699
SP.Syn.Abst.477	5524	3335	1571
SP.Syn.Abst.478	5597	4765	606
SP.Syn.Abst.479	3653	1754	1084
SP.Syn.Abst.480	5313	1554	2565
SP.Syn.Abst.481	3301	3716	1331
SP.Syn.Abst.482	2517	7034	1414
SP.Syn.Abst.483	11432	12818	3422
SP.Syn.Abst.484	5942	3072	1967
SP.Syn.Abst.485	1574	2364	2308
SP.Syn.Abst.486	8182	5387	1006
SP.Syn.Abst.487	220	2269	1193
SP.Syn.Abst.488	1249	1112	1407
SP.Syn.Abst.489	6373	4843	477
SP.Syn.Abst.490	1032	3635	40
SP.Syn.Abst.491	2965	1072	1982
SP.Syn.Abst.492	5071	1173	824
SP.Syn.Abst.493	3264	3793	1287
SP.Syn.Abst.494	1884	3425	691
SP.Syn.Abst.495	1894	1704	5494
SP.Syn.Abst.496	2540	3022	255
SP.Syn.Abst.497	2999	4519	157
SP.Syn.Abst.498	2427	7514	577
SP.Syn.Abst.499	6272	4825	1289
SP.Syn.Abst.500	4831	5331	6392
SP.Syn.Abst.501	2523	3881	2816
SP.Syn.Abst.502	5213	2276	1294
SP.Syn.Abst.503	1791	722	2177
SP.Syn.Abst.504	2170	4132	2093
SP.Syn.Abst.505	3315	6306	910
SP.Syn.Abst.506	7298	5582	763
SP.Syn.Abst.507	2641	1836	931
SP.Syn.Abst.508	7684	3880	1878
SP.Syn.Abst.509	177	918	4881
SP.Syn.Abst.510	5181	3762	2328
SP.Syn.Abst.511	4016	5720	1002
SP.Syn.Abst.512	4504	4064	2000
SP.Syn.Abst.513	5630	2905	334
SP.Syn.Abst.514	3044	3631	974
SP.Syn.Abst.515	11693	4253	1678
SP.Syn.Abst.516	3844	3004	2413
SP.Syn.Abst.517	619	6788	1014
SP.Syn.Abst.518	382	3813	1825
SP.Syn.Abst.519	5044	4009	1452
SP.Syn.Abst.520	4436	2756	2077
SP.Syn.Abst.521	158	1673	450
SP.Syn.Abst.522	12591	4944	1488
SP.Syn.Abst.523	1899	1979	1940
SP.Syn.Abst.524	1055	973	1592
SP.Syn.Abst.525	5805	4950	876
SP.Syn.Abst.526	5009	1598	2302
SP.Syn.Abst.527	3026	8151	1732
SP.Syn.Abst.528	7264	6008	652
SP.Syn.Abst.529	3341	3347	1288
SP.Syn.Abst.530	5007	2787	1035
SP.Syn.Abst.531	116	1377	0
SP.Syn.Abst.532	3061	3538	360
SP.Syn.Abst.533	4066	3927	3152
SP.Syn.Abst.534	2133	1603	2941
SP.Syn.Abst.535	3229	7058	2117
SP.Syn.Abst.536	2419	3581	775
SP.Syn.Abst.537	3997	1220	4085
SP.Syn.Abst.538	2960	4515	1481
SP.Syn.Abst.539	7433	5310	1096
SP.Syn.Abst.540	9892	5033	1456
SP.Syn.Abst.541	3413	3703	713
SP.Syn.Abst.542	5097	1577	1041
SP.Syn.Abst.543	5925	7422	1664
SP.Syn.Abst.544	2867	3744	941
SP.Syn.Abst.545	2333	4701	1527
SP.Syn.Abst.546	5274	2864	3463
SP.Syn.Abst.547	5107	2309	1166
SP.Syn.Abst.548	2650	1986	960
SP.Syn.Abst.549	1322	4556	1847
SP.Syn.Abst.550	2815	2205	364
SP.Syn.Abst.551	2425	2373	4288
SP.Syn.Abst.552	2911	8114	992
SP.Syn.Abst.553	1945	2930	1159
SP.Syn.Abst.554	1148	604	1731
SP.Syn.Abst.555	3303	4345	927
SP.Syn.Abst.556	256	2603	1340
SP.Syn.Abst.557	3463	5281	2915
SP.Syn.Abst.558	2609	3943	2607
SP.Syn.Abst.559	6938	3791	1034
SP.Syn.Abst.560	4933	2435	999
SP.Syn.Abst.561	3438	5762	492
SP.Syn.Abst.562	3217	4932	1764
SP.Syn.Abst.563	7107	3802	1268
SP.Syn.Abst.564	13430	4932	1398
SP.Syn.Abst.565	3713	10630	485
SP.Syn.Abst.566	6445	9602	2221
SP.Syn.Abst.567	3180	2099	1987
SP.Syn.Abst.568	4351	3651	649
SP.Syn.Abst.569	2981	3889	305
SP.Syn.Abst.570	6273	3116	370
SP.Syn.Abst.571	2644	8686	496
SP.Syn.Abst.572	2552	8530	1293
SP.Syn.Abst.573	2891	1655	821
SP.Syn.Abst.574	1529	2878	882
SP.Syn.Abst.575	2570	7509	929
SP.Syn.Abst.576	4853	6705	571
SP.Syn.Abst.577	4312	4599	1085
SP.Syn.Abst.578	4787	3959	907
SP.Syn.Abst.579	4584	1723	1711
SP.Syn.Abst.580	3791	6185	2005
SP.Syn.Abst.581	2349	2478	939
SP.Syn.Abst.582	4807	2274	901
SP.Syn.Abst.583	2076	1805	1430
SP.Syn.Abst.584	2015	6228	88
SP.Syn.Abst.585	6117	3700	2104
SP.Syn.Abst.586	2042	993	6664
SP.Syn.Abst.587	3430	4594	734
SP.Syn.Abst.588	4440	3163	1051
SP.Syn.Abst.589	3825	3686	2063
SP.Syn.Abst.590	2087	2324	3350
SP.Syn.Abst.591	1699	1373	1090
SP.Syn.Abst.592	17863	7279	3557
SP.Syn.Abst.593	2670	2497	531
SP.Syn.Abst.594	6266	2969	1715
SP.Syn.Abst.595	3375	3256	1355
SP.Syn.Abst.596	3964	3950	688
SP.Syn.Abst.597	1899	1149	1729
SP.Syn.Abst.598	6287	3396	874
SP.Syn.Abst.599	1852	2754	1641
SP.Syn.Abst.600	1715	2028	847
SP.Syn.Abst.601	3041	4941	1036
SP.Syn.Abst.602	4502	5419	3155
SP.Syn.Abst.603	4536	1813	2761
SP.Syn.Abst.604	220	2212	1191
SP.Syn.Abst.605	2697	1437	935
SP.Syn.Abst.606	6145	5692	664
SP.Syn.Abst.607	5119	6264	1890
SP.Syn.Abst.608	3108	2103	557
SP.Syn.Abst.609	4721	3237	869
SP.Syn.Abst.610	2123	5237	1106
SP.Syn.Abst.611	8020	3501	1557
SP.Syn.Abst.612	1878	4484	2340
SP.Syn.Abst.613	4668	1900	1868
SP.Syn.Abst.614	375	4176	152
SP.Syn.Abst.615	3636	4990	1800
SP.Syn.Abst.616	1513	3012	820
SP.Syn.Abst.617	1965	2040	1965
SP.Syn.Abst.618	12146	2696	1373
SP.Syn.Abst.619	6735	7456	2132
SP.Syn.Abst.620	3240	5097	1711
SP.Syn.Abst.621	2588	5887	1973
SP.Syn.Abst.622	2808	4591	874
SP.Syn.Abst.623	5146	5410	1155
SP.Syn.Abst.624	8703	4332	2085
SP.Syn.Abst.625	403	4269	1262
SP.Syn.Abst.626	3408	4277	545
SP.Syn.Abst.627	2482	935	1640
SP.Syn.Abst.628	2215	1560	3156
SP.Syn.Abst.629	3162	2342	2509
SP.Syn.Abst.630	2676	3228	749
SP.Syn.Abst.631	7734	4310	847
SP.Syn.Abst.632	341	3684	463
SP.Syn.Abst.633	11777	5659	899
SP.Syn.Abst.634	4667	6765	1505
SP.Syn.Abst.635	4780	1745	290
SP.Syn.Abst.636	3003	2908	1808
SP.Syn.Abst.637	2319	3889	1725
SP.Syn.Abst.638	5730	4270	663
SP.Syn.Abst.639	9655	4528	1521
SP.Syn.Abst.640	5338	3988	1210
SP.Syn.Abst.641	1018	1457	1797
SP.Syn.Abst.642	2555	70	725
SP.Syn.Abst.643	6276	2899	4324
SP.Syn.Abst.644	3844	2741	222
SP.Syn.Abst.645	1492	1866	1982
SP.Syn.Abst.646	3247	117	800
SP.Syn.Abst.647	4859	5089	1041
SP.Syn.Abst.648	4942	5177	934
SP.Syn.Abst.649	2446	3029	1579
SP.Syn.Abst.650	3394	2932	492
SP.Syn.Abst.651	2887	4223	1930
SP.Syn.Abst.652	5002	4454	1037
SP.Syn.Abst.653	2433	2755	821
SP.Syn.Abst.654	6650	1745	853
SP.Syn.Abst.655	3048	4497	1164
SP.Syn.Abst.656	7248	2103	992
SP.Syn.Abst.657	1974	1648	969
SP.Syn.Abst.658	10512	6051	1365
SP.Syn.Abst.659	3562	1383	1443
SP.Syn.Abst.660	1904	2781	1771
SP.Syn.Abst.661	2635	5161	1092
SP.Syn.Abst.662	9488	2906	725
SP.Syn.Abst.663	3314	3829	2436
SP.Syn.Abst.664	2422	3442	966
SP.Syn.Abst.665	2231	4194	581
SP.Syn.Abst.666	2332	2941	380
SP.Syn.Abst.667	6122	2313	3217
SP.Syn.Abst.668	1124	2285	386
SP.Syn.Abst.669	7863	5936	800
SP.Syn.Abst.670	5826	1679	1334
SP.Syn.Abst.671	4022	2278	1220
SP.Syn.Abst.672	12247	4175	1358
SP.Syn.Abst.673	5537	3766	671
SP.Syn.Abst.674	5435	2234	806
SP.Syn.Abst.675	4838	3950	719
SP.Syn.Abst.676	1445	3303	1298
SP.Syn.Abst.677	4094	5344	1692
SP.Syn.Abst.678	5717	8998	317
SP.Syn.Abst.679	3749	5116	1361
SP.Syn.Abst.680	4327	3777	1422
SP.Syn.Abst.681	3060	4682	789
SP.Syn.Abst.682	2328	4987	642
SP.Syn.Abst.683	2754	3132	553
SP.Syn.Abst.684	3274	3667	183
SP.Syn.Abst.685	4021	1655	1010
SP.Syn.Abst.686	4438	9380	697
SP.Syn.Abst.687	4758	3794	2446
SP.Syn.Abst.688	2658	4767	1916
SP.Syn.Abst.689	4342	4235	7786
SP.Syn.Abst.690	5144	4100	793
SP.Syn.Abst.691	11731	4057	2050
SP.Syn.Abst.692	3710	2929	218
SP.Syn.Abst.693	1616	3015	233
SP.Syn.Abst.694	6939	2549	4774
SP.Syn.Abst.695	6897	6657	523
SP.Syn.Abst.696	5646	11302	3006
SP.Syn.Abst.697	12336	2148	1580
SP.Syn.Abst.698	9367	5593	936
SP.Syn.Abst.699	4602	6232	1289
SP.Syn.Abst.700	2447	2628	590
SP.Syn.Abst.701	5319	3605	1422
SP.Syn.Abst.702	2676	1810	1470
SP.Syn.Abst.703	3887	2113	794
SP.Syn.Abst.704	1789	7079	1721
SP.Syn.Abst.705	1502	2079	2600
SP.Syn.Abst.706	1818	4170	1048
SP.Syn.Abst.707	1508	2639	2002
SP.Syn.Abst.708	1419	3055	712
SP.Syn.Abst.709	4628	8253	5953
SP.Syn.Abst.710	7750	1606	1693
SP.Syn.Abst.711	4940	3229	1281
SP.Syn.Abst.712	4063	4205	531
SP.Syn.Abst.713	4393	2867	2681
SP.Syn.Abst.714	1117	1101	2723
SP.Syn.Abst.715	3284	5369	2285
SP.Syn.Abst.716	4664	5741	1304
SP.Syn.Abst.717	5949	3473	3636
SP.Syn.Abst.718	10348	2709	1373
SP.Syn.Abst.719	2639	2549	485
SP.Syn.Abst.720	1943	3498	2288
SP.Syn.Abst.721	2666	4330	1372
SP.Syn.Abst.722	3788	4682	213
SP.Syn.Abst.723	5831	4967	1020
SP.Syn.Abst.724	6171	4424	924
SP.Syn.Abst.725	4764	5663	1442
SP.Syn.Abst.726	3208	2654	1945
SP.Syn.Abst.727	2647	2894	456
SP.Syn.Abst.728	4283	4827	981
SP.Syn.Abst.729	19600	4150	1961
SP.Syn.Abst.730	2174	2793	569
SP.Syn.Abst.731	1987	5198	1226
SP.Syn.Abst.732	2967	3090	524
SP.Syn.Abst.733	1955	2787	1037
SP.Syn.Abst.734	1684	7871	427
SP.Syn.Abst.735	1060	1532	1960
SP.Syn.Abst.736	8690	3514	1632
SP.Syn.Abst.737	4410	4114	1270
SP.Syn.Abst.738	3492	2450	1412
SP.Syn.Abst.739	7032	3422	4353
SP.Syn.Abst.740	2827	5472	2517
SP.Syn.Abst.741	2630	3205	534
SP.Syn.Abst.742	4366	1050	1880
SP.Syn.Abst.743	6031	4026	1373
SP.Syn.Abst.744	4983	8048	2492
SP.Syn.Abst.745	2894	4446	3288
SP.Syn.Abst.746	4238	10018	518
SP.Syn.Abst.747	3333	5123	179
SP.Syn.Abst.748	3192	4531	1131
SP.Syn.Abst.749	3042	0	1370
SP.Syn.Abst.750	1997	4406	1440
SP.Syn.Abst.751	3144	1126	2965
SP.Syn.Abst.752	2190	2281	1031
SP.Syn.Abst.753	3878	2431	740
SP.Syn.Abst.754	10937	3728	1089
SP.Syn.Abst.755	2869	6696	1306
SP.Syn.Abst.756	4407	4572	1845
SP.Syn.Abst.757	2361	1880	697
SP.Syn.Abst.758	1610	4078	1585
SP.Syn.Abst.759	5508	3453	2795
SP.Syn.Abst.760	187	1776	813
SP.Syn.Abst.761	9459	4928	562
SP.Syn.Abst.762	10970	4445	810
SP.Syn.Abst.763	5861	5385	1590
SP.Syn.Abst.764	226	2495	206
SP.Syn.Abst.765	4180	5578	1117
SP.Syn.Abst.766	2721	4314	1227
SP.Syn.Abst.767	1168	404	4379
SP.Syn.Abst.768	2513	4257	2900
SP.Syn.Abst.769	3322	4144	475
SP.Syn.Abst.770	1921	5357	1389
SP.Syn.Abst.771	6122	10881	740
SP.Syn.Abst.772	1895	3787	750
SP.Syn.Abst.773	5471	4282	2421
SP.Syn.Abst.774	2752	3072	1987
SP.Syn.Abst.775	2965	6986	137
SP.Syn.Abst.776	3016	3144	1007
SP.Syn.Abst.777	2686	1608	519
SP.Syn.Abst.778	7224	3944	834
SP.Syn.Abst.779	2977	2479	908
SP.Syn.Abst.780	6936	3900	1118
SP.Syn.Abst.781	4572	12466	10590
SP.Syn.Abst.782	905	1725	3524
SP.Syn.Abst.783	10569	1984	2695
SP.Syn.Abst.784	3023	5198	1399
SP.Syn.Abst.785	2392	9101	848
SP.Syn.Abst.786	6154	3017	1476
SP.Syn.Abst.787	1755	4764	358
SP.Syn.Abst.788	8521	3142	1439
SP.Syn.Abst.789	7008	9268	654
SP.Syn.Abst.790	207	1692	2701
SP.Syn.Abst.791	5612	3514	1930
SP.Syn.Abst.792	5966	2729	806
SP.Syn.Abst.793	3155	11487	1238
SP.Syn.Abst.794	8848	3141	879
SP.Syn.Abst.795	5966	4679	3221
SP.Syn.Abst.796	8395	5322	2751
SP.Syn.Abst.797	2722	2243	1016
SP.Syn.Abst.798	3563	2154	6570
SP.Syn.Abst.799	415	4485	796
SP.Syn.Abst.800	2831	6852	1562
SP.Syn.Abst.801	3682	1358	767
SP.Syn.Abst.802	2908	4033	701
SP.Syn.Abst.803	3327	3667	1106
SP.Syn.Abst.804	4472	2388	915
SP.Syn.Abst.805	2575	3991	532
SP.Syn.Abst.806	5902	8830	1195
SP.Syn.Abst.807	5895	2302	1833
SP.Syn.Abst.808	2557	2750	492
SP.Syn.Abst.809	6321	2767	928
SP.Syn.Abst.810	6942	2449	2897
SP.Syn.Abst.811	5667	4009	1003
SP.Syn.Abst.812	2559	2006	1500
SP.Syn.Abst.813	8353	2286	1561
SP.Syn.Abst.814	4604	3742	646
SP.Syn.Abst.815	5660	4679	1713
SP.Syn.Abst.816	5783	2127	1186
SP.Syn.Abst.817	5492	4285	521
SP.Syn.Abst.818	3854	1108	1448
SP.Syn.Abst.819	7621	4551	999
SP.Syn.Abst.820	6165	3000	4233
SP.Syn.Abst.821	1916	5464	985
SP.Syn.Abst.822	2707	7987	1007
SP.Syn.Abst.823	3451	1512	373
SP.Syn.Abst.824	5252	4988	658
SP.Syn.Abst.825	3130	2464	831
SP.Syn.Abst.826	3219	3209	2524
SP.Syn.Abst.827	8055	3056	864
SP.Syn.Abst.828	2546	2459	1844
SP.Syn.Abst.829	5644	3943	1869
SP.Syn.Abst.830	2373	4024	784
SP.Syn.Abst.831	2706	4803	1105
SP.Syn.Abst.832	8728	4668	7066
SP.Syn.Abst.833	5070	4444	1219
SP.Syn.Abst.834	4437	11368	1418
SP.Syn.Abst.835	3465	9262	1235
SP.Syn.Abst.836	2372	1410	1565
SP.Syn.Abst.837	7133	3399	423
SP.Syn.Abst.838	4360	2265	806
SP.Syn.Abst.839	11397	3807	1507
SP.Syn.Abst.840	4225	6766	1284
SP.Syn.Abst.841	1975	4261	2118
SP.Syn.Abst.842	3755	2230	1424
SP.Syn.Abst.843	5078	11378	1672
SP.Syn.Abst.844	1189	5031	922
SP.Syn.Abst.845	2743	2819	159
SP.Syn.Abst.846	3224	3878	3454
SP.Syn.Abst.847	4414	6644	399
SP.Syn.Abst.848	3862	1865	645
SP.Syn.Abst.849	3626	3934	204
SP.Syn.Abst.850	1996	964	997
SP.Syn.Abst.851	1747	3381	1677
SP.Syn.Abst.852	5792	9448	1851
SP.Syn.Abst.853	4968	2785	607
SP.Syn.Abst.854	8016	1786	4889
SP.Syn.Abst.855	8315	5398	487
SP.Syn.Abst.856	4820	6144	356
SP.Syn.Abst.857	2334	5120	5017
SP.Syn.Abst.858	1376	2623	1324
SP.Syn.Abst.859	3242	2699	5167
SP.Syn.Abst.860	2424	4685	3810
SP.Syn.Abst.861	5234	4903	1590
SP.Syn.Abst.862	1570	3825	512
SP.Syn.Abst.863	440	4807	785
SP.Syn.Abst.864	316	3226	967
SP.Syn.Abst.865	2320	1450	1548
SP.Syn.Abst.866	5151	3005	645
SP.Syn.Abst.867	2034	5888	902
SP.Syn.Abst.868	4673	1850	832
SP.Syn.Abst.869	9071	3117	3108
SP.Syn.Abst.870	1681	1338	368
SP.Syn.Abst.871	8406	2598	1176
SP.Syn.Abst.872	2849	2434	876
SP.Syn.Abst.873	2645	2172	1112
SP.Syn.Abst.874	6422	3555	760
SP.Syn.Abst.875	5421	2052	845
SP.Syn.Abst.876	4710	3091	1488
SP.Syn.Abst.877	2049	2586	445
SP.Syn.Abst.878	12080	4325	1545
SP.Syn.Abst.879	6337	1460	2352
SP.Syn.Abst.880	2396	4971	2668
SP.Syn.Abst.881	2220	1668	1518
SP.Syn.Abst.882	1978	3935	2811
SP.Syn.Abst.883	12712	4786	1908
SP.Syn.Abst.884	5216	3246	1391
SP.Syn.Abst.885	3689	9117	1166
SP.Syn.Abst.886	11505	3262	2915
SP.Syn.Abst.887	3251	4275	720
SP.Syn.Abst.888	9648	3901	1641
SP.Syn.Abst.889	2613	2685	1372
SP.Syn.Abst.890	3021	3878	516
SP.Syn.Abst.891	10392	4364	1222
SP.Syn.Abst.892	2954	3021	751
SP.Syn.Abst.893	3040	6620	148
SP.Syn.Abst.894	1939	2031	321
SP.Syn.Abst.895	2524	2458	1036
SP.Syn.Abst.896	5722	6536	1107
SP.Syn.Abst.897	10377	5322	1083
SP.Syn.Abst.898	122	908	1546
SP.Syn.Abst.899	3211	5182	474
SP.Syn.Abst.900	4308	1358	827
SP.Syn.Abst.901	1513	2669	2190
SP.Syn.Abst.902	2768	3826	415
SP.Syn.Abst.903	4315	1893	2442
SP.Syn.Abst.904	2124	4974	2662
SP.Syn.Abst.905	2726	2817	735
SP.Syn.Abst.906	5774	10048	611
SP.Syn.Abst.907	2153	2712	1560
SP.Syn.Abst.908	3011	5650	2554
SP.Syn.Abst.909	6855	4423	574
SP.Syn.Abst.910	1893	4528	1473
SP.Syn.Abst.911	1572	3414	369
SP.Syn.Abst.912	12011	3575	6291
SP.Syn.Abst.913	621	6263	2976
SP.Syn.Abst.914	3806	3949	656
SP.Syn.Abst.915	2474	7107	958
SP.Syn.Abst.916	7716	5706	704
SP.Syn.Abst.917	1714	4025	821
SP.Syn.Abst.918	4020	3076	1523
SP.Syn.Abst.919	2297	6114	1798
SP.Syn.Abst.920	3505	2219	215
SP.Syn.Abst.921	7267	3221	1074
SP.Syn.Abst.922	4136	3262	2071
SP.Syn.Abst.923	4079	1990	3193
SP.Syn.Abst.924	497	5460	897
SP.Syn.Abst.925	2997	3883	548
SP.Syn.Abst.926	5687	6868	316
SP.Syn.Abst.927	7625	9067	907
SP.Syn.Abst.928	13124	6420	1347
SP.Syn.Abst.929	1917	2125	1199
SP.Syn.Abst.930	3195	13425	3800
SP.Syn.Abst.931	2383	1873	2198
SP.Syn.Abst.932	5665	5405	834
SP.Syn.Abst.933	5495	3888	829
SP.Syn.Abst.934	3295	9288	451
SP.Syn.Abst.935	2842	1691	1282
SP.Syn.Abst.936	11827	5547	1460
SP.Syn.Abst.937	3372	3115	672
SP.Syn.Abst.938	3350	3094	940
SP.Syn.Abst.939	2743	2852	1050
SP.Syn.Abst.940	4891	4053	1141
SP.Syn.Abst.941	6692	2365	1485
SP.Syn.Abst.942	294	3061	1087
SP.Syn.Abst.943	4524	2055	1285
SP.Syn.Abst.944	3571	3945	929
SP.Syn.Abst.945	2075	3515	1062
SP.Syn.Abst.946	1939	2248	1126
SP.Syn.Abst.947	1227	1422	1217
SP.Syn.Abst.948	11273	1930	2639
SP.Syn.Abst.949	292	2852	1870
SP.Syn.Abst.950	1281	3789	672
SP.Syn.Abst.951	2067	4843	1653
SP.Syn.Abst.952	5866	3645	1163
SP.Syn.Abst.953	7294	1669	1752
SP.Syn.Abst.954	3990	3328	220
SP.Syn.Abst.955	2928	4695	613
SP.Syn.Abst.956	5028	4434	2348
SP.Syn.Abst.957	3003	6532	2173
SP.Syn.Abst.958	2957	1449	1368
SP.Syn.Abst.959	5244	2860	2082
SP.Syn.Abst.960	2341	1631	639
SP.Syn.Abst.961	11504	4720	1913
SP.Syn.Abst.962	537	5773	942
SP.Syn.Abst.963	8943	1915	3186
SP.Syn.Abst.964	4427	11050	1833
SP.Syn.Abst.965	6905	7769	952
SP.Syn.Abst.966	6015	2327	556
SP.Syn.Abst.967	3877	8168	504
SP.Syn.Abst.968	2453	2615	1645
SP.Syn.Abst.969	4264	5087	1556
SP.Syn.Abst.970	2016	2833	3779
SP.Syn.Abst.971	6688	7195	2162
SP.Syn.Abst.972	222	2214	1002
SP.Syn.Abst.973	4080	5886	2585
SP.Syn.Abst.974	2943	2514	869
SP.Syn.Abst.975	2328	1784	1067
SP.Syn.Abst.976	2366	5665	3595
SP.Syn.Abst.977	5441	3847	611
SP.Syn.Abst.978	3650	2795	2021
SP.Syn.Abst.979	4408	9846	2032
SP.Syn.Abst.980	6113	3286	827
SP.Syn.Abst.981	3153	2864	2240
SP.Syn.Abst.982	6946	1763	842
SP.Syn.Abst.983	8207	3760	976
SP.Syn.Abst.984	4646	2771	1463
SP.Syn.Abst.985	7009	6217	750
SP.Syn.Abst.986	2773	5186	886
SP.Syn.Abst.987	6696	6082	1134
SP.Syn.Abst.988	5041	2991	1695
SP.Syn.Abst.989	3479	217	499
SP.Syn.Abst.990	6886	4227	1786
SP.Syn.Abst.991	3559	3801	1833
SP.Syn.Abst.992	2390	1846	956
SP.Syn.Abst.993	2252	4390	1837
SP.Syn.Abst.994	4671	4693	1333
SP.Syn.Abst.995	3264	3561	690
SP.Syn.Abst.996	4872	6044	1057
SP.Syn.Abst.997	3080	2645	1590
SP.Syn.Abst.998	2256	3827	1031
SP.Syn.Abst.999	2569	1569	3316
SP.Syn.Abst.1000	7256	2153	928
