Samples	SBSCUST1	SBSCUST2	SBSCUST3	SBSCUST4	SBSCUST5	SBSCUST6	SBSCUST7	SBSCUST8	SBSCUST9
PD37458	6577	0	0	0	0	0	0	0	0
PD37459	0	4473	0	0	0	0	0	0	0
PD37461	0	0	4282	0	0	0	0	0	0
PD37462	0	0	0	4500	0	0	0	0	0
PD37463	0	0	0	0	22080	0	0	0	0
PD37464	0	0	0	0	0	6692	0	0	0
PD37466	0	0	0	0	0	0	7871	0	0
PD37467	0	0	0	0	0	0	0	5301	0
PD37468	0	0	0	0	0	0	0	0	12865
PD37469	0	7815	0	0	848	0	0	0	0
PD37470	0	4918	0	0	0	0	0	4921	0
PD37472	0	0	4497	0	0	0	0	3076	0
PD37473	0	0	0	0	0	0	0	0	4916
PD37474	0	0	0	3985	0	0	0	0	0
PD37475	5892	0	0	0	0	0	0	0	0
PD37476	0	0	0	0	0	0	0	0	3392
PD37478	4237	0	0	0	0	0	0	0	0
PD37479	0	0	0	0	0	0	0	0	7936
PD37480	0	0	0	0	0	0	0	5695	0
PD37481	0	0	0	0	0	0	0	0	9183
PD37482	0	0	0	0	0	0	0	4345	0
PD37483	0	0	3626	0	0	0	0	2610	0
PD37484	0	0	0	0	14840	0	0	0	0
PD37485	0	0	0	2332	0	0	0	1432	0
PD37486	0	0	2287	0	0	0	0	1659	0
PD42572	0	0	0	0	4959	0	9171	0	0
PD42573	0	0	0	0	0	1682	0	3181	0
PD42574	0	0	0	0	0	0	2397	4145	0
PD42576	0	9473	0	0	2575	0	0	0	0
PD42578	0	0	0	0	0	0	0	6221	0
PD42580	0	0	3858	0	0	0	0	0	0
PD42585	8765	0	0	0	1573	0	0	0	0
PD42586	0	3019	0	0	0	0	0	0	0
PD42587	0	0	0	0	12611	0	0	0	0
PD42590	0	0	4628	0	0	0	1157	0	0
PD42591	0	0	0	0	45376	0	0	0	0
PD42592	0	0	0	0	0	0	1600	5315	0
PD42593	0	0	0	0	0	0	1043	3612	0
PD42595	0	0	0	0	0	0	0	0	5282
PD42596	0	0	0	0	0	0	0	0	2840
PD42671	6405	0	0	0	0	0	0	0	0
PD42672	5110	0	0	0	0	0	0	0	0
PD42673	0	0	0	0	0	0	0	0	6989
PD42674	0	0	0	0	0	2749	0	2016	0
PD42675	0	4337	0	0	0	0	0	0	0
PD42676	0	0	0	0	0	0	0	0	3962
PD42677	0	0	0	0	0	5906	0	0	0
PD42876	0	0	0	0	15976	0	0	0	0
PD42882	0	0	7025	0	0	0	1804	0	0
PD42884	0	6546	0	0	1990	0	0	0	0
PD42885	0	0	0	0	8324	0	0	0	0
PD42886	0	0	0	0	1044	0	0	7936	0
PD42887	0	0	0	0	15386	0	0	0	0
PD42890	11660	0	0	0	7928	0	0	0	0
PD42891	0	0	0	0	0	2407	0	5448	0
PD42893	0	0	0	0	0	1202	0	3581	0
PD42894	0	0	0	0	21504	0	0	0	0
PD42895	0	0	0	0	1896	0	0	0	6880
PD42896	0	0	0	0	2667	8990	0	0	0
PD42897	0	0	0	0	2338	0	9450	0	0
PD42898	0	0	0	0	33259	0	0	0	0
PD42899	0	0	0	0	26526	0	0	0	0
PD42900	0	0	0	0	773	0	0	14479	0
PD42901	3400	0	0	0	0	1728	0	0	0
PD42902	0	0	0	0	0	1772	0	2065	0
PD42903	0	0	0	0	821	6464	0	0	0
PD42904	0	0	0	2198	0	3102	0	0	0
PD42905	0	0	0	0	20142	0	0	0	0
PD42906	0	0	0	0	8539	0	0	0	0
PD46699	0	0	0	4413	0	0	0	3595	0
PD46700	0	0	0	0	0	0	0	3383	0
PD46701	0	3549	0	0	0	0	0	2010	0
PD46702	0	0	0	0	0	0	0	0	4885
PD46703	8171	0	0	0	0	0	0	0	0
PD46704	0	0	4363	0	0	0	0	0	0
PD46705	0	0	0	0	13124	0	0	0	0
PD46706	0	0	5591	0	0	0	0	0	1884
PD46707	4740	0	0	0	0	0	0	0	0
PD46708	0	0	0	5023	0	0	0	3238	0
PD46709	0	6580	0	0	0	0	0	0	0
PD46710	0	0	5796	0	0	0	0	0	0
PD46711	0	0	0	0	0	0	0	0	4767
PD46712	0	0	0	0	0	0	0	0	4861
PD46713	0	0	0	5107	0	0	0	3284	0
PD46714	0	0	0	0	0	0	0	0	6857
PD46716	0	0	0	0	0	0	0	0	6996
PD46717	0	0	0	0	0	0	0	0	7657
PD46718	0	0	0	0	0	0	0	2647	0
PD46719	3827	0	0	0	0	0	0	0	0
PD46720	0	0	0	0	0	0	0	7724	0
PD46721	0	0	0	0	0	0	0	4618	0
PD46722	0	0	4458	0	0	0	0	0	0
PD46723	5394	0	0	0	0	0	0	0	0
PD46724	0	0	0	0	0	0	0	2562	0
PD46725	3757	0	0	0	0	0	0	0	0
PD46726	0	0	0	3048	0	0	0	2385	0
PD46727	0	0	0	0	0	0	0	4547	0
PD46728	4937	0	0	0	0	0	0	0	0
PD46729	0	2361	0	0	0	0	0	2868	0
PD46730	0	0	0	0	0	0	0	2149	0
PD46731	0	0	3642	0	0	0	0	3520	0
PD46732	0	2454	0	0	0	0	0	2359	0
PD46733	0	0	0	0	0	0	0	4463	0
PD46734	0	0	0	0	0	2008	0	5154	0
PD46735	0	0	3050	0	0	0	0	0	0
PD46736	0	0	3357	0	0	0	0	2330	0
PD46737	0	0	0	0	0	0	0	3729	0
PD46738	0	0	3622	0	0	0	0	0	0
PD46739	0	0	0	2415	0	0	0	1951	0
PD46743	8257	0	0	0	0	0	0	0	0
PD46744	0	0	2522	0	0	0	0	1931	0
PD46745	0	0	0	3200	0	0	0	2119	0
PD46748	0	0	0	0	0	0	0	5258	2279
PD46749	0	0	8287	0	0	0	0	0	0
PD46750	0	0	0	0	0	0	0	3877	0
PD46752	0	0	0	0	0	0	0	4160	1730
PD46753	0	0	0	0	0	0	0	2376	0
PD46754	0	0	0	0	0	0	0	3153	1737
PD46755	0	0	2495	0	0	0	0	1880	0
PD46757	0	0	4367	0	0	0	0	0	0
PD46763	9103	0	0	0	0	0	0	0	0
PD46764	0	0	5640	0	0	0	0	0	0
PD46766	0	0	3037	0	0	0	0	0	0
PD46767	0	0	0	0	0	0	0	3327	0
PD46768	0	0	0	0	0	0	0	0	3398
PD46769	0	0	0	0	0	0	0	3106	1081
PD46770	0	2330	0	0	0	0	0	2672	0
PD46771	0	0	4131	3854	0	0	0	0	0
PD46772	0	8093	0	0	1284	0	0	0	0
PD46773	0	0	0	0	2445	6443	0	0	0
PD46774	0	0	0	0	14253	0	0	0	0
PD46775	0	0	0	0	18182	0	0	0	0
PD46776	0	0	0	0	2136	0	0	6428	0
PD46777	0	0	0	0	0	2484	0	4421	0
PD46779	0	0	0	0	0	0	0	1301	0
PD46781	0	0	0	0	0	0	0	2418	0
PD46783	0	0	0	0	0	0	0	6492	0
PD46784	0	0	0	0	0	0	0	2298	0
PD46785	4548	0	0	0	0	0	0	0	0
PD46786	0	0	0	0	0	0	0	5575	0
PD46787	0	0	5429	0	0	0	0	0	0
PD46789	0	0	0	0	0	0	0	0	6888
PD46790	0	0	0	0	0	0	0	5505	0
PD46791	0	0	0	0	0	0	0	6316	0
PD46793	0	2819	0	0	0	0	0	2689	0
PD46798	0	0	0	0	0	0	0	0	5661
PD46799	0	1995	0	0	0	0	0	0	0
PD46800	0	0	0	0	0	0	0	0	2779
PD46801	6940	0	0	0	0	0	0	0	0
PD46806	0	0	0	0	0	0	0	0	9498
PD46807	0	0	0	0	0	0	0	0	1924
PD46809	3188	0	0	0	0	0	0	0	0
PD46810	0	0	0	0	0	0	0	1777	0
PD46811	0	0	7108	0	0	0	0	0	0
PD46812	0	6714	0	0	0	0	0	0	0
PD46815	0	2805	0	0	0	0	0	2419	0
PD46817	0	0	0	0	0	0	0	4364	0
PD46819	0	0	0	2181	0	0	0	1339	0
PD46820	0	0	0	0	0	0	0	1849	0
PD46821	0	0	0	0	0	0	0	2373	0
PD46822	0	0	0	0	0	0	0	4336	0
PD46824	0	0	0	3112	0	0	0	2465	0
PD46826	4722	0	0	0	0	0	0	0	0
PD46827	6687	0	0	0	0	0	0	0	0
PD46828	0	0	4917	0	0	0	0	0	0
PD46829	0	0	0	3361	0	0	0	2237	0
PD46830	0	0	0	0	0	0	0	3321	1796
PD46831	8576	0	0	0	0	0	0	0	0
PD46832	0	0	0	0	0	0	0	0	8318
PD46833	0	0	3136	0	0	0	0	0	0
PD46834	0	0	0	0	0	0	0	4743	0
PD46835	0	1734	0	0	0	0	0	1869	0
PD46836	0	0	4464	0	0	0	0	0	0
PD46838	0	3101	0	0	0	0	0	0	0
PD46839	0	1583	0	0	0	0	0	0	0
PD46841	0	0	8406	0	0	0	0	0	0
PD46842	0	7340	0	0	0	0	0	0	0
PD46844	0	0	0	0	0	0	0	4829	0
PD46845	8040	0	0	0	0	0	0	0	0
PD46846	0	0	0	0	0	0	0	6603	0
PD46847	0	0	8335	0	0	0	0	0	0
PD46848	0	0	0	0	0	0	0	6316	0
PD46849	5803	0	0	0	0	0	0	0	0
PD46850	3457	0	0	0	0	0	0	0	0
PD46851	4300	0	0	0	0	0	0	0	0
PD46852	2189	3247	0	0	0	0	0	0	0
PD46853	0	0	2266	0	0	0	0	1929	0
PD46854	0	0	0	0	0	0	0	7586	0
PD46855	0	0	0	3737	0	0	0	3365	0
PD46856	0	0	0	0	0	0	0	4469	0
PD46857	0	0	0	2380	0	0	0	2034	0
PD46858	0	0	0	0	0	0	0	3119	0
PD46859	4814	0	0	0	0	0	0	0	0
PD46860	0	0	1968	1971	0	0	0	0	0
PD46861	0	0	0	0	0	0	1252	2101	0
PD46862	0	2631	0	0	0	2149	0	0	0
PD46863	0	0	0	0	0	1731	0	4226	0
PD46864	0	0	0	0	0	0	0	6176	0
PD46865	7803	0	0	0	0	0	0	0	0
PD46866	0	0	6710	0	0	0	0	0	0
PD46868	0	0	6784	0	0	0	0	0	0
PD46869	0	0	0	0	0	0	0	6710	0
PD46870	0	2170	0	0	0	0	0	1626	0
PD46871	0	0	5315	0	0	0	0	0	0
PD46872	2883	0	0	0	0	0	0	3457	0
PD46873	803	0	0	0	0	0	0	0	0
PD46874	3152	5049	0	0	0	0	0	0	0
PD46875	0	0	0	0	0	0	0	5021	0
PD46876	0	1379	1612	0	0	0	0	0	0
PD46877	0	0	0	0	0	0	0	2105	0
PD46878	0	0	0	0	0	0	0	3761	0
PD46879	0	0	0	0	0	0	0	5618	0
PD46882	0	0	0	1873	0	0	0	1920	0
PD46884	0	0	0	0	0	0	0	5608	0
PD46885	7903	0	0	0	0	0	0	0	0
PD46886	4840	0	0	0	0	0	0	0	0
PD46887	0	3603	4006	0	0	0	0	0	0
PD46888	3331	0	0	0	0	0	0	0	0
PD46889	0	0	0	0	0	0	0	5717	0
PD46891	0	0	0	0	0	0	0	4575	0
PD46892	0	7189	0	0	0	0	0	0	0
PD46901	5418	0	0	0	0	0	0	0	0
PD46902	0	0	2255	0	0	0	0	2156	0
PD46903	0	0	0	3887	0	0	0	2712	0
PD46904	0	0	0	0	0	1823	0	2085	0
PD46905	0	0	0	0	0	0	0	0	7974
PD46907	0	0	0	0	0	0	0	2361	0
PD46909	0	0	0	0	0	0	0	6557	0
PD46911	0	0	0	0	0	0	0	0	838
PD46912	0	2506	0	0	0	0	0	0	0
PD46913	0	0	4647	0	0	0	0	4912	0
PD46914	2849	0	0	0	0	0	0	0	0
PD46916	0	0	4815	0	0	0	0	0	0
PD46917	0	4736	0	0	0	0	0	0	0
PD46918	0	0	0	2195	0	0	0	1653	0
PD46919	2614	0	0	0	0	0	0	0	0
PD46920	0	0	0	0	0	0	0	2440	0
PD46922	0	2809	0	0	0	0	0	2568	0
PD46923	0	0	0	0	0	0	0	5246	0
PD46924	0	0	3112	0	0	0	0	2039	0
PD46925	0	0	0	0	0	0	0	3479	0
PD46926	0	0	0	0	0	0	0	4644	0
PD46928	0	7181	0	0	0	0	0	0	0
PD46929	0	0	0	0	0	0	0	4028	0
PD46930	0	0	0	0	0	0	0	8408	0
PD46931	3379	0	0	0	0	0	0	0	0
PD46933	0	0	0	0	0	0	0	3061	0
PD46934	0	0	5609	0	0	0	0	0	0
PD46935	0	0	0	0	0	0	0	4579	0
PD46936	0	2854	0	0	0	0	0	2207	0
PD46937	0	0	0	1970	0	0	0	0	0
PD46938	5179	0	0	0	0	0	0	0	0
PD46939	0	0	0	0	0	0	0	0	3765
PD46940	0	0	0	2648	0	0	0	2527	0
PD46941	0	0	0	2616	0	0	0	1848	0
PD46942	0	0	0	0	0	0	0	4524	0
PD46943	0	0	0	4981	0	0	0	3017	0
PD46947	4801	0	0	0	0	0	0	0	0
PD46948	0	0	0	0	0	0	0	4753	0
PD46949	0	3327	0	0	0	0	0	4176	0
PD46950	0	0	0	10958	0	0	0	0	0
PD46951	4872	0	0	0	0	0	0	0	0
PD46953	0	0	0	0	43229	0	0	0	0
PD46954	0	0	0	0	5347	0	0	0	0
PD46955	0	0	0	0	1805	8390	0	0	0
PD46956	0	0	0	0	19342	0	0	0	0
PD46957	0	0	0	0	15564	0	0	0	0
PD46958	0	0	0	0	11525	0	0	0	0
PD46959	0	6179	0	0	182	0	0	0	0
PD46960	0	0	7569	0	0	0	0	0	0
PD46961	0	0	4762	0	0	0	0	0	0
PD46962	6650	0	0	0	0	0	0	0	0
PD46963	9981	0	0	0	0	0	0	0	0
PD46964	0	0	4977	0	0	0	0	0	0
PD47583	0	0	2702	0	0	0	0	2127	0
PD47584	0	0	0	0	0	621	0	1642	0
PD47586	0	0	2621	0	0	0	0	0	0
PD47587	0	0	5236	0	0	0	0	0	0
PD47589	0	0	2614	0	0	0	0	1833	0
PD47590	0	0	0	0	3662	7415	0	0	0
PD47591	2447	4002	0	0	0	0	0	0	0
PD47592	0	0	66007	0	0	0	0	0	0
PD47593	0	0	5755	0	2612	0	0	0	0
PD47596	0	0	0	0	0	0	3399	0	6527
PD47597	0	0	0	0	0	6591	0	0	0
PD47598	0	0	0	0	0	0	0	6230	0
PD47599	0	0	5122	0	0	0	0	0	0
PD47600	0	0	0	0	0	0	0	0	5707
PD47601	0	0	0	0	0	0	0	3586	0
PD47605	0	0	0	2327	0	0	0	2454	0
PD47606	0	0	6554	0	0	0	0	0	0
PD48850	6705	0	0	0	0	0	0	0	0
PD48851	0	0	7433	0	0	0	0	0	0
PD48852	0	0	0	0	0	0	0	6859	0
PD48855	0	0	12833	0	0	0	0	0	0
PD48858	0	3817	0	0	0	0	0	2613	0
PD48859	0	2492	2539	0	0	0	0	0	0
PD48861	0	0	8159	0	0	0	0	0	0
PD48864	0	0	2173	0	0	0	0	1638	0
PD48865	0	0	0	0	0	0	0	3434	0
PD48866	0	0	0	0	0	0	0	7116	0
PD48867	0	1825	0	0	0	0	0	2066	0
PD48868	0	0	3296	0	0	0	0	0	0
PD48869	0	0	0	5704	0	0	0	4395	0
PD48871	0	0	0	0	0	0	0	0	3154
PD48872	0	0	0	0	0	0	0	0	3579
PD48873	0	0	0	0	0	0	0	3135	0
PD48875	0	0	0	0	0	0	0	0	9691
PD48877	0	3894	0	0	0	0	0	2350	0
PD48878	0	0	0	0	0	0	0	0	2421
PD48879	0	0	0	0	0	0	1017	2026	0
PD48881	0	0	0	0	0	0	2018	4762	0
PD48882	0	7146	0	0	1658	0	0	0	0
PD48884	0	0	0	0	833	0	0	5923	0
PD48885	0	2615	0	0	0	0	0	0	0
PD48886	0	0	2236	0	0	0	0	0	0
PD48887	0	0	0	0	27982	0	0	0	0
PD48890	0	0	0	0	0	10425	0	0	0
PD48898	0	0	0	0	0	0	0	5715	0
PD48899	0	0	0	0	0	0	0	3795	0
PD48902	0	7693	0	0	911	0	0	0	0
PD48904	0	0	0	0	0	0	0	0	2465
PD48906	0	0	2980	0	0	0	0	2343	0
PD48907	0	0	3981	0	0	0	0	0	0
PD48909	0	0	4252	0	0	0	0	0	0
PD48911	0	0	0	5504	0	0	0	3661	0
PD48913	0	1946	0	0	0	0	0	2386	0
PD48914	0	0	0	0	0	0	0	4716	0
PD48915	0	0	5515	0	0	0	0	0	0
PD48916	0	2239	0	0	0	0	0	2046	0
PD48919	0	0	0	0	0	0	0	2204	0
PD48920	7144	0	0	0	0	0	0	0	0
PD48922	0	0	0	0	0	0	0	0	5214
PD48924	3237	0	0	0	0	0	0	0	0
PD48929	0	0	0	0	0	0	0	4839	0
PD48931	0	0	7494	0	0	0	0	0	0
PD48932	0	0	0	0	0	0	0	6282	0
PD48933	0	0	0	0	0	0	0	6738	0
PD48934	0	0	0	0	0	0	0	4009	0
PD48935	2077	0	0	0	0	0	0	2478	0
PD48936	0	0	4355	0	0	0	0	0	0
PD48937	0	0	0	0	0	0	0	4197	0
PD48939	5519	0	0	0	0	0	0	0	0
PD48940	0	0	0	0	0	0	0	4876	0
PD48942	0	0	0	0	0	0	0	0	12853
PD48943	0	0	0	0	0	0	0	6277	0
PD48944	0	0	0	0	0	0	0	2927	0
PD48945	0	0	0	0	0	0	0	4754	0
PD48946	0	0	3257	0	0	0	0	0	0
PD48948	0	0	0	0	0	0	0	6231	0
PD48949	0	0	0	0	0	0	0	5371	0
PD48950	0	0	3146	0	0	0	0	2393	0
PD50083	0	0	6086	0	0	0	0	0	0
PD50084	0	0	3538	0	0	0	0	0	0
PD50085	0	5317	0	0	0	0	0	0	0
PD50086	0	0	3315	2389	0	0	0	0	0
PD50087	5119	0	0	0	0	0	0	0	0
PD50089	0	0	0	0	12603	0	0	0	0
PD50090	0	0	0	0	480	0	0	3956	0
PD50092	0	0	1951	0	0	0	0	1445	0
PD50094	0	0	0	0	0	2583	0	0	0
PD50095	0	3345	0	0	0	0	549	0	0
PD50096	0	0	0	0	0	0	0	2735	0
PD50097	0	0	0	0	0	0	1152	3825	0
PD50099	0	0	0	0	496	0	0	4331	0
PD50100	0	0	0	0	0	0	0	0	6745
PD50101	0	6014	0	0	412	0	0	0	0
PD50102	0	0	0	0	0	0	0	0	4383
PD50103	0	0	0	0	0	0	0	0	2685
PD50105	0	0	4122	0	0	0	0	3630	0
PD50107	0	0	5677	0	0	0	0	0	0
PD50110	0	5971	0	0	0	0	0	0	0
PD50111	0	0	0	0	0	0	0	4522	2169
PD50114	0	0	0	0	0	0	0	4966	0
PD50115	0	0	6531	0	0	0	0	0	0
PD50116	0	0	0	8837	0	0	0	0	0
PD50119	8827	0	0	0	0	0	0	0	0
PD50120	0	2788	0	0	0	0	0	3429	0
PD50122	0	0	6003	0	0	0	0	0	0
PD50123	0	0	0	0	0	0	0	6542	0
PD50124	0	0	0	0	0	0	0	3846	0
PD50127	0	3870	0	0	0	0	0	0	0
PD50129	0	0	0	0	0	0	0	6352	0
PD50131	0	0	0	0	0	0	0	4488	0
PD50132	7346	0	0	0	0	0	0	0	0
PD50135	0	0	0	0	0	0	0	5031	0
PD50137	1817	0	0	0	0	0	0	0	0
PD50138	5793	0	0	0	0	0	0	0	0
PD50139	5357	0	0	0	0	0	0	0	0
PD50140	0	0	2754	0	0	0	0	2339	0
PD50143	0	0	0	0	0	0	0	1218	0
PD50146	4310	0	0	0	0	0	0	0	0
PD50147	0	0	0	0	11527	0	0	0	0
PD50148	0	0	0	0	0	0	0	4561	0
PD50151	0	5100	0	0	0	0	0	0	0
PD50153	0	4981	0	0	795	0	0	0	0
PD50154	0	0	0	0	0	0	0	2422	0
PD50157	0	0	3353	0	0	0	0	0	0
PD50160	0	0	0	0	0	0	0	2896	0
PD50161	0	0	0	0	0	0	0	4731	0
PD50162	0	0	0	0	0	0	0	6714	0
PD50163	0	0	0	0	0	0	0	6920	0
PD50164	0	0	0	0	0	0	0	0	4782
PD50165	0	0	0	0	0	0	0	5404	0
PD50166	0	0	0	0	0	0	0	4378	0
PD50167	0	0	0	0	0	0	1680	5292	0
PD50168	0	0	8125	0	0	0	0	0	0
PD50169	0	0	3417	0	0	0	0	0	0
PD50170	0	0	0	0	0	0	0	4380	0
PD50171	4380	0	0	0	0	0	0	0	0
PD50172	0	0	0	0	0	0	0	2434	0
PD50173	0	7015	0	0	0	0	0	0	0
PD50175	0	0	0	0	0	0	0	0	6174
PD50177	0	0	0	0	0	0	0	2883	0
PD50181	0	0	6132	0	0	0	0	0	0
PD50183	0	0	0	0	0	0	0	0	5728
PD50184	0	0	0	0	0	0	0	3384	0
PD50187	0	0	0	0	0	0	0	4564	0
PD50188	0	3442	0	0	0	0	0	3027	0
PD50190	0	0	0	0	0	0	0	0	9155
PD50191	0	0	0	0	0	0	0	3917	0
PD50194	0	0	2704	0	0	0	0	0	0
PD50196	0	0	0	0	0	0	0	0	4642
PD50197	0	0	0	0	0	0	0	2701	0
PD50199	0	0	0	0	0	0	0	3115	0
PD50200	0	0	0	0	0	0	0	4320	1983
PD50201	0	0	0	0	0	0	0	2935	0
PD50202	0	0	1733	0	0	0	0	0	0
PD50203	0	0	0	0	0	0	0	2598	0
PD50207	0	0	0	0	0	0	0	4603	0
PD50209	0	0	0	0	0	0	0	2420	0
PD50210	0	0	0	0	0	0	0	1981	0
PD50212	0	0	0	0	0	0	0	2319	0
PD50213	0	0	5085	0	0	0	0	0	0
PD50214	0	0	3423	0	0	0	0	0	0
PD50215	4012	0	0	0	0	0	0	0	0
PD50216	3091	0	0	0	0	0	0	0	0
PD50217	0	0	0	0	0	0	0	6780	0
PD50219	0	0	4553	0	0	0	0	0	0
PD50221	0	0	0	0	0	0	0	1672	0
PD50325	0	0	3252	0	0	0	0	3039	0
PD50326	0	0	0	1771	0	0	0	0	0
PD50327	7340	0	0	0	0	0	0	0	0
PD50329	0	0	2025	0	0	0	0	0	0
PD50334	0	0	2960	2946	0	0	0	0	0
PD50335	0	0	0	0	0	0	0	6554	0
PD50337	0	0	0	0	0	0	0	0	2735
PD50339	0	0	3754	0	0	0	0	0	1354
PD50340	0	0	4737	0	0	0	0	0	0
PD50341	0	0	3649	0	0	0	0	0	0
PD50342	3344	0	0	0	0	0	0	0	0
PD50343	0	2603	0	0	0	0	0	2024	0
PD50344	0	0	0	3652	0	0	0	3193	0
PD50345	0	0	0	0	0	0	0	5185	0
PD50346	0	0	0	0	0	0	0	3988	0
PD50347	0	3600	0	0	0	0	0	1936	0
PD50350	0	2744	0	0	0	0	0	1771	0
PD50351	0	0	5495	0	0	0	0	0	0
PD50354	0	0	3351	0	0	0	0	0	0
PD50357	0	0	5257	0	362	0	0	0	0
PD50360	0	0	0	0	0	0	0	5435	0
PD50387	0	2997	0	0	0	0	0	3555	0
PD50388	0	0	0	1713	0	0	0	1817	0
PD50389	0	0	4015	0	0	0	0	3331	0
PD50393	0	0	6344	0	0	0	0	0	0
PD50394	0	0	0	0	0	0	0	3839	0
PD50397	0	0	4338	0	0	0	0	0	0
PD50401	0	0	0	0	0	0	0	3664	0
PD50403	0	0	0	0	0	0	0	14243	0
PD50404	0	0	0	2308	0	0	0	2260	0
PD50405	3699	0	0	0	0	0	0	0	0
PD50406	0	0	4889	0	0	0	0	0	0
PD50408	0	0	0	0	0	0	0	5514	0
PD50409	0	0	0	0	0	0	0	0	6773
PD50411	0	0	0	2637	0	0	0	2193	0
PD50412	6620	0	0	0	0	0	0	0	0
PD50413	0	0	0	0	0	0	0	5585	0
PD50415	0	0	5480	0	0	0	0	0	0
PD50418	0	0	0	0	0	0	0	4774	0
PD50420	0	0	0	13896	0	0	0	0	0
PD50421	0	0	0	6351	0	0	0	0	0
PD50422	0	0	5990	0	0	0	0	0	0
PD50425	0	0	6665	0	0	0	0	0	0
PD50428	0	0	0	0	0	0	0	0	3226
PD50429	0	0	6310	0	0	0	0	0	0
PD50430	0	2184	0	0	0	0	0	1950	0
PD50431	0	0	0	0	0	0	0	4283	0
PD50432	0	0	0	0	0	0	0	2542	0
PD50433	0	0	0	0	0	0	0	2221	0
PD50434	0	0	0	0	0	0	0	2949	0
PD50438	0	0	7321	0	0	0	0	0	0
PD50440	0	0	0	0	0	0	0	4966	0
PD50441	0	0	0	0	0	0	0	18219	0
PD50442	0	4454	0	0	0	0	0	2453	0
PD50443	0	0	0	0	0	0	0	5948	0
PD50444	6890	0	0	0	0	0	0	0	0
PD50449	0	4694	0	0	0	0	0	0	0
PD50450	0	0	0	0	0	0	0	3129	0
PD50453	0	0	7203	0	0	0	0	0	0
PD50454	0	0	0	0	0	0	0	2669	0
PD50455	3311	0	0	0	0	0	0	0	0
PD50456	0	0	0	0	0	0	0	3443	0
PD50457	0	0	0	0	0	0	0	5204	0
PD50458	0	0	0	0	0	0	0	2631	0
PD50459	6379	0	0	0	0	0	0	0	0
PD50460	0	0	0	0	0	0	0	3532	0
PD50461	0	0	0	0	0	0	0	2648	0
PD50462	0	0	0	0	0	0	0	0	6853
PD50603	0	0	5917	0	0	0	0	0	2203
PD50604	3007	0	0	0	0	0	0	0	0
PD50605	0	0	4456	0	0	0	0	0	0
PD50606	0	0	5827	0	541	0	0	0	0
PD50607	0	0	0	0	0	0	0	3841	0
PD50610	0	0	0	0	0	0	0	2759	0
PD50612	0	0	7145	0	0	0	0	0	0
PD50613	0	0	0	0	0	0	0	3676	0
PD50614	0	0	0	0	0	0	0	2918	0
PD50616	0	0	0	0	0	0	0	4654	0
PD50618	0	0	0	0	0	0	0	4283	0
PD50619	4736	0	0	0	0	0	0	0	0
PD50620	0	0	6545	0	0	0	0	0	0
PD50621	0	0	7371	0	0	0	0	0	0
PD50622	0	0	0	0	0	0	0	6678	0
PD50625	0	0	4862	0	0	0	0	0	0
PD50627	0	2550	0	0	0	0	0	1897	0
PD50629	0	5344	0	0	0	0	0	0	0
PD50630	0	0	0	4117	0	0	0	3513	0
PD50632	0	0	5341	0	0	0	0	0	0
PD50634	0	0	0	0	0	0	0	3500	0
PD50637	0	0	0	3642	0	0	0	1928	0
PD50638	0	0	0	0	0	0	0	0	7775
PD51175	0	0	0	2660	0	0	0	1858	0
PD51176	0	0	0	0	0	0	0	3660	0
PD51177	0	0	3974	0	0	0	0	2982	0
PD51178	0	0	8883	0	0	0	0	0	0
PD51179	0	2365	0	0	0	0	0	2203	0
PD51180	0	2314	0	0	0	0	0	1524	0
PD51181	0	0	5784	0	0	0	0	0	0
PD51182	0	0	0	0	0	0	0	2923	0
PD51183	0	0	0	0	0	0	0	0	3149
PD51184	0	0	7632	0	0	0	0	0	0
PD51185	0	0	0	0	0	0	0	4749	0
PD51186	0	2155	0	0	0	0	0	2116	0
PD51187	0	0	9020	0	0	0	0	0	0
PD51188	0	0	7083	0	0	0	0	0	0
PD51189	0	0	0	0	0	0	0	5113	0
PD51190	0	0	0	0	0	0	0	2663	0
PD51191	0	0	0	0	0	0	0	5613	0
PD51192	0	0	5936	0	0	0	0	0	0
PD51194	0	0	0	0	0	0	0	5277	0
PD51195	0	0	0	0	0	0	0	6769	0
PD51196	0	0	0	2197	0	0	0	2522	0
PD51197	0	3585	0	0	0	0	0	0	0
PD51198	0	0	0	0	0	0	0	3569	0
PD51199	0	0	4150	0	0	0	0	3168	0
PD51205	0	0	0	0	0	0	0	4380	0
PD51206	0	0	0	0	0	0	0	5009	0
PD51207	0	0	0	4479	0	0	0	3005	0
PD51209	0	0	0	0	0	0	0	9526	0
PD51210	6811	0	0	0	0	0	0	0	0
PD51211	0	3226	0	0	0	0	0	2687	0
PD51213	0	0	9008	0	0	0	0	0	0
PD51214	0	0	5191	0	0	0	0	0	0
PD51215	7306	0	0	0	0	0	0	0	0
PD51216	0	0	3313	0	0	0	0	0	0
PD51217	6380	0	0	0	0	0	0	0	0
PD51218	3813	0	0	0	0	0	0	0	0
PD51219	0	0	0	0	0	0	0	0	8801
PD51220	1909	0	0	0	0	0	0	2261	0
PD51221	0	0	0	0	0	0	0	5832	0
PD51222	0	0	0	2050	0	0	0	1489	0
PD51223	0	0	0	0	0	0	0	3786	0
PD51224	0	0	0	0	0	0	0	3821	0
PD51225	2898	0	3481	0	0	0	0	0	0
PD51226	0	0	3325	0	0	0	0	0	0
PD51227	0	0	0	0	0	0	0	3272	0
PD51228	0	0	7009	0	0	0	0	0	0
PD51229	0	0	0	0	0	0	0	3890	0
PD51231	0	0	0	0	0	0	0	7799	0
PD51232	0	0	3348	0	0	0	0	0	0
PD51233	0	2867	0	0	0	0	0	3043	0
PD51234	6925	0	0	0	0	0	0	0	0
PD51235	0	0	0	3178	0	0	0	2981	0
PD51236	0	0	0	0	0	0	0	2918	0
PD51237	0	0	0	0	0	0	0	4567	0
PD51238	0	0	2831	0	0	0	0	2434	0
PD51239	0	0	0	0	0	0	0	5054	0
PD51240	0	0	0	0	0	0	0	0	4672
PD51241	3184	0	0	0	0	0	0	0	0
PD51242	0	0	0	4135	0	0	0	2822	0
PD51243	4379	0	0	0	0	0	0	0	0
PD51244	4255	0	0	0	0	0	0	0	0
PD51245	0	0	0	0	0	0	0	2360	0
PD51246	0	0	5896	0	0	0	0	0	0
PD51247	0	0	0	0	0	0	0	0	5557
PD51248	0	0	0	0	0	0	0	3791	0
PD51250	0	2283	0	0	0	0	0	2789	0
PD51251	4125	0	0	0	0	0	0	0	0
PD51252	6805	0	0	0	0	0	0	0	0
PD51253	0	0	4893	0	0	0	0	0	0
PD51254	0	0	0	0	0	0	0	5149	0
PD51255	0	0	7448	0	0	0	0	0	0
PD51256	0	0	0	0	0	0	0	4198	0
PD51258	2892	0	0	0	0	0	0	0	0
PD51259	0	0	0	3093	0	0	0	0	0
PD51260	2993	0	0	0	0	0	0	0	0
PD51261	0	0	0	0	0	0	0	0	3719
PD51262	4273	0	0	0	0	0	0	0	0
PD51263	0	0	1860	0	0	0	0	0	0
PD51264	0	0	0	0	0	0	0	4899	0
PD51265	0	4014	0	0	0	0	0	2076	0
PD51266	0	0	0	0	0	0	0	3041	0
PD51267	0	6582	0	0	0	0	0	0	0
PD51268	0	0	0	0	0	0	0	4064	0
PD51269	0	0	2745	0	0	0	1812	0	0
PD51270	0	0	0	0	0	0	0	0	7320
PD51271	0	0	0	0	0	0	0	4461	0
PD51273	6312	0	0	0	0	0	0	0	0
PD51274	0	1892	0	0	0	0	0	1348	0
PD51275	0	0	0	4420	0	0	0	4445	0
PD51276	0	0	0	0	0	0	0	0	1666
PD51277	0	0	0	0	0	0	0	4032	0
PD51278	0	0	0	0	0	0	0	4277	0
PD51279	0	2241	0	0	0	0	0	2556	0
PD51280	3985	0	0	0	0	0	0	0	0
PD51281	0	2052	0	0	0	0	0	0	0
PD51282	0	0	5926	0	0	0	0	0	0
PD51284	0	0	4603	0	0	0	0	0	0
PD51285	0	0	0	0	0	0	0	4676	0
PD51286	0	0	0	0	0	0	0	0	6349
PD51287	0	0	0	7276	0	0	0	0	0
PD51288	0	0	5067	0	0	0	0	0	0
PD51289	0	0	0	0	0	1622	0	3571	0
PD51290	2213	0	0	0	0	0	0	0	0
PD51291	0	0	2366	0	0	0	0	1758	0
PD51292	0	0	5835	0	0	0	0	0	0
PD51293	0	0	0	0	0	0	0	2868	0
PD51294	0	0	0	0	0	0	0	3352	0
PD51295	10111	0	0	0	0	0	0	0	0
PD51296	0	0	0	0	0	0	0	3586	0
PD51297	0	0	0	0	0	0	0	6021	0
PD51298	7076	0	0	0	0	0	0	0	0
PD51300	0	0	0	0	0	0	0	0	3994
PD51301	0	0	0	0	0	0	0	4851	0
PD51302	0	0	4263	0	0	0	0	0	0
PD51303	0	0	0	3315	0	0	0	1949	0
PD51304	0	5885	0	0	0	0	0	0	0
PD51305	5802	0	0	0	0	0	0	0	0
PD51307	0	0	0	0	0	0	0	4141	1829
PD51309	0	0	9089	0	0	0	0	0	0
PD51312	0	2124	0	0	0	0	0	2334	0
PD51314	0	0	0	0	0	0	0	6814	0
PD51316	8926	0	0	0	0	0	0	0	0
PD51318	5182	0	0	0	0	0	0	0	0
PD51319	0	0	0	0	0	0	0	1898	0
PD51320	0	0	0	7263	0	0	0	0	0
PD51321	0	4326	0	0	0	0	0	2590	0
PD51322	7088	0	0	0	0	0	0	0	0
PD51323	6299	0	0	0	0	0	0	0	0
PD51324	0	0	6563	0	0	0	0	0	0
PD51381	0	0	0	0	0	2542	0	4159	0
PD51382	0	0	0	0	0	0	0	2224	0
PD51385	0	0	0	0	1764	0	7594	0	0
PD51386	4718	0	0	0	0	0	0	0	0
PD51387	0	0	0	0	0	0	0	2742	0
PD51389	8937	0	0	0	0	0	0	0	0
PD51390	0	2965	3448	0	0	0	0	0	0
PD51391	0	0	0	0	0	0	0	0	5222
PD51393	0	0	0	0	0	0	0	1878	0
PD51396	0	0	0	0	0	0	0	0	6322
PD51398	0	0	0	0	0	0	0	7008	0
PD51399	0	0	0	0	0	0	0	5604	0
PD51400	0	0	4316	0	0	0	0	0	0
PD51401	0	0	0	0	0	0	0	9566	0
PD51402	0	0	0	0	0	0	0	0	3823
PD51404	0	0	3192	0	0	0	0	2986	0
PD51405	0	0	2217	0	0	0	0	0	0
PD51406	0	0	0	0	0	0	0	5017	0
PD51407	0	0	5558	0	0	0	0	0	0
PD51409	6832	0	0	0	0	0	0	0	0
PD51410	0	0	0	2121	0	0	0	1673	0
PD51411	0	0	1702	0	0	0	0	0	0
PD51412	0	0	0	2346	0	0	0	1876	0
PD51413	0	0	5670	0	0	0	0	0	0
PD51414	0	0	5205	0	0	0	0	0	0
PD51416	0	0	3102	0	0	0	0	3104	0
PD51417	4199	0	0	0	0	0	0	0	0
PD51418	0	6883	0	0	0	0	0	0	0
PD51422	0	0	0	6191	0	0	0	0	0
PD51423	0	0	0	0	0	0	0	0	5022
PD51424	1930	3332	0	0	0	0	0	0	0
PD51425	0	2629	0	0	0	0	0	2458	0
PD51426	0	0	4490	0	0	0	0	0	0
PD51427	0	0	0	0	0	0	0	4313	0
PD51508	9945	0	0	0	0	0	0	0	0
PD51509	5976	0	0	0	0	0	0	0	0
PD51510	5646	0	0	0	0	0	0	0	0
PD51511	0	0	3579	0	0	0	0	2850	0
PD51512	0	0	5172	0	0	0	0	0	0
PD51513	6006	0	0	0	0	0	0	0	0
PD51514	6405	0	0	0	0	0	0	0	0
PD51515	0	0	1966	0	0	0	0	1624	0
PD51516	0	0	5445	0	0	0	0	0	0
PD51517	0	0	3284	0	0	0	0	2218	0
PD51518	6395	0	0	0	0	0	0	0	0
PD51519	0	0	0	0	0	0	0	0	6963
PD51521	0	0	4958	0	0	0	0	0	0
PD51522	0	0	0	0	0	0	0	7417	0
PD51523	0	0	0	0	0	0	0	3185	0
PD51524	0	0	0	0	0	0	0	0	6247
PD51525	0	0	8814	0	0	0	0	0	0
PD51526	0	0	3783	0	0	0	0	0	0
PD51527	0	4279	0	0	0	0	0	3024	0
PD51528	0	0	3997	0	0	0	0	2984	0
PD51529	0	0	0	0	0	0	0	0	8807
PD51530	3359	0	0	0	0	0	0	0	0
PD51531	5640	0	0	0	0	0	0	0	0
PD51532	0	0	0	10291	0	0	0	0	0
PD51533	0	0	0	0	0	0	0	3189	1214
PD51534	0	0	0	3093	0	0	0	2056	0
PD51535	0	1926	0	0	0	0	0	0	0
PD51536	0	0	0	0	14922	0	0	0	0
PD51537	0	0	0	0	35288	0	0	0	0
PD51538	0	6549	0	0	1263	0	0	0	0
PD51539	0	0	0	0	3578	0	8241	0	0
PD51540	0	0	0	0	18832	0	0	0	0
PD51541	0	0	0	0	0	2253	0	2676	0
PD51542	0	0	0	0	19082	0	0	0	0
PD51543	0	0	0	0	566	0	0	5697	0
PD51544	0	0	0	0	18511	0	0	0	0
PD51545	0	0	0	0	2123	0	0	0	5700
PD51546	0	0	0	0	26725	0	0	0	0
PD51549	0	0	0	0	27613	0	0	0	0
PD51550	0	0	0	0	0	0	0	3283	0
PD51551	0	0	8843	0	0	0	0	0	0
PD51552	0	0	5561	0	0	0	0	0	0
PD51553	3738	0	0	0	0	0	0	0	0
PD51554	0	0	2562	0	0	0	0	2019	0
PD51555	0	0	0	0	0	0	0	0	2441
PD51556	0	3520	0	0	0	0	0	0	0
PD51557	0	0	0	0	0	0	0	4831	0
PD51558	0	0	6426	0	0	0	0	0	0
PD51559	0	0	4978	0	0	0	0	0	0
PD51560	0	0	3726	0	0	0	0	0	0
PD51561	0	0	3824	0	0	0	0	2867	0
PD51562	6844	0	0	0	0	0	0	0	0
PD51563	0	0	0	0	0	0	0	4642	0
PD51564	0	0	0	2492	0	0	0	1593	0
PD51565	0	0	0	0	0	0	0	0	2506
PD51566	8630	0	0	0	0	0	0	0	0
PD51567	5897	0	0	0	0	0	0	0	0
PD51568	0	0	2988	0	0	0	0	0	0
PD51569	0	0	0	0	0	0	0	0	2564
PD51570	0	0	3763	0	0	0	0	2448	0
PD51571	0	0	1947	0	0	0	0	0	0
PD51572	9073	0	0	0	0	0	0	0	0
PD51573	0	0	0	0	0	0	0	27093	0
PD51574	0	0	2193	0	0	0	0	1827	0
PD51575	0	0	0	0	0	0	0	3100	1600
PD51576	0	0	4009	0	0	0	0	2757	0
PD51577	0	0	0	5767	0	0	0	0	0
PD51578	6598	0	0	0	0	0	0	0	0
PD51579	0	0	4399	0	0	0	0	3409	0
PD51580	0	0	0	4256	0	0	0	2941	0
PD51581	0	0	4881	0	0	0	0	0	0
PD51582	0	3054	0	0	0	0	0	1877	0
PD51583	0	0	2315	0	0	0	0	1728	0
PD51584	2945	0	0	0	0	0	0	0	0
PD51585	0	0	1924	0	0	0	0	0	0
PD51586	0	0	1792	0	0	0	0	0	0
PD51587	0	0	0	0	0	0	0	4903	0
PD51588	0	0	0	0	0	0	0	4292	0
PD51589	0	4396	0	0	0	0	0	3031	0
PD51590	0	0	3325	0	0	0	0	0	0
PD51591	0	0	0	1652	0	0	0	1695	0
PD51593	0	0	0	0	0	0	0	8121	0
PD51594	0	0	0	0	0	0	0	4370	0
PD51595	0	0	8243	0	0	0	0	0	0
PD51596	0	0	5988	0	0	0	0	0	0
PD51597	5805	0	0	0	0	0	0	0	0
PD51598	0	4402	0	0	0	0	0	0	0
PD51599	0	0	3904	0	0	0	0	3066	0
PD51600	3158	0	0	0	0	0	0	0	0
PD51601	0	0	0	0	0	0	0	2697	0
PD51637	0	0	0	0	0	0	0	3663	0
PD51638	0	0	0	0	0	0	1764	3143	0
PD51639	0	0	0	0	0	0	0	3292	0
PD51640	0	0	0	0	0	0	0	0	6549
PD51642	4479	0	0	0	0	0	0	0	0
PD51643	0	0	0	0	0	0	0	0	5339
PD51644	5578	0	0	0	0	0	0	0	0
PD51645	0	0	4319	0	0	0	0	0	0
PD51646	0	0	0	0	0	0	0	3466	0
PD51648	0	0	0	0	0	0	0	3335	0
PD51649	0	6874	0	0	0	0	0	0	0
PD51650	0	0	2421	0	0	0	0	2119	0
PD51651	0	0	4118	0	0	0	0	0	0
PD51652	0	0	0	0	0	0	0	3950	0
PD51653	0	4155	0	0	289	0	0	0	0
PD51654	0	0	0	3024	0	0	0	3200	0
PD51655	3924	0	0	0	0	0	0	0	0
PD51656	0	3283	0	0	0	0	0	3394	0
PD51657	0	0	0	0	0	0	0	3576	0
PD51658	0	0	0	1553	0	0	0	0	0
PD51659	0	0	3057	0	0	0	0	2263	0
PD51660	0	1930	2214	0	0	0	0	0	0
PD51661	0	0	0	0	0	0	0	3319	0
PD51662	0	0	4651	0	0	0	0	0	0
PD51663	5052	0	0	0	0	0	0	0	0
PD51664	0	0	3535	0	0	0	0	0	0
PD51665	0	0	2360	0	0	0	0	0	0
PD51666	0	2224	0	0	0	0	0	1773	0
PD51667	0	0	0	0	0	0	0	3595	0
PD51668	0	0	7919	0	0	0	0	0	0
PD51669	0	1223	0	0	0	0	0	1148	0
PD51670	0	0	0	0	0	0	0	3112	0
PD51671	0	4082	0	0	0	0	0	0	0
PD51672	0	0	0	1793	0	0	0	1766	0
PD51673	0	0	3762	0	0	0	0	0	0
PD51675	0	0	0	0	0	0	0	3738	0
PD51676	0	3940	0	0	0	0	0	2205	0
PD51677	0	0	5233	0	0	0	0	0	0
PD51678	0	0	0	0	0	0	0	3134	0
PD51679	0	0	0	0	0	0	0	4838	0
PD51680	0	0	0	0	0	0	0	3764	0
PD51681	0	0	0	0	0	0	0	3120	0
PD51682	0	5447	0	0	0	0	0	2591	0
PD51683	5312	0	0	0	0	0	0	0	0
PD51684	0	0	0	0	0	0	0	4590	0
PD51685	0	0	4365	0	0	0	0	0	0
PD51687	0	0	0	0	5533	0	0	0	0
PD51688	0	2711	0	0	0	0	0	2475	0
PD51689	0	2500	0	0	0	0	0	1830	0
PD51691	0	3261	0	0	0	0	0	3799	0
PD51693	0	2828	3235	0	0	0	0	0	0
PD51694	0	0	4989	0	0	0	0	0	0
PD51695	0	0	6080	0	0	0	0	0	0
PD51696	0	4516	0	0	0	0	0	0	0
PD51697	0	2668	0	0	0	0	0	2836	0
PD51698	0	0	4085	0	0	0	0	0	0
PD51699	0	0	3628	0	0	0	0	0	0
PD51700	0	0	0	3046	0	0	0	1948	0
PD51701	0	4432	0	0	0	0	0	2610	0
PD51702	6776	0	0	0	0	0	0	0	0
PD51703	0	0	0	0	0	0	0	0	2915
PD51704	0	2927	0	0	0	0	0	2127	0
PD51705	0	0	5776	0	0	0	0	0	0
PD51706	0	0	0	0	0	0	0	2847	0
PD51707	0	0	0	0	0	0	0	3626	0
PD51708	0	0	2755	0	0	0	0	0	0
PD51709	0	0	0	0	0	0	0	3824	0
PD51710	6045	0	0	0	0	0	0	0	0
PD51711	0	2621	0	0	0	0	0	2657	0
PD51712	0	0	2158	0	0	0	0	1683	0
PD51713	0	0	4813	0	0	0	0	0	0
PD51714	0	3222	3558	0	0	0	0	0	0
PD51715	0	0	2869	0	0	0	0	2342	0
PD51716	0	0	0	0	0	0	0	4264	0
PD51717	4378	0	0	0	0	0	0	0	0
PD51718	0	3939	0	0	0	0	0	2142	0
PD51719	0	0	2162	0	0	0	0	0	0
PD51720	0	2554	0	0	0	0	0	0	0
PD51721	0	0	0	0	0	0	0	0	6399
PD51722	0	2587	0	0	0	0	0	1545	0
PD51723	4757	0	0	0	0	0	0	0	0
PD51724	0	0	0	0	0	0	0	2333	0
PD51725	0	0	0	0	0	0	0	4151	0
PD51726	0	0	0	0	0	0	0	3952	0
PD51727	0	0	0	0	0	0	0	3922	0
PD51728	0	2283	2083	0	0	0	0	0	0
PD51729	0	0	14333	0	0	0	0	0	0
PD51730	0	0	0	2212	0	0	0	2350	0
PD51732	0	0	0	0	0	0	0	0	7955
PD51733	0	0	0	0	0	0	0	4542	0
PD51734	0	0	5830	0	0	0	0	0	0
PD51735	0	3122	0	0	0	0	0	0	0
PD51736	0	0	0	0	0	0	0	5772	0
PD51737	0	0	0	5082	0	0	0	3338	0
PD51740	4968	0	0	0	0	0	0	0	0
PD51742	5866	0	0	0	0	0	0	0	0
PD51743	5312	0	0	0	0	0	0	0	0
PD51744	0	0	0	3368	0	0	0	2878	0
PD51745	0	0	0	0	0	0	0	8507	0
PD51746	0	0	0	0	0	0	0	4343	0
PD51747	0	0	0	0	0	0	0	4339	0
PD51748	0	0	0	0	0	0	0	4897	2663
PD51749	0	0	5893	0	0	0	0	0	0
PD51750	0	0	0	0	0	0	0	4468	1994
PD51754	0	0	0	0	0	0	0	0	4932
PD51766	7383	0	0	0	0	0	0	0	0
PD51767	0	0	6280	0	0	0	0	0	0
PD51768	0	0	0	2042	0	0	0	1571	0
PD51769	0	0	0	0	0	0	0	2718	0
PD51770	0	0	0	0	0	0	0	0	6774
PD51771	0	0	0	0	0	0	0	6453	2845
PD51772	7147	0	0	0	0	0	0	0	0
PD51773	0	0	0	0	0	0	0	5104	0
PD51774	0	0	3135	0	0	0	0	0	0
PD51775	6518	0	0	0	0	0	0	0	0
PD51777	0	0	0	0	0	0	0	5550	0
PD51778	0	0	2033	0	0	0	0	1659	0
PD51779	0	0	0	0	0	0	1636	2720	0
PD51780	0	0	0	0	10244	0	0	0	0
PD51781	0	0	0	0	5167	0	0	27906	0
PD51782	0	0	0	0	6547	0	0	0	0
PD51783	0	0	0	0	3442	0	8321	0	0
PD51784	0	0	0	0	0	4620	0	2295	0
PD51785	0	0	0	0	0	0	0	5018	0
PD51786	0	0	0	4574	0	0	0	3589	0
PD51788	0	0	0	0	0	0	1051	3519	0
PD51791	0	3135	0	0	0	0	0	1853	0
PD51793	0	0	0	4223	0	0	0	2871	0
PD51794	0	0	2720	0	0	0	0	2190	0
PD51801	4841	0	0	0	0	0	0	0	0
PD51803	0	0	4168	0	0	0	0	4402	0
PD51805	0	0	0	0	0	0	0	3167	0
PD51806	0	0	13999	0	6420	0	0	0	0
PD51812	9490	0	0	0	0	0	0	0	0
PD51814	0	0	3469	0	0	0	0	2708	0
PD51815	5524	0	0	0	0	0	0	0	0
PD51816	0	0	0	0	0	0	0	0	6185
PD51817	0	0	7211	0	0	0	0	0	0
PD51818	0	4688	0	0	0	0	0	0	0
PD51820	0	0	0	0	0	0	1326	0	2654
PD51821	0	0	0	0	0	0	0	6675	0
PD51823	0	0	0	0	0	0	0	6319	0
PD52255	0	0	0	0	0	0	0	4476	0
PD52256	0	0	0	0	0	0	0	5995	0
PD52257	0	2707	0	0	0	0	0	0	0
PD52258	0	0	4928	0	0	0	0	0	0
PD52259	0	0	3466	0	0	0	0	0	0
PD52261	0	0	4297	0	0	0	0	0	0
PD52262	4925	0	0	0	0	0	0	0	0
PD52263	0	3512	0	0	0	0	0	3670	0
PD52264	0	0	3733	0	0	0	0	0	0
PD52265	0	0	0	0	0	0	0	4166	0
PD52266	0	0	0	0	2018	0	0	11470	0
PD52267	0	0	0	0	0	0	0	4539	0
PD52268	0	0	9243	0	0	0	0	0	0
PD52269	0	0	6440	0	0	0	0	0	0
PD52270	0	5989	0	0	0	0	0	0	0
PD52271	0	0	0	0	0	0	334	1115	0
PD52272	0	4551	0	0	0	0	0	0	0
PD52273	0	3932	3031	0	0	0	0	0	0
PD52274	0	0	5096	0	0	0	0	0	0
PD52275	0	3776	0	0	0	0	0	2538	0
PD52276	0	1433	0	0	0	0	0	0	0
PD52277	0	1769	0	0	0	0	0	0	0
PD52278	0	0	4310	0	0	0	0	0	0
PD52280	0	0	5338	0	0	0	0	0	0
PD52281	0	0	3173	0	0	0	0	0	0
PD52282	0	2687	0	0	0	0	0	0	0
PD52283	0	4749	0	0	0	0	0	0	0
PD52284	0	0	5415	0	0	0	0	0	0
