Type	DBS1	DBS2	DBS3	DBS4	DBS5	DBS6	DBS7	DBS8	DBS9	DBS10	DBS11	DBS12	DBS13	DBS14	DBS15	DBS16	DBS17	DBS18	DBS19	DBS20	DBS21	DBS22
AC>CA	4.421847370008364e-05	0.00033208289622484795	0.005953548176949956	0.0038023223945805383	0.002075519119763859	0.0025211561301490227	0.04342619070202661	0.20716926200288502	0.022771070134088543	0.009112772746340314	0.001237415790501519	0.004791534632952882	0.001997187489033915	0.01911717773467412	0.014344012147239286	0.05328222172843678	0.019396407421072816	0.009541702644433981	0.004641095708405343	0.004676786711061573	0.02854865553049495	0.013594640282191085
AC>CG	2.348828381654342e-05	2.8141188920863454e-05	4.361523593933583e-05	4.553396961102103e-05	0.0004480797765441947	0.00013837892348739873	0.005913152648336263	0.0009375613304778907	0.0019161026924203418	1.6748607833931133e-05	0.00017522545468562332	0.0022858762540535925	4.772593078775931e-05	0.0004516391190257293	1.1384471591824046e-05	0.004027635296985926	0.0016711976519751053	0.0025033694334494067	0.0005685302666105258	0.0017747126204050241	7.815833514340629e-05	0.0017760731468682842
AC>CT	0.0038178167913111793	0.00011187853678642456	0.002831451405192332	7.63795619281643e-18	0.0019591348881873704	0.00022747318953507845	0.012867019291986758	0.3064177920999754	0.026381117973779834	0.012774915462918257	0.0006828361282904914	0.00044142554111132796	0.002644292727338463	0.0014148684256925356	0.014010373084255155	0.013060359410829718	0.013566426029178125	0.01863237308157535	0.015028063989677426	0.00220513978376958	5.553647689015131e-08	0.001768172829879869
AC>GA	0.0001130213511281494	0.0002104375026400846	0.0054847650553395315	0.004041115934365014	0.0005411871618053859	0.008132149469085479	0.009205595232713847	0.0011177508837533145	0.02341902724870775	0.0050626518411609625	0.000399224660453561	0.006903745005432377	0.002559869726001879	0.0007563483509099608	0.015046436821155217	0.007987887106245742	0.01797089170033213	0.006784322796674583	0.0031154752887574797	0.0014742390624274005	0.0061886610218565945	0.008055885303465182
AC>GG	5.080231083047838e-05	3.701853558359641e-18	0.00042190471565317525	6.435345301880191e-18	1.0766438624043887e-17	9.857121007872432e-05	0.002403105531596249	0.0007804981627833884	0.0065999081421618915	0.0005583115302724887	0.002032251973318241	0.007145858836499729	0.001357004827486349	0.00025479348002661146	0.0016116496626475418	0.0033168774572650693	0.007551481602997117	0.004609565500679016	0.0007207313099706729	0.0024494023652254027	0.0016871241192868954	0.0009898752885366222
AC>GT	0.002634204802071302	0.0002486180829018328	0.009469422995971229	1.0281864105714425e-08	0.0007972324712736613	0.00012510968568450726	0.0042574695281964794	0.0001454999749040416	0.011200404859707882	0.027158524299546266	0.005157403246367213	0.0019030700202175253	0.0041141040475821235	0.0030843740240412564	0.08594092251894966	0.003371017566117448	0.02859950126415548	0.011295828011575254	0.011008207673040511	0.00029411531290719035	0.022470845316511136	0.0023130806770082237
AC>TA	0.0010679206252430361	0.0013141251670350203	0.0009469421120047104	0.001166413221142641	0.0014354058460931706	0.009572810791741807	0.005127885764618054	0.011948366829334754	0.03813691438145811	9.936087941253891e-05	0.0002384508548450165	0.006785405158381873	0.002390849500513407	0.0015304677950023588	0.002361428184984685	0.005359703985574338	0.008111562019850893	0.021201199844766854	0.0057637884231866296	0.008673901192861608	0.0053410910797975384	0.011838471467523447
AC>TG	0.0001530688750353559	5.645992477498157e-06	1.0411378901647908e-17	4.8747052144056786e-05	0.0010862531513637043	0.00042556320933566724	0.0009442121527950111	0.002476395191169853	0.016569193835920412	7.248267571068501e-06	0.0002158705483490595	0.0015224889962867567	0.0039705064523713335	7.412613333706078e-05	0.00034238196693993367	0.0010287497040451592	0.008244820727865181	0.01282703371710656	0.000940357904699872	0.00012140157985360007	0.00038452530990786135	0.0019495451248417001
AC>TT	0.0235832485494876	0.002592733845541779	1.6695724725165111e-06	0.00014786789421746734	0.007244919870560567	0.0030140131281422874	0.0011164029398377203	0.0002582391767696213	0.041099005106530195	0.0006718661451375116	0.0025470889231039096	0.0031872701203508073	0.014586285322939726	0.0007315712353451098	0.006426539766985452	0.003941428005618031	0.01635681722998404	0.01556824888763864	0.06178630561508779	0.0023339128378057146	0.004702319778686462	0.009026247088203466
AT>CA	0.0005001212498013079	3.912416463601072e-05	0.00769564273383351	0.0009808762720103883	0.00012212561151508423	0.0001259769991669097	0.012244247913175167	3.1243249992091954e-05	0.013706360634439608	0.0038946557324107314	0.009983283617106663	0.0021540753119972758	0.004546789791358677	0.002616135152690593	0.0012486709486192848	0.008640587502160492	0.011081474042612267	0.004914597196562866	0.004659915125426989	0.002425664583015736	0.006092165478311646	0.005625050192422798
AT>CC	0.0003081662156876427	4.316078479686897e-18	0.009925630166641724	7.492417598733229e-18	2.4087891817570853e-05	7.059856036242834e-05	0.0069053144198575915	0.00016065436486041557	0.0019210489980137418	0.0012798299060644309	0.0020008685239133843	0.0038584521712548355	0.0010891565384010407	0.00041394752305421166	0.010805904404874387	0.0022967697674257715	0.007697767467436373	0.00196009194740777	0.00220796595176484	0.0013379142581428918	0.00042577688224204146	0.0010794577885851273
AT>CG	4.128578338326953e-06	4.316078479686897e-18	0.01595971387268702	1.0125467212002336e-17	1.1874312867816618e-17	2.0107884172084443e-06	0.0012244253430990723	0.00029883943845853274	9.95391262806883e-18	0.0028575516552358563	1.8324997139853193e-05	0.0014998515477505781	2.5175215539180175e-06	4.8858866566197736e-08	3.237420551982506e-07	0.004009900691640622	0.001546458609373964	0.0008005257706392335	0.000321169915909887	0.0016836806546039573	3.8887679522822026e-07	0.0001605177623045564
AT>GA	0.002199701352004396	0.00017392243726922478	0.0019785673239559997	0.0003469471003630547	0.0012551804615707244	0.001790207137498279	0.015884430291894788	0.00018199979820932933	0.006874764761381731	8.892227958173623e-05	0.011794595843019593	0.007093390479357596	0.002305401454576737	0.004699954631220262	0.008460352207636069	0.005220948462217045	0.015516184497963758	0.0028456469957201464	0.01098755295342185	0.009167670372870675	0.011612271586576238	0.0030404655313573
AT>GC	0.00018054127847130053	6.054930241287373e-06	0.005738938503513407	1.8838078533957835e-05	1.1874312867816618e-17	1.9003055371420462e-05	0.01024766387544684	0.00025390197979184944	0.0019534262040566686	0.004501471959515755	0.0044019118057702	0.004463862518430431	0.0003244674700085952	0.000528116271350338	0.015853802760104646	0.0016593299439953263	0.011930981907375649	0.0005330142375346837	0.0025223113883454584	0.00039939308140258666	0.0032619633711734606	2.0448883459817782e-05
AT>TA	0.002427972315526727	0.0004741445091868413	0.00256885772901978	0.004850839473546022	0.0008967187047170764	0.0024311448406546705	0.03750490464128097	0.0003538893706298508	0.009929017050497977	0.0032326745943423584	0.004043861371711818	0.0029807587118697632	0.011363740057464653	0.010381305003456796	0.01331659742446933	0.0071888366796247815	0.013688172757876696	0.008621692218804612	0.013241061793070774	0.003177110131466713	0.08955803428346269	0.008374051261125896
CC>AA	1.0673148024081717e-05	0.7275334481801996	0.009645069113671998	7.272624842694553e-18	1.1525975643297234e-17	8.901071489545905e-18	9.683554813040947e-18	0.041548097906649	9.452325110357051e-18	0.014671825476907579	7.513654415630585e-18	0.017580982383767697	5.380267284894526e-07	0.0028727981883449514	0.017836972688433803	0.03645866017012771	0.0003734334894621479	0.011099299831402148	0.021547025187251014	0.00039867026192116407	0.004610436234106724	6.331232837388778e-08
CC>AG	1.2384879310962749e-05	0.07295432077712705	1.1782774340267445e-17	0.005644009858564033	0.026672182298604543	0.06607514167724332	8.890874441176977e-05	0.016902769758724866	0.027656140964407674	7.635443809980139e-05	0.000993574991945782	0.02117828580900198	0.012249373040229541	0.00011924655990058444	9.364499985559321e-06	0.011401047427333784	0.0012860860449214388	0.04982857175939277	0.006581496090567884	0.004181545661248844	0.0020355055033893826	0.02619128669896866
CC>AT	0.018833830961890057	0.10048804485695152	0.006249665246440395	0.01631877691424235	0.0026672183396316508	0.0004698200015832679	0.0009122583483390349	0.0314064353968806	0.020427831632330577	0.011244829471490183	0.035265769418240764	0.015993678336710723	0.04539287878807607	0.0005213958945654501	0.030600411169758448	0.01961285169092557	0.0007746148313935323	0.10380536527218694	0.08836690204540679	0.005827964632411658	0.002107403676432307	0.041693310301315005
CC>GA	0.00013495893606224236	0.01778638373372352	0.0006737751281573547	0.003689914783277155	7.420532890351364e-05	0.038079018691874515	0.0003233589610462232	0.0008822151370798935	0.011523392417813067	0.0036304736221700897	0.0009741529619808069	0.013512223959648425	1.0907364476199427e-05	0.0	9.354025153360708e-06	0.0031760661784121943	0.0007936559791619117	0.01671602355168838	0.004038172029482261	0.0008960086784380268	0.0011140228309866448	0.013644767001553065
CC>GG	9.887765433630421e-05	0.0004521959582243378	7.695956213237746e-05	7.584308764524321e-05	1.3062772395736867e-05	0.019414936701628648	0.0021949887227449972	6.108979176329033e-05	0.0032055978238060123	7.935292935757761e-18	0.0035265771462772576	0.023192492749025243	0.0008069729704912483	0.001953394286143282	6.19062582937982e-07	0.00018700633396788254	0.003496688272264936	0.0054536236681660384	0.001119147645573084	0.002825113648336423	0.0028782465562055505	0.0009911333965837083
CC>GT	0.006969524376794325	0.0011053686792900116	1.2101227700815214e-17	8.301181784732785e-05	2.7223256757502043e-05	0.0036899102306984575	0.00017452786528030406	0.0002497252507260832	0.018751701749890163	0.0011566112455312228	0.07104263703288495	0.007933484956155628	0.024598760319995555	0.00045534411601605234	0.0005443162753351249	0.0028953940447100633	0.010025669789114781	0.019897692731843785	0.012628498534212822	0.004373716594184085	0.004551028400614302	0.01710998791016742
CC>TA	0.010474430118285428	0.01607808677524512	0.02207012566776103	0.00017669984896373126	0.001393977839387552	0.0023812789899784253	9.683554813040947e-18	0.0007807984465288613	0.0007196887162627641	0.025595374106355186	0.06010513706102396	0.011600323086869611	0.043374666065773886	0.0	0.054075142806713224	0.00753734118662802	0.0003081427417352102	0.023715176472361654	0.03796367467374193	0.010461717418652091	0.000659993740283194	0.009686817897368949
CC>TG	0.002568249402012074	0.00023815650450922422	3.0783824852950984e-05	8.623255170623543e-06	0.00527955547180975	0.007369094134042886	0.0002526915058945502	0.004591010212592546	0.016237506926229533	7.935292935757761e-18	0.033016937762972064	0.03099477535161124	0.010010365894947795	0.0005121158926204933	2.9748523444058694e-05	0.0004470097113834432	0.033529193407547786	0.018901152093343445	0.0058639148575630115	0.002097468883551191	0.007190615006652026	0.0056176712404508704
CC>TT	0.8641404797240441	4.189464770316241e-18	1.1782774340267445e-17	7.272624842694553e-18	1.1525975643297234e-17	8.901071489545905e-18	9.683554813040947e-18	0.0047763959128113605	9.452325110357051e-18	0.02206128484388684	0.3393691431204504	0.0015160018009394653	0.00010456386906510414	0.005847590663064704	0.09082518759752543	0.017289234937857504	0.0008718732585272449	0.033517919021912465	0.08147552147197251	0.006164713499946397	0.00900602813186084	1.160726020187943e-07
CG>AT	5.463824234052975e-07	0.0010399317248923363	0.00027117654215908426	0.0002712554818568166	0.0016199028551554461	0.007278157808500188	5.986193147453955e-05	0.00031599153337063163	0.000206454417343727	7.140945263887941e-18	0.0016741656051420183	0.029003775387139403	0.0003895895888557981	6.289407999765905e-09	0.00017476113633453538	0.00012472225310672424	0.002394579199189697	0.0007781536797862298	0.0002392086432277379	0.0013822793219042634	0.0006945034982355256	0.00039280757870588357
CG>GC	4.9110990627806184e-06	0.0003336824663656407	1.0603281731597276e-17	4.768217548925532e-06	9.79924940308588e-05	0.0005695114010092782	0.00018018248581786565	1.109307123356759e-17	1.1316342927664126e-05	1.8310116061251134e-05	0.00015269890620675175	0.08284441007822371	0.0011048981551019064	0.0011816186214914232	2.6016501595665407e-06	0.00018075374522848455	0.0022271031608699435	3.0312015408653537e-05	4.275467563172683e-05	0.00014290463916269338	0.00017758803005747906	0.00025706603364186004
CG>GT	1.5403816248573893e-06	0.0011574897037927082	1.0603281731597276e-17	6.54461232205465e-18	0.006400590154895992	0.0031081788218942246	1.9953977158179848e-05	0.001187420015220031	9.373704058415118e-05	9.829641253934818e-06	0.0010854483936373525	0.09294592286804836	0.0022307335334320892	0.00015610916157431375	0.00021507634491225327	0.001393375618302099	0.004540602622596959	0.0015182337737587018	8.645108420688378e-05	0.00022937638305882063	0.00016730681746500594	0.0004341898704716717
CG>TA	0.0003226564901041722	3.770086227693663e-18	0.09347961213419749	6.54461232205465e-18	1.037218938834695e-17	8.010046360151305e-18	8.714200652654389e-18	0.0004965572824215185	8.5061177672942e-18	0.34501608682572166	6.7891120966198214e-18	0.029444686455146397	0.00061872873437752	6.123383254430469e-08	8.200853763851054e-05	0.0016892777506544924	0.005576988219142446	0.00023978875195508894	0.0017846244223166192	0.0004839539684661731	2.1814380961991074e-07	0.000896145923805521
CG>TC	1.141694616070771e-05	0.001944220810257788	0.0006894005416726871	6.54461232205465e-18	2.943726131168944e-05	0.008600581720191413	4.694486413542795e-05	0.0008881112829594213	0.00012538130752420926	0.0025538901697717132	0.0006301114766823898	0.11540902051010696	0.0020898149975407277	0.00019364637987850667	0.0005818373777690605	0.0011577976707880995	0.0053757016985653445	0.0011364417019165145	0.00027960521956911575	0.001208635274767985	0.0022520218453813373	2.0996268771492614e-05
CG>TT	0.00011238624334959513	0.005027845759584354	0.006846260080915279	0.0003376664679225574	0.002192794436866037	0.018050603765165384	3.0171955799566632e-05	0.0003228604023459654	7.817706905861299e-05	0.007488198542370208	0.0006429896311865335	0.1063584300091723	0.0015507834296374842	0.00010394320997377093	0.0025197519092717514	0.0034279612946792057	0.01175071895739515	0.002396221300070352	0.0015319348720036795	0.0003702361462984174	0.003780877992845716	0.0027307735722094852
CT>AA	2.5099159416793935e-05	0.002902766589795027	9.834973668829376e-05	6.54461232205465e-18	0.4602893521707065	0.004324422331087947	8.714200652654389e-18	0.020215576165018272	8.5061177672942e-18	0.003787466781076177	0.0040474331289293	0.007778685211268254	0.058222794555861934	0.00020836691509286558	0.003532331118658699	0.05874783667192074	0.00992949035202405	0.024980891581390472	0.009557307677279572	0.00909487914553475	0.0026391132932951106	0.054383129899614545
CT>AC	0.00037975571861712117	3.770086227693663e-18	0.027786074588511643	6.54461232205465e-18	0.20643878682399966	0.001882282724303608	9.735998516793066e-18	0.013738741235517306	8.5061177672942e-18	0.012528516704821432	0.002161697448390396	0.007664322886556646	0.024441438070771954	0.0087656387545756	0.07204627151131912	0.07970389303551674	0.013922324825576924	0.024614453204309626	0.006290269409789545	0.005394676162691621	0.022871904212974505	0.029862195940147475
CT>AG	2.582404488731506e-18	0.000530817291690267	0.10885266361217981	0.00033953729210204757	0.02637280190821258	0.03812828101071946	0.0012140645556403577	0.02001930832088943	0.000548659684447713	0.02553890073402681	0.000456255930909505	0.004083931516556403	0.012541514688534929	0.0	2.771322996060011e-06	0.03182014090231453	0.007750751229279039	0.006840910715485684	0.002492222779618189	0.0005398945787882902	0.0013262953934620669	0.01146451578447046
CT>GA	8.8552460383858e-05	1.7928756680147087e-05	1.800122826509614e-05	0.0006896871909492712	0.017423173617704617	0.007762516693614182	0.0019741001276020534	0.005988670752394393	0.0029332901897826833	7.823697930972212e-18	0.011690722759157234	0.0020880742701841234	0.0011313251833551337	0.00021649563211595358	0.00029116076725265393	0.0011727584444452908	0.005767652911295537	0.0037617878511992625	0.0032773730880436744	0.0032454205335126695	0.001942417610978601	0.005601341804494675
CT>GC	0.0002502341633878563	0.0001327599668688814	2.8153083740179433e-05	7.395702847539051e-05	0.005248596172495306	0.0018930387128075017	0.016468425573700315	0.0002548144896729466	0.003212160197026091	7.823697930972212e-18	0.006157785503051126	0.0009408640331835024	0.004012461346231373	0.004706121604984612	0.0003434170025980342	0.00932357977993266	0.011591879823711666	0.0012629531006220086	0.0034712710811217237	0.0006573569486202567	0.002062594685901602	0.005070502589338669
CT>GG	1.0721598342440207e-05	8.8950406070564e-05	6.269032401623597e-05	0.0009489598412053865	0.0006168457161084142	0.007202008762822507	0.00422267352190725	0.0003290004012415679	0.01074162766236422	7.823697930972212e-18	0.004051440251984086	0.012061396927233738	0.0027401805316565656	0.00010132818192385267	0.0002501832201463079	0.004323618336432171	0.008096561104248038	0.002047563115329273	0.001041826534359628	0.000521875678397971	0.0023266530133165884	0.0047232837296241805
CT>TA	0.007755274576589606	0.003348730201100743	0.00019248964563796584	7.170349021159746e-18	0.0036144966491851527	9.346856440416309e-05	9.547373785516065e-18	0.011719302522721745	9.31939589470433e-18	0.00425517838177543	0.04202613318994876	0.01120266531340338	0.03214382755616352	0.0014865004786933395	0.0035342932992518286	0.018706741891537673	0.0009530536032313599	0.009820717419240222	0.07366457010960467	0.018760121152082945	0.010578894967387285	0.01538549182710515
CT>TC	0.010426425790888715	3.803669925511868e-05	0.006632538948695171	7.170349021159746e-18	0.0002564774600771853	8.775894621657848e-18	0.06671823509815694	0.019137944230331883	3.0995773485712854e-05	0.002903657264538107	0.003013384459443507	0.009605551934834982	0.0088006656950573	0.02952073210347479	0.06869671063168675	0.09775889766022999	0.019572633852587007	0.00651912050782133	0.047220932324416175	0.0006845009146416716	0.052975907485379226	0.004470377779026559
CT>TG	0.002224303784863232	0.00038639244155037655	0.05460860455872355	3.154953569310288e-05	0.0009458290879098419	0.011844712893161248	9.547373785516065e-18	0.0010386102907955078	9.774000572494787e-18	0.04825350798799344	0.001491574892783985	0.00336029032437816	0.004046684830829493	0.00039775002875308974	7.456471851096778e-06	0.0068130982597210225	0.025536245303749375	0.0026774745587221575	0.013958100831822974	0.00622844593809536	0.0006122302561067215	0.005210520264740498
GC>AA	0.0015429710594001538	0.004949731436753532	2.223217104323431e-05	0.33057144896351076	0.00014154927887212687	8.630696234591983e-18	9.389411169266012e-18	0.01364015846913957	9.165205204105119e-18	0.004236695986839109	0.0009911465792374658	0.027615448732406265	3.2439990003811186e-08	0.0002194641761059489	0.04449751170935364	0.01618999055162104	0.12939705188076417	0.03533340940284065	0.013384752929463221	0.010387444397244615	0.015402182144938732	4.2334858714102627e-07
GC>AG	0.00010449212515196782	0.00031666610872975383	0.0005370510280990185	0.011388589608296923	0.0028309845130742154	0.0038066413632711817	7.582157249517908e-05	0.009008849434839048	0.12595426419969094	7.694253769500145e-18	0.003260871968151347	0.010719330304531946	0.01725640081922046	0.000502076167497347	0.003985558000596713	0.007809872423988514	0.019424561910030995	0.04290169709710978	0.004022388764740068	0.009909252347882546	0.0036359575962168593	0.031207729658892604
GC>AT	4.754656764088345e-05	0.0009285621458011033	0.004105044812537509	0.0093124399117546	0.0016709188344427508	0.001955323745977767	0.0003633712509022726	0.0058261454747139925	0.127985784770284	0.008047645341820875	0.026959182593917545	0.007242788610175707	0.017666458563710016	2.59915187060589e-07	0.1472900567886362	0.004203414858727781	0.047524233855662686	0.05141566650618142	0.003982961499427735	0.017168582833793276	0.005319599393345861	0.013333735472717182
GC>CA	5.62357761009217e-05	0.0010328176739765852	0.00024383339445102818	0.011993293276260305	0.004874401393792652	0.009038174280371306	0.0006955954152841969	0.005107129585834328	0.02783182927687974	0.00010903307922622981	0.002091318766759782	0.005477564135128927	0.010575241491145873	0.0001644926401867377	0.0012100494240184633	0.0038893313574719793	0.011661906673730368	0.023755899929133333	0.0010583525687548514	0.010168397573122918	0.0030571052671370877	0.006363115125084889
GC>CG	5.028025120134492e-06	6.517066430210366e-05	1.142486567499541e-17	9.902622084565488e-07	0.00034376223029850163	9.400179995266447e-18	0.002751235613268117	0.0002558851970001605	0.0025394009672658744	7.694253769500145e-18	0.0040042319025794465	0.0010528325403840334	0.0008795091446585009	0.0006023371355457108	0.0003571637825215444	0.0012975419473442806	0.00037991078064512614	0.0019629999286468057	0.00018691624687703728	0.0010021642117286145	9.171829341688182e-06	0.00019510174522017906
GC>TA	8.074129658934418e-07	0.0007171266898352679	0.004351964979255141	0.017838763745552665	0.0002362706090172305	0.0008622148725790976	6.481186470820786e-06	0.009051143678256343	0.014220642978053366	0.0029179206196026032	0.00024084814693684886	0.0008009329070799766	3.447384517646393e-05	6.671507230624026e-06	0.0017270921290579977	0.0006895068719875528	0.008996215974697826	0.01929703045326989	0.0009289739905073824	0.0003204505904714128	0.001989064741287798	0.00024385911176844487
TA>AT	0.000493164324831708	0.002679480660050955	0.001491808525749182	0.03063832891489341	0.0019902027220550064	0.008913366094075746	0.05793167707932214	0.010256553415085952	0.015744283151973636	0.010799420959683071	0.002210256514862515	0.008524088453316045	0.006351622926797939	0.011010708147832227	0.025714236342305276	0.008696625443015964	0.009003737536146241	0.010599559586503477	0.0099943744200655	0.16417732877440164	0.11317835072774199	0.008339357957735672
TA>CG	7.371182457672897e-06	1.841144327817278e-05	0.0034363031660913763	0.00039205014748329333	8.397866066374522e-06	0.0002693775474395736	0.003166516597734281	2.210703232265745e-05	0.0013712762581380563	0.004267847850177675	0.0005788293168050532	0.0005678065931016797	0.0002488554004326849	0.00015440224857247054	0.015571168840178376	0.0012933612815942594	0.007487223259823991	0.001953298075032911	0.0005938391912462158	0.006572332974605331	0.00140626842288304	7.28159569882565e-05
TA>CT	0.000685547305399184	0.00027281959751543865	0.0003539186654662655	0.008788362526450242	0.002415914926994121	0.02714572540760926	0.030211680973733723	0.004335244041615747	0.014423794527063605	0.001682217234055884	0.003350075279228397	0.003283724147111071	0.01666219274276099	0.0034474550607438694	0.0026042978762621533	0.011229625985994033	0.0173871712831203	0.011301419976118807	0.009461746119098809	0.1192532569605309	0.013403565554504452	0.014114958174046604
TA>GC	1.905700317623478e-05	7.776177886614817e-05	0.001988228976122702	6.867554882895037e-05	5.395488646455766e-05	0.00026664519572204413	0.0015223940377724606	0.0008101674718234725	0.000571133677391139	7.47196527994563e-18	0.0009817617887582896	0.00181683095545043	0.0001251934794706593	8.359038895509137e-05	7.860990609739727e-05	0.0009038632649831094	0.0006998021905553772	0.00025847002712663683	0.00025016024125970213	0.002839486133748795	0.0006251615187587092	0.0006994896143004639
TA>GG	6.665210563628383e-05	7.463995562699624e-05	0.005455140788768189	0.002172765231437371	0.0016846576067561265	0.00022018422155672664	0.004345377080884584	0.00022282201708132191	0.0032058476418148738	0.008662208006183145	0.00036094157930235493	0.0026053702321611415	0.0005860605685156246	0.0003661453194838154	0.002291849620012564	0.0009379309561919219	0.005869401655975068	0.0036878113999767826	0.001132353726720848	0.009712639997013368	0.002089179921949147	0.0025651447049433868
TA>GT	0.0010906029003779829	0.0012300693067540244	0.0003616774561350596	0.007888507896665321	0.001974047017631365	6.311260346299382e-05	0.026515876584752414	0.0001571052227035393	0.007674305798212483	0.003640345517839055	0.0025699070478749316	0.0015574458393179777	0.0060708231273987	0.0036440514743795206	0.000811563936201358	0.005868393281749199	0.012357223849235028	0.006925649241248133	0.0076049580483660475	0.05565156864472499	0.009323869808590736	0.00695059079043766
TC>AA	1.0334394757261647e-05	0.001372000635304462	0.005485114737853239	0.37093605327454154	0.041754713999898885	0.04625884115815288	0.01976088130178486	0.03984095835945305	0.0036398704379026923	0.00762355038070186	0.00020886490419314805	0.022411147114393945	0.0672608752913284	0.0006469477131291902	0.00048021874354941776	0.07277852073157214	0.05803280322478436	0.003619877630304444	0.012848387455968327	0.1784906984646768	0.018897055750015317	0.15104835146557485
TC>AG	2.929658697242063e-06	0.00018924114072922156	6.137123095311737e-06	0.00183021218084907	0.01539963521489616	0.008362952124319083	4.034579315206615e-06	0.01191121392071322	0.04606556569960099	0.0002732783069431343	0.04562306798804003	0.007855212518739453	0.06637970268663243	5.855414776438552e-09	0.00011344484541418371	0.009844085615746973	0.00023207696178979048	0.011672866148572795	0.002778129643794987	0.007920292817143217	0.006102222372318448	0.03886013459799313
TC>AT	0.002332942210971279	3.944849365837444e-18	0.0011190034437537717	0.008231060947253623	0.0007730825646078223	0.0005999504281225301	0.002308797090930444	0.01899633322780938	0.0510962807945773	0.003115974893168625	0.08142851423818669	0.01926716993338251	0.1559461232070819	0.0020365245000066793	0.008052764259328628	0.025474990237014064	0.0013091782153490815	0.07246172070470425	0.08857693076988868	0.02373217125820731	0.03661705711573198	0.13227253274472633
TC>CA	4.493244251755476e-06	0.0006919100550689875	0.0701671537494479	0.08877882802233965	0.0015846720005379144	0.0127788117971713	0.0029295353639455885	0.019377151173360408	0.05161293584183375	0.027246781317199462	0.00029102802637455703	0.025695847769404905	0.03971561775951652	0.005203684299873278	0.02168356360300396	0.015079923119089544	0.005722726974318551	0.019862928613555816	0.004784308703419518	0.016059487482806226	0.02395469120652595	0.05812125080517747
TC>CG	3.354684622351374e-05	3.945691986176469e-06	0.0001242653852817595	0.00041975756360886475	1.1747497313204311e-17	0.0009335030694552778	0.0017620447489870574	0.012000621695582468	0.008239031979101221	0.0009103879606966779	0.003343723471651409	0.00739822089729092	0.00765226361565611	0.0008316051324286831	3.595647278415414e-06	0.0002785721657084006	0.001756383004609537	0.0023153290402514507	0.0006710880561428632	0.0005024972485971138	0.002775016058327421	0.005195284421751738
TC>CT	0.0019319760894364255	0.003398680115503694	0.0207823324692784	8.685094986696953e-06	0.0011635707685470073	0.010168902069590645	0.009934475809264372	0.009644536361436478	0.054362805070867604	0.028328003518823797	0.02074347073644133	0.006740994837315846	0.03441462590211266	0.03270185164859325	0.05078799432367572	0.008126399837950962	0.022153769219469696	0.0269450762109221	0.019223986290360616	0.019358884140944964	0.06836291853689647	0.02636017217562225
TC>GA	6.526386447119945e-05	0.0008978599619968098	0.08334358105876784	0.038197982343236334	2.726305980234208e-05	0.00794885412891216	9.776556306500237e-18	0.010580364941718148	0.01829720846156191	0.04735750086084668	0.00024252318329816164	0.013531835933650312	0.01226615851118574	0.0	2.4852267953753595e-06	0.004319071765604555	0.006659234618921849	0.0020074978352116082	0.0033852019675777605	0.007479541595592372	0.005678707641769026	0.02839770633028131
TC>GG	0.00041791644454155727	1.0011305887805079e-05	0.00018961158843800656	1.090881495913627e-05	3.856725533014245e-05	0.0016352547189663158	0.0007631921599733826	0.002102861441043734	0.003945004640614289	8.011504007859976e-18	0.007564658325604618	0.0018459347571137983	0.016289869449742478	0.00010376054172265738	1.2161748147581545e-09	0.0024104975008089097	0.00030328545219542155	0.0019419301296680427	0.0012681643998901447	0.0010172513048051653	0.0005310224374397351	0.005414918429527821
TC>GT	0.005185831090893089	8.692694170059726e-05	0.04649243461466165	7.34247160711095e-18	4.277862229147986e-05	8.986557962013728e-18	9.776556306500237e-18	0.00030386911226915135	9.680645078327872e-18	0.0496280659706133	0.01568660475655432	0.0014806795886836005	0.03527237789192371	0.0005739984958342013	0.00015619386023104837	0.0045918233642845765	0.000415726926067358	0.008578183955636826	0.027361640154857605	0.0057730944597073714	0.005420017649165444	0.019968814070080106
TG>AA	0.0012605335670235968	0.0027173333189001656	6.477954919934996e-05	0.00724518287090928	0.018049353910734194	0.02498817024441196	0.022106688111937518	0.008617457239076535	0.015121038158360528	0.0013892772985562355	0.007311944680488197	0.002752951233176228	0.018435217770964588	0.0004087276044748842	0.003404632522382721	0.006985399164563667	0.00798162497723747	0.009602316247722354	0.008791680592635446	0.021928534497939044	0.0015909407064589904	0.01680915668137424
TG>AC	0.0002180629208045065	0.0002019643969971299	7.796819993454698e-05	0.00011204875891974716	0.0014640035750667002	0.009897275530692987	0.0025628107647724945	0.0038355157361721183	0.006957591574983586	0.00020252137181110946	0.0008087030058712343	0.0009021054673385895	0.0042383216395612345	2.756213364156113e-05	0.0001521895586322774	0.0007783200527847563	0.0022473857501759827	0.004315140876549586	0.0018390887926666138	0.0037137385332833913	0.0012401913120416424	0.004293281884451644
TG>AT	0.0022174357196883226	0.003938297939940834	0.0009286322933398314	6.643976116136228e-18	0.02045593403103531	0.21656413950565573	0.001261842277592582	0.008189075060414466	0.000713942798612683	0.0024459096070022523	0.00980528988729689	0.019162221259305178	0.017744242952697598	0.0010087007244505806	0.0017833502777142077	0.008719002950756964	0.008812883900429737	0.02577373972764574	0.014920495039073299	0.04694482084223969	0.01488342386609182	0.009063541236721102
TG>CA	0.0002567073203907636	0.00013219417715077512	0.015412584056158404	0.0007634507532502075	0.00047730472291795863	0.011171182233667433	0.02337831145262913	0.005040963795235643	0.02182023243669114	0.02856822867093271	0.052388263565738065	0.015282689300583244	0.02743866932231969	0.005875912775868702	0.07541895023077534	0.005311845865229516	0.14090552254306468	0.015039041782864594	0.0067051805801426785	0.0023432261506810643	0.06348316237886012	0.0047661880898931435
TG>CC	9.476989149921996e-05	5.4518740003860606e-05	0.0004691629758151006	0.00011394798694951696	0.0005073874758343654	0.007731633449833851	0.0010270811056861682	0.0012452977958209786	0.01129292686864414	0.0001858889266412827	0.0029229106309052386	0.022321144889362255	0.004988504912773264	0.00042982354259089644	0.00018600393157352515	0.0023611385346851287	0.016741486750900852	0.0036148203820795368	0.001790599864739095	0.0001260161734104831	0.003231239143077711	0.004006054323810575
TG>CT	0.00170218043137229	0.002818315976310683	0.005883923544515766	7.792434844782633e-05	0.0003288996173829138	0.26948026484437726	8.846504293668843e-18	0.019426638040706344	0.0009264027980829066	0.004236316362863471	0.0052108116668679	0.01789322572538298	0.015813692431015512	0.0004231441866792706	0.0035199005293059154	0.009592902817830483	0.003616324355883668	0.010105763286684203	0.016073828649878254	0.011648644056510232	0.0026335853930828297	0.030775021267063298
TG>GA	0.00037447932695636974	0.001349486584744382	0.0005069678552460506	0.007454087513650061	0.0032789659153229078	0.007290666310179988	0.008069919198665405	0.00026998082045069313	0.005914431799009901	1.9762095902035233e-05	0.006826349876979839	0.0022499868139875152	0.0058494851068440845	0.003510589953369297	0.005228858420998711	0.0011582445779330561	0.009648055006178656	0.0007370426576936038	0.0031393280136610088	0.018405646267552648	0.0071536504234955	0.001870231307327229
TG>GC	8.177589496127827e-05	0.0002497013361611163	0.00048273370952012614	0.0005735374416676791	0.00029280091557839713	0.0054875982558465295	0.0037953078958767746	0.0035266817711901866	0.0037419788574987313	7.24936290267728e-18	0.005715083552780738	0.0019108003552667236	0.0021024731108710143	0.003020156485745683	0.0006218577633720103	0.0013694983267868715	0.007238079878345617	0.000794113673816736	0.0013049572331658161	0.0004989806061088218	0.001895764945816461	0.0016634596460253295
TG>GT	0.0017481855813688977	0.005875316648441298	0.00998425275375271	3.065720407874288e-05	0.08292675268116276	0.026850034113309527	0.008519878437684567	0.007830429422781829	0.0031964724961074218	0.0021230497893282795	0.004893306869396612	0.005442684075629212	0.018359476823785793	0.032340509367055334	0.005532938973503314	0.028236971945102968	0.003134458865092136	0.0029644407298969108	0.009137068720539357	0.005048941014946875	0.12258366879402113	0.015364527388069763
TT>AA	0.005044380635272264	0.003951209567388888	0.003116992877955327	1.7060983762753963e-05	0.004926696579286334	0.00018886530086509562	0.2295538816518503	0.0035616202103790407	0.0003258974572083756	0.01416674205148858	0.0044482694281973035	0.004196730886269081	0.01261598927656367	0.19195404231303073	0.007895955516916209	0.03260760414184876	0.00020480849771141034	0.025989498870568718	0.05050156122424795	0.06013996090385118	0.04926050662366921	0.012867346365303954
TT>AC	0.0006615580408064332	0.0003162801140565119	0.00235226488079741	6.25569404634312e-07	0.0009673151202740747	0.00012525762855484376	0.039073001173814875	1.1245984501551294e-17	0.006365027713406687	7.239380156606347e-18	0.0009698531615247986	0.0004019935748831777	0.001408890561843738	0.01229828244843342	0.003558351657847146	0.008420985557903288	0.011578829527053023	0.01667045411637643	0.009189567472883187	0.01012196369849051	0.0009690265670142304	0.002494350902317205
TT>AG	0.000384070973918316	0.0001971025649859498	0.022167431607955927	6.634827018848763e-18	0.0008942156918645938	0.002074587116446228	0.05265086870547504	0.014525043877619588	0.0008773419549376779	0.006800036731820171	0.0011843396404095294	0.0029879781362915723	0.005541992142583106	0.006733062724868314	0.00025202008179015884	0.029808160751376194	0.006189544172837424	0.00767795413959483	0.008987173762903063	0.01493465778344758	0.00277915664471574	0.0032138585850157745
TT>CA	0.0006661519450808649	3.822055262555038e-18	0.0006717985742400621	6.634827018848763e-18	1.0515165606756029e-17	8.120461441767778e-18	0.09543580482467016	0.006257706659064396	8.632931260481133e-18	0.0012603516609056623	0.0018837531663640525	0.00322556017859126	0.0036439850368903287	0.007393625203394356	0.0025511352116906606	0.08705140689388477	0.01343593302602799	0.016194052630932276	0.021063258915189727	0.0006148553278453165	0.00041427486347285643	0.005966283951046191
TT>CC	0.00498006230104168	2.7313488447036e-06	0.007898962211284477	6.634827018848763e-18	0.0007740523850879598	8.120461441767778e-18	0.03457960593132888	0.0002924901429277361	0.004931463033669951	0.0028138083365109113	0.00373020453914267	1.8395367513566825e-07	1.0046486495228659e-06	0.37058387800242387	0.013111839671031298	1.8680040390090504e-06	3.673799075278787e-06	2.023207755600777e-07	0.03245101221936329	0.0026444134511823788	0.010123361552470974	0.003560035435901092
TT>CG	7.697843995148332e-05	1.3931712228018364e-05	0.03078272123669833	6.871785126664791e-18	1.0515165606756029e-17	1.095773110214447e-05	0.0026081225444615896	0.00011540470060313156	1.8929350936603146e-05	0.008382803615803064	9.288843266018154e-18	0.0016366603096069255	0.0008197559824893908	3.326663380977752e-05	0.0025777253543239104	0.010850717869817767	0.006161637801703762	0.0036506627134001083	0.0035387670540739874	0.0009459984562270434	0.001667683259261282	0.0008867905734272768
TT>GA	0.0017090251683992365	4.3903224718557865e-05	0.011906524206250376	6.634827018848763e-18	2.9943185870667166e-05	8.120461441767778e-18	0.042589571533542696	0.003611363289791123	8.766775155992466e-18	0.008490275682486937	0.0006593138880118541	0.000432842019117232	0.0027047409280678766	0.01573243764983063	0.0007617519215438327	0.007916389021028428	0.008374971228013135	0.0012952385182699987	0.015691506220032285	0.0012936397162984262	0.05924959097388868	0.004476300262491535
TT>GC	0.0009739600662162202	1.4115024231018607e-06	0.0643726712539047	6.634827018848763e-18	5.66817498421325e-05	4.0015285899795435e-07	0.0035849474272197563	0.0002845313696481869	3.403459057288242e-05	0.025207031264164487	5.3905134616049136e-06	0.006397405884042906	0.0007224925979002503	0.0063235564031402765	0.010016923858328287	0.012908285402035423	0.017570772615891194	0.0025777575492915783	0.009228118837586891	0.0026013493924904154	0.00014849194814962516	0.0013844549889886633
TT>GG	0.00147931709431776	3.822055262555038e-18	0.16552972691154208	6.634827018848763e-18	1.0515165606756029e-17	8.120461441767778e-18	8.834322201647142e-18	0.0005352382016632567	8.623370982230321e-18	0.08275331646816632	6.845392527366793e-18	2.8767223664833235e-07	2.2197951113267134e-06	0.17422761154334754	1.3665374291301783e-05	0.0002665972556047823	4.592248844098484e-06	3.7791993925373e-07	0.01011185302263095	0.00018126830321263883	2.510756748320378e-07	0.0013631550840348327
