Type	Signature_1	Signature_2	Signature_3	Signature_4	Signature_5	Signature_6	Signature_7	Signature_8	Signature_9	Signature_10	Signature_11	Signature_12	Signature_13	Signature_14	Signature_15	Signature_16	Signature_17	Signature_18	Signature_19	Signature_20	Signature_21	Signature_22	Signature_23	Signature_24	Signature_25	Signature_26	Signature_27	Signature_28	Signature_29	Signature_30
A[C>A]A	0.0057117511063272	0.000575884571331053	0.0188996832850953	0.0259699471826119	0.0123682534910901	0.000883026284899911	0.000271155581436835	0.0313974097434681	0.0119535252670613	0.00045401491028522	0.000144300420867616	0.00723914608470912	0.000299907514546834	6.20193497786632e-05	0.000735154685800238	0.0150649572679887	0.00158061491459827	0.0358560898114785	0.00761798540355266	0.000810024369128199	8.30488175604636e-05	0.00138356156352878	0.000311667568639812	0.0185290442930541	0.00840335505508395	0.00175596088057785	0.00551906149107093	0.00150346687828359	0.0470969129970418	0
A[C>A]C	0.00604540933216386	0.00067048691116528	0.0195583869603836	0.0282267450977632	0.00952334274142384	0.00186726888877612	0.000435163720703289	0.0364984692714419	0.0085686751916247	0.00083271463170468	0.000926321452961575	0.00567307589311435	0.000746190386736345	0.00334426450295551	0.00290415297413758	0.0116530036474523	0.00037909267512457	0.00996535907686569	0.00676413393340886	0.0019491366453374	0.000746372472384519	0.00289467435956795	0.000323744037925092	0.0167872378146863	0.00762983273949896	0.00164367329638751	0.00644959160254478	0.00126690304507443	0.0476534523904929	0
A[C>A]G	0.00186640717047306	0.000203819299661871	0.0044361694452318	0.0316896241291222	0.00444804700410815	0.000632095226653357	0	0.00525554149513597	0.00121219519610511	0.000473566667879677	0	0.00388985428928648	8.31722080110936e-05	0.000754718523825804	0	0.00501017049803413	3.30980242037898e-06	0.00395108234342569	0.000866391452913911	2.70149305479142e-07	0	0	0	0.0322393006951186	0.00299328816763661	0.000594916450167059	0.0020196410050972	0	0.0292320183535699	0.00351853620639782
A[C>A]T	0.00312479857468114	0.00026610381984343	0.0135037079669661	0.0168397604840084	0.00742297336132722	0.000961235375847951	0.000264100961883969	0.0279825135009658	0.00659743477299588	0.00581180906074917	0.00014054617555522	0.00421216991437659	0.000738783393643131	0.0178801169209586	0.00313950853250389	0.00802003262311286	0.0026719531027912	0.0134230315928166	0.00513144304412074	0.0020112262117215	0.00048532888354697	0.000826467512313258	0	0.0154980926963456	0.00410739890051173	0.000501288849809	0.00280693153678793	0.000537993202102629	0.0175698808064398	0
A[C>G]A	0.000926919437700609	0.000222254049500122	0.0204598389303954	0.00690160240195439	0.00966099075160168	0.000675255394335226	0	0.00714590265119234	0.00478141010682452	0.000324296364489444	0.000505051473036656	0.00291446141072704	0.00338215424640498	6.20193497786632e-05	0.000622053964907894	0.00449141583145005	0.0014336719147978	0.0010762467697996	0.00412937526547714	0.000478507313201739	0.000415244087802318	0.00048536825477268	0	0.00775743927334194	0.00682046077330471	0.00109577382472013	0.00140389207806174	0.000274557434971966	0.00626009835507498	0
A[C>G]C	0.00170533035175835	0.000292262219321625	0.0133079814844887	0.00493282924038579	0.00774977060385801	0.000800258095189763	0	0.00472771468261897	0.00294148551354281	0.000249814389511404	0.000277896435888472	0.00181055613610032	0.0010591527020229	0	7.26038243534395e-05	0.00288321739730777	0.00180210716414783	0.00227620510817589	0.00173673709101038	0.00181499762749119	0.000852997111296594	0	0	0.0069966371169239	0.00178344158486972	0.00168902419955803	0.00241076848477918	0.000371427712461616	0.00300601276417166	0
A[C>G]G	0.000742203741944392	0.000450086342589591	0.0109443113826764	0.0053681876940043	0.00464144001794298	0	0	0.00121625358775535	0	0	0	0	4.33701270631002e-05	0	0.000825799136109655	0	5.41795626518862e-05	0.00451477800202916	0	2.12772514178652e-05	0	0	0	0	0	0.000643735539025775	0	0	0.000252950502315273	0.00862061938435291
A[C>G]T	0.00148572836591631	0.000501965778088006	0.0193256599923102	0.00374216899644631	0.00942997867947633	0.000910644040277006	6.60252404709922e-05	0.00719157233646523	0.00368680178490947	0.000126343675233678	0.000632457789998488	0.00228922277955249	0.00336873876048385	6.04058004086441e-05	0.000550790970614718	0.00665298160780953	0.00111637867752387	0.0027524625871839	0.00499275539427963	0.000567385300582231	0.00145598665064091	0.000268295229354966	0	0.0024452715767296	0.00283536217103888	0.00209469436741366	0.00136587667794539	0.000322431293233426	0.00260669522034933	0
A[C>T]A	0.0151896477484535	0.00627717315847391	0.0152342455784893	0.00853806482716007	0.0180779537116899	0.0162061294640454	0	0.0154487477802185	0.0092639820819725	0	0.0162337973476069	0.0113758009902572	0.00132608753822296	0.0181716694851483	0.00661639217220214	0.0126321070259533	0.00806733993532684	0.00271431807606869	0.0157343436839732	0.0225565129428893	0.00423548969558365	0.00286393933813674	0.0135891381257009	0.00408505710278562	0.0178206063072336	0.00508530548774677	0.0145495748047266	0.00584607122550218	0.0034976583279587	0.047853241189251
A[C>T]C	0.0094637276216107	0.00295256896421013	0.00973563352430087	0.00685115172275804	0.0135567322541232	0.0108701724596609	0.0171454505957096	0.00620281004555262	0.00716187777210423	0.00266468682145497	0.101802727680477	0.00651800208996117	4.65939939604926e-05	0.0255597358440171	0.0122700463157312	0.00913018842480792	0.0046792236678317	0.00224562511613322	0.0185556647092162	0.0195627527518449	0.0066107276125486	0.00180087888482473	0.0722691237576658	0.00319251963902186	0.0143258775571757	0.0117448009106096	0.00738346967537498	0.00250761703148558	0.00775596560084763	0.0513218975043183
A[C>T]G	0.214998599232254	0.0068202236912305	0.00741189074597522	0.00484868565910067	0.0337659670121712	0.114788493160249	0.000164985718876031	0.0400934977575209	0.0303048799026277	0.0198898000509465	0.0126432258205849	0.00434748420567313	0.000690317423004051	0.0748680775635197	0.0425286555096472	0.00797072579232702	0.0193797665698497	0.0146157028365567	0.0637664109344638	0.0577620632009829	0.0517441449867198	0.00811713840306546	0.0154745117939252	0.00489699999863949	0.0406282670574773	0.0417575640102259	0.0173049899364818	0.0142236729156841	0.0518222978181563	0.0365936350314552
A[C>T]T	0.00632779007119938	0.0027330210672565	0.0122853270985536	0.0040886661257469	0.0132851826806727	0.00753810900007077	0.00283908534025266	0.0173282262113193	0.00737360356981893	0.00296907636799142	0.0449045030898926	0.00613511704920068	0	0.0167324067131944	0.00363522040605714	0.00920481016970908	0.00482007392371967	0.00387385040211938	0.0184454574288664	0.0125832001044811	0.00242664441773484	0	0.0222363510213835	0.00215486391395857	0.00473754272917375	0.00950359649794266	0.00462164151524343	0.00170722360290494	0.00312640781672338	0.0157003931723713
A[T>A]A	0.00106514419068339	5.74670872746919e-08	0.00369746062563985	0.00175762322655306	0.00379272052173138	0.000160391852742981	0.000348871024634015	0.00588156304024225	0.00620306699795824	0	7.42632483040844e-05	0.00280627968814414	0.00057339103946794	0	0.00061116857538759	0.00390061773222173	0.00027218526803063	0.00110902093755904	0.000403046716489782	0.000202932690677182	0.00354746312304558	0.0234901988383621	0	0.000388393746360527	0.00892781617633312	0.0019756496637919	0.0780668235338253	0.000533775146984723	0	0.00286452411196595
A[T>A]C	0.00125760699324516	9.82926877454322e-05	0.00647692352929338	0.0028596837187737	0.00631208587024098	0.0017665008213089	0.000558886652573239	0.0109547653280617	0.00431160773207213	0.000133683333111398	7.4355448222996e-05	0.00629774636665952	0.000978676739512875	0.000511319540005713	0.00524509164364008	0.00703947193886706	0.0016703315217043	0.000593122020744373	0.00388872669987738	0.00139474184003817	0.0249914525398492	0.0110599983405682	0	1.01143371958924e-05	0.00778146474456957	0.0113755449505852	0.00159968250056293	0.00373170665775269	0.00211506460897331	0.00283085827261871
A[T>A]G	0.00141102462729955	0.000438476041886606	0.00611699299340518	0.00693991371801744	0.0092915989424392	0	0.000595082166632166	0.0117072344942192	0.00660692747689703	0	0.000492619400342199	0.00421823058540317	8.96163880172463e-05	0	0.000496425127446286	0.00730142929879083	0.000915042284542778	0.00311642197988936	0.00312496200558425	0.00012761404652972	0.00218712239054387	0.0609361216928574	0.00015919822581713	0.00399518749572412	0.00516958133611607	0.00098438287933396	0.00126811320848624	0.00187395203293217	0.00256659176409531	0.00472394093812339
A[T>A]T	0.00239060828555453	6.98800143994966e-05	0.00414562751952951	0.00118588498973555	0.00514785837634945	0.00152947962177162	0.00131816482009038	0.0114539051375673	0.0102383412712554	0.000432410705133622	0.000120254675913264	0.00313394219214665	0.000483707537560963	0.000310107902519287	0.00248202175692545	0.0043668113413285	0.000980476779116288	0.00107870008511948	0.00130530924451141	0.00283036091018739	0.00198401533397536	0.00746146061156017	0	1.78502912358043e-06	0.00700574875986801	0.00190981105301563	0.00149330041130194	0.00337901407305479	0.0019089295496056	0.00381515436694135
A[T>C]A	0.00368574657702053	0.000565875473329816	0.00571853341019248	0.00307584064646783	0.0150665599884045	0.00200489815928726	0.000174435512317008	0.00713198804446633	0.0129187841610369	0.00103476114644303	0.000222789744912253	0.0225470057702615	0.000253335033530239	0.000829863952988047	0.00334687553188443	0.0345276902963331	0.00119766102216623	0.00107098851943233	0.00531288853554713	0.00579228129385158	0.011326237682013	0.00797217789780864	0.000378013949606679	0.0015732221276502	0.00902952670130558	0.0243796931912403	0.00275396077257532	0.00226611677292555	0.0035047567898687	0
A[T>C]C	0.00332811241764126	0.000369958764181821	0.00806972951842039	0.001466504471166	0.0117478037954898	0.0029976983634333	6.98608315716549e-05	0.00686285620536757	0.0107790193301803	0.00347576666089636	0.00111533172334494	0.0307136245881703	0.000134343143649492	0.00294008735503285	0.00425435211095251	0.01648972193899	0.00718262465998147	0.00110650738972325	0.00352186569045499	0.0136199841947322	0.0141218824283394	0.00105062593478073	0.000156978473830725	0.000418590095378434	0.0083151753090289	0.0244811818507988	0.00201663098688798	0.00873781113691449	0.00440385879545054	0.00663010029943689
A[T>C]G	0.00508890518890376	0.000473479449147057	0.0097416603673174	0.00562133011159413	0.0229697598483357	0.010994115949203	0.000462841685158351	0.00821751970417779	0.0171002828813805	0.00164483103903554	0.000562993600391084	0.0446582238063335	0.000243957703257786	0.00211724503046371	0.00402655936706432	0.0317612174497401	0.00373041367145902	0.00230428074905873	0.00937488601675274	0.0366831901560571	0.0181450153882158	0.0044086685523453	0.000334465549398729	0.00171843707113539	0.0164906967919661	0.0434874108939657	0.00588287727406366	0.00579350760710808	0.00962286661046656	0.00648662044454663
A[T>C]T	0.00264662918112977	0.000697419753350614	0.00804073161842817	0.00142306198768266	0.0125564208987573	0.000663736439636738	0.000414280372028406	0.0103705297723196	0.0136695691567573	0.00144136901711208	0.000120254675913264	0.0130580924672777	0.000133125643113905	0.000861410840331355	0.00197933380615573	0.0258369671028603	0.00150528947682032	0.00216460250710274	0.00632877209460078	0.00279991288667291	0.00872043949119403	0.00134436037781015	0.000119637916146878	0.00255950921961537	0.0068347490730841	0.0186872110819778	0.00152720282639542	0.00193214873031532	0.00295093138732455	0
A[T>G]A	0.000420503086606132	1.46377306307058e-05	0.00103150326972293	0	0.0014749091272398	0	0	0.00185696903879602	0.0171737805315373	0	0	0.000580609590650511	0.000178063872845439	0	0	0.0025041002725374	2.35948824217772e-05	0.000140996253766881	0.000512968548259723	6.2366714052618e-07	0	0.000782071309294506	0	0	0.00230801021504087	3.57323994770941e-05	0.00062002019529981	0.00352406303739514	0	0.00200886935795265
A[T>G]C	0.000946246000301323	2.15978967364143e-05	0.00128625914947401	0.0001466504471166	0.00191651543348449	0.00091001557461368	0	0.000699408078394308	0.00523552367465901	0.00267366666222796	0	0.000968884056409157	0.000103760983575822	0.00127829885001428	0.000349672776242672	0.00405010714290982	0.00575156014038355	0.000917637565277106	0	0.00026981887737457	0.00265320215320316	0	0	0.000975867348062464	0	0.000144761056716543	0.00104779253120104	0.0184174525568015	0	0.00186239878652326
A[T>G]G	0.000695661215285531	0.000224988634816118	0.00752747533054422	0.00104098705770262	0.00443280021357582	0.000354648901587194	0.000595082166632166	0.0057264015630821	0.00505235630586243	0.000948940984058964	7.03742000488856e-05	0.00165061196820124	3.14589486163916e-05	0.000423449006092741	0.000661900169928382	0.00556733984032801	0.00292984364242321	0.00163960413517278	0.000694436001240944	0.000441094904409487	0.0012960725277297	0.000975180265134154	0	0.000534764269885086	0.00591038395393439	0.00105385321394201	6.99687269410635e-05	0.00691846276098544	0.00192014208191388	0.00451242226443051
A[T>G]T	0.000903111125589763	0.000102021480460444	0.00332967928628891	7.90589993157032e-05	0.00175735180598952	0.000836885076063713	0	0.00139666972850479	0.0106810803532557	0.00493668888360885	0	0.00156697109607332	9.58114020591194e-05	0.00192956028234223	0.000911121910770099	0.00395092454691627	0.0148240952498772	0.000133472633653715	0.000672432035051333	0.000202949119627695	0.000830518046780383	0	0	0.0003864778622268	0	0.000884989009763574	0.000150807293466887	0.051639521521931	0	0.00389554259715213
C[C>A]A	0.00454239622525245	0.000764672497228887	0.0214229989980843	0.0438914831580053	0.0107166883210844	0.0070201632737243	0.00108853132729381	0.0362994877738895	0.013062971001872	0.00269051178572205	0.000675828918811262	0.0169836688486811	0.00205011122265129	0.00464746753799084	0.00802125590341696	0.0199085798638561	0.00119194961572108	0.0842784543744917	0.0106702724936416	0.0159627939463347	0.00222261672629032	0.00560032908741173	0.000151546643104691	0.0550134991285671	0.0168534153354051	0.00426895908423047	0.00718586502355486	0.00168227392039499	0.0462974096038253	0
C[C>A]C	0.00551088108838106	0.000262868988442707	0.0195923075833348	0.0637117722758948	0.0059785092621542	0.0182563883524538	0.000593175111263978	0.0318068112692543	0.00828061754630305	0.000851309927986894	0.00178879114559791	0.0153563411341511	0.00151464243795975	0.00922572475446268	0.00692767932575071	0.013646307117997	0.000530833401986271	0.0213584892163333	0.0165092215550643	0.0365447919839911	0.00169564370560557	0.00505019013639799	0.000738779060985031	0.0318438934762382	0.00968634607520095	0.00499767635941836	0.00345444502266122	0.000524517407018817	0.0253472331081152	0
C[C>A]G	0.00155267172323649	1.92980096070591e-05	0.00565515122446039	0.0211570400752205	0.00783361359090532	0.0159720307231351	0	0.00335062713801977	0	0.00153413702148227	0.00243798841021994	0.00889505589584655	0.00073915855720559	0.00188609582085177	0.00286629358111183	0.00695598670952553	0.00086720687533289	0.0411846399878486	0.004330348989658	0.0289553532142698	0.0075768947088201	0.0027979869424608	0.000380857850868792	0.0490222020680098	0.0036638386731329	0.00236126675470001	0.000954063381995135	0.000195047769813759	0.0329650605772969	0.00561781020572097
C[C>A]T	0.00462376999370751	0.000439039012699398	0.0156890963959136	0.0384258972275506	0.0113972183397517	0.0370785623067116	0.00110170159315478	0.0307777016432836	0.0113323040503514	0.0129734094972479	0.00126278003208738	0.0083448211361548	0.00140758524099579	0.0974595842806337	0.0161187846312626	0.00982614983666537	3.39535333636889e-05	0.0334192250905285	0.00854455913335627	0.0887397026699713	0.00581411407524768	0.00510575919853322	0.000621136445231884	0.0162426099799271	0.0133363622761572	0.0204892587555831	0.00410956452881564	0.000251074192876531	0.0339520802038686	0
C[C>G]A	0.000884933126056848	3.13479970314918e-05	0.0191997360122183	0.00999697555659558	0.00834915610671562	0	9.07109439411506e-05	0.0075737913255948	0.00239932120442548	0	0	0.00239029413425883	0.00639415548224435	0	0.000681050029535402	0.00500844776449212	0.00222240461633377	0.000435275943340947	0.0001905405802436	1.2232454453095e-05	0.000111130836314516	0.000716419874397197	0.000183108821741613	0.0116648122760035	0.00818164484535627	0.0014734679899764	0.00671141490958453	0.000148812797466012	0.00235841434648686	0
C[C>G]C	0.000526993687527499	0.000344016055035044	0.0168213491702251	0.0100652148383742	0.00921497292183677	0	0.000395450074175985	0.00757926928626011	0.00290547984080809	0	0.000210446017129165	0.00260509358525778	0.00119198249647425	0	0.000247417118776812	0.00682315355899849	0.000892566595657277	0.00378117918774889	0.00290728429900504	0.000548780347774505	0	0.00110717202416573	0.00028450937045116	0.0151929298518448	0.00569437532515811	0.00152536681790497	0.00195075362956515	0.00022642948446222	0.001090921611021	0
C[C>G]G	0.00088045026052382	5.46167140392813e-05	0.0120294494386192	0.0151465173265783	0.0073109295670295	0	0.00137437055471086	0.00189554791010454	0	0	0.00195039072817595	0	0.000864187314775405	0	0.000764344954963154	0.00885307399394157	1.02558050998323e-05	0.0129601612487024	0.000481149887739779	0	0	0.00118773085420334	0	0.00174300495651825	0.00236334605858266	0.00060456179269339	0.00129276881129151	0	0.00345666432792178	0.00806045514002424
C[C>G]T	0.000888869855130576	0.000329840161614524	0.0256245123897605	0.00836119060043925	0.00974522664661101	0.000129872372352756	0.000254238829189564	0.0083435569381732	0.00485670173586492	0	0.000180397147441054	0.00223312114911184	0.00714909369444007	0	0.00120183920496256	0.00935823793968126	0.00102873773784035	0.00489585468503314	0.000712046594446357	0.000103611862559743	0.000311470396888268	0.00202471743113127	0.000168254934431372	0.0084006132698297	0.00020843715379281	0.00247207154584697	0.000355247933251935	0.000391395095174217	0.000117576953464091	0
C[C>T]A	0.0143908142893061	0.016953411827551	0.0164194362149761	0.0199939511131912	0.025220974973202	0.00590805820065907	0.0683960517316276	0.00556763858864795	0.013062971001872	0.00104148843318272	0.0299295664044988	0.0235255264792843	0.00437247653868891	0.0049794295049902	0.00385928350070061	0.0262943507635837	0.0245508641273791	0.00927349676759043	0.0417283870733482	0.0102380827369658	0.00377844843469355	0.00951670852207809	0.0557218213182178	0.00522395880091555	0.0162864973286987	0.0075964798269682	0.0247401352753787	0.00632234644726434	0.00821883411202384	0.0682903762674305
C[C>T]C	0.013886623156021	0.00432648970480643	0.0106222790622125	0.0149421746054216	0.0211377648152306	0.00749951222777149	0.0995545561738044	0.00496349236504974	0.0100239054507879	0.00227015980796504	0.159728527001036	0.0128883577375911	0.00131208943091556	0.0151048630783849	0.00725756881745313	0.013373380975637	0.00484080874686632	0.00585128179190828	0.0781851813268141	0.0181737971612161	0.0110216840864362	0.00953948641445544	0.186857272849393	0	0.00735145695232864	0.0081738991729582	0.0110473891106964	0.00415428741851908	0.00693667636361851	0.0684182037745062
C[C>T]G	0.16621117013073	0.0141925527341224	0.0101342361751717	0.0182719891558723	0.0359768680876622	0.158140655841151	0.0476448458966429	0.0240937264466457	0.0255812866821296	0.0238887050487953	0.0329128435379691	0.014613306114605	0.000391130070653634	0.0614028972788411	0.0296183670048222	0.00505889942510947	0.0384129255142487	0.0387987306963729	0.0572568366410336	0.102957955053943	0.0892389821261034	0.0171020194523842	0.0351907179370872	0.00639179426199553	0.0331656364752708	0.0346301275975849	0.0268815114664566	0.00830535753058722	0.0451971744233296	0.0429892596214484
C[C>T]T	0.0110105196475781	0.00944502831953918	0.0171305552727853	0.017878716071152	0.0211413580742523	0.00564944819734486	0.0667800658004589	0.0201437969764211	0.0120794889327922	0.00348660380238538	0.0736020361559502	0.0240942018719963	0.000685184706701132	0.014421227268256	0.00678685668684743	0.0246823525659094	0.0104063053195952	0.00457096112814187	0.103157750370415	0.0118837154551911	0.00415293862517692	0.00479518375105415	0.134084101995777	0.0032112428127962	0.0144710480261943	0.00671396674068701	0.00947415507789319	0.00326026513289845	0.00137478849531408	0.0314481744720749
C[T>A]A	0.0004520681286635	9.68647540637556e-05	0.00479373597329921	0.00396367749984423	0.00310080665115893	3.85818951120691e-05	0	0.00763713431659124	0.00406945540270963	0	0.000214366264202291	0.00118714668187793	0.000189759423950218	0	0.000672069530234304	0.00375313886941657	1.92762158510024e-05	0.000217309878723549	0.00227396439392496	2.29673153746834e-05	0	0.0593747350527934	0.000303584258800218	0.00132922907559284	0.0165849129737984	0.00227727449948019	0.260348587646607	0.00205104269469126	0.000882510385592733	0.00289937371020625
C[T>A]C	0.00127909995966131	0.000511154190834592	0.0141655384414457	0.0103137597216784	0.00671180524082489	0.00176365602654344	0.00123937411511512	0.0199675433160876	0.00637421439339186	8.47008765003651e-05	0.00103644465462256	0.0105587108175351	0.000260068631345879	0.00275373379552364	0.00317555516635165	0.0156411192274844	0.0115191919046206	0.00230844603274895	0.0049277430818622	0.00393474985152209	0.00401283226036611	0.0645172451818644	0	0.00227602543012545	0.0175197952336966	0.00438624423537571	0.00389556265891559	0.0275533463607853	0.0003369207786828	0.00651353138797432
C[T>A]G	0.00111795636482051	0.000283741521359723	0.0143214280778568	0.0355243328033165	0.0126980391874319	0.000606647369815362	0.00069275268716444	0.0204189801908367	0.00741662901747129	0.000284063185208743	0.000631990390073452	0.00425480765000497	0.000375308202053987	0.000181083477664411	0.00222905489312209	0.0177585295571757	0.00562648491017006	0.00572082582343001	0.00218271621773542	0.00113031040661945	0.00303106384407384	0.286339760462876	0.000173747125399061	0.00652622452847323	0.0779218961317832	0.00300405451606227	0.00680543931323984	0.0138745979740284	0.00349456207307373	0.00886446437297385
C[T>A]T	0.00119256282222463	0.000515614751829137	0.0149147583892269	0.008700007936186	0.00861194569982829	0.000607520590108692	0.00129740231532085	0.0238644431438656	0.00730815004060523	0.000620666337619537	0.000306860649509983	0.00539801369286617	7.62488122802426e-07	0.00131886642054405	0.00042089815686398	0.0095511764343543	0.0286627975390186	0.00249986755162214	0.00166541566695943	0.00174124852696297	0.000883033256050577	0.0604721871465239	0.000334641331990975	0.00200493885062444	0.0330635249482372	0.00149740539400828	0.00612219188966496	0.012517729859846	0.00159768421243294	0
C[T>C]A	0.00159661905107029	0.000342486958319511	0.00499867984226593	0.00274814973322534	0.00875467112012471	0.00239207749694828	0.000503520785496708	0.0032861455973506	0.011394475127587	0.000240880101845869	5.35915660505726e-05	0.021787633220348	2.84490190287822e-05	0.000276399533148364	0.00134413906046861	0.0101473754617559	0.00475957649003226	0.000101274793192089	0.0034902709302104	0.0075811090877393	0.0135094109930487	0.00275174480915865	0	0.000888292308673424	0.00569390788348574	0.0242275408861776	0.00385802914382742	0.0165724547158061	0	0
C[T>C]C	0.00353021696079241	0.000432185808746336	0.0160642712988933	0.00241583561048323	0.0135012409528858	0.00271331696391298	0.000708213780065784	0.0122130625405799	0.0153501489473518	0.00160931665350694	0.000376888965317295	0.0472686472645463	5.06683546751445e-05	0.00429258503419863	0.00369250600738564	0.0237060713291561	0.0446819132130902	0.00282619129746573	0.00650833991944064	0.0164561371988789	0.010845492595584	0.00162467100093083	0	0.00376205330208836	0.0119441892902493	0.0244412305134497	0.00792577379103434	0.0608138134242362	0.0024388087136877	0
C[T>C]G	0.00526927911609783	0.000445820362923114	0.01048167365976	0.0103872318138353	0.022648622955671	0.0204743487312685	0.000989646695949202	0.00706288191907284	0.0223953111507957	0.00142031592604371	0.000105331731678909	0.0569595217661956	7.09837860187942e-05	0.00144866782131529	0.0105673713451713	0.0259547739681799	0.0360355313787655	0.00268944350215371	0.00415755470044842	0.0743132549973047	0.0255821788439832	0.00369259705080174	0.000321865892430548	0	0.0165494560708354	0.0593697852240662	0.00876281647911781	0.0582531152834003	0.00678154802828486	0
C[T>C]T	0.00367387728024853	0.000503071195048802	0.0108147420785924	0.00408522111786126	0.0167704397058046	0.00182256177032608	0.00324350578830214	0.0101106332466124	0.0291266849444411	0.00137925852804342	0.000690436461397461	0.032388082157197	7.27717080835155e-07	0.00178046966773447	0.00210449078431989	0.0261662437732832	0.0934511208697391	0.000988286577327511	0.00401213774312954	0.00802990951544353	0.0180138784234317	0.00231154648177173	0	0.00109860973464053	0.00809022984178804	0.0189844660950977	0.00439709652374356	0.00578002279275646	0.00217634064968276	0
C[T>G]A	0.000115709871563486	7.12923042218311e-05	0.00124994094192355	0	0.00125531496287517	3.85818951120691e-05	0	0.00153962614381846	0.0159818612179143	0.00105987244812182	0	0.000907818050847835	1.00444604780663e-05	0	0	0.000139005143311725	5.86182130744993e-05	3.21488384976877e-05	0	1.18624669462536e-05	0	0.00076550039874428	0	0	0	6.09990696703214e-05	0	0.00766357390349411	0.000558292427772202	0.00252356535908667
C[T>G]C	0.00141038310775563	2.4339511173893e-05	0.00648340095867654	0.00120791780524161	0.00376028612800476	0.00271331696391298	0.000708213780065784	0.00234080643869298	0.00832550451381794	0.00152461577700657	9.42222413293237e-05	0.00601600965185135	0.000172716053752981	0.00161984340913155	0.00140315228280654	0.0100200920051073	0.0223249493879583	0.00186766734314903	0.00102273913019781	0.00759910292130085	0.000542274629779204	0.00127886858655201	0.00017070529593797	0.00184604946808955	0.00320066222411896	0.00440630483713233	0.000527851987762597	0.0476481406731172	0	0.00575837133181104
C[T>G]G	0.00120179619699621	0.000281076803156901	0.013022374028782	0.00477812663436422	0.0086374573897469	0.00379154606134602	0.000890682026354281	0.00824416147477592	0.0183234363961055	0.00350344595090782	0.001158649048468	0.00617633368549109	6.01474156851069e-05	0.000452708694161029	0.000577903120439059	0.00915247292562132	0.0169408315840837	0.0055021886507963	0.00135120527764574	0.0154175293853521	0.000484970215051815	0.00562493536979896	0	0.000107565097707818	0.0145894420183016	0.00690889519572763	0.000624160075121285	0.0290831300088391	0.00213170031834856	0.00791470033301237
C[T>G]T	0.00150950413803959	6.01921455355967e-05	0.00790719030306763	0.000907826915080278	0.0101101102787152	0.00474970643175886	0.000937012783287284	0.00442480542000534	0.0539108459517111	0.012551252605195	0.000690436461397461	0.0062976826416772	0.00044172494820841	0.00415442922471378	0.00270577386555415	0.0185054043415614	0.23984976680892	0.00176652664782739	0.00143831353055587	0.00159515796155705	0.00282570641936185	0.00159369129792338	0.000154111139876953	0.00174257342029585	0.00771987127871868	0.00621390252202445	0.00162227915367439	0.13609167113542	0.00081836668950513	0.00714789469713925
G[C>A]A	0.00575822061938213	0.000403551280549102	0.0112331022268336	0.0363584475788726	0.0133786763601151	0.00169424119163725	0.000276387944771798	0.0275219024363193	0.0159748228154328	0.00123406886712592	0.000392226450875858	0.00792186778438328	0.000160853769073048	0.00151718660089475	0.00184453076770176	0.0122082255920339	0.00766315912688577	0.124124585239479	0.00309631845691122	0.00104131436955903	0.0001128684960353	0.00162318545334119	0.00032691909574466	0.0480649758571542	0.0155386928714424	0.00160906461824474	0.0154980514531902	0.00312413270759608	0.0713837732138005	0.00884165133872479
G[C>A]C	0.00492709975753071	0.000187679783267121	0.0153678480390962	0.0472016724867027	0.0127280012729315	0.00500909182495727	0.00011271062202842	0.0224946678965065	0.0152373300505468	0.00237247172985625	0.00119962053583917	0.00875368535417459	0.0011235065219829	0.0117554253951388	0.00930843909664635	0.0146243364940906	0.00185596945592216	0.0189844706443	0.0036696474428719	0.00373399685913281	0.00524714830920073	0.00276773512079176	0.00064962176794727	0.118242832552384	0.00913178414825787	0.0028077498524717	0.0219331181439426	0.000767777774032639	0.0821994273441126	0.0114178565902932
G[C>A]G	0.00104945722584846	0.000498003642329479	0.00262036031562096	0.053436747517254	0.0076936004004434	0.00360894249527089	0	0.00240733350002172	0	0.00042917857038613	0	0.00466577543200269	0.00028698681859802	0.00225712624837839	0.00243228626353196	0.0111450106096593	0.00366423374573117	0.0217640906717462	0	0.0085208740221895	0.000824310184196157	0.00101601970304649	0.000339849122549115	0.0995658169413792	0.00184879692674294	3.76805981706249e-05	0.00571632249275464	0	0.0387056420985965	0.00215243506075218
G[C>A]T	0.00346217553280056	0.000156316200752717	0.0157087895399738	0.0276942689801768	0.0128645752838717	0.0068176697599151	0.000102270541417747	0.0271700606028334	0.0127739638165156	0.00861086431585893	0.000653101754678545	0.00382959085849924	0.000744873871935078	0.0688647572839207	0.0263624552135242	0.00889353821705714	0.00403996055555004	0.0770878463392199	0.00773358481842543	0.0133986892804814	0.0028817299985955	0.000720466263262594	0	0.0492106382140026	0.0134160836454341	0.00251307327776409	0.0118560606405821	0.00214010743996131	0.060514917039702	0.00905159736760513
G[C>G]A	0.000421149300332083	5.14032765757577e-05	0.0138052478242512	0.00676885992159863	0.00625434455127771	0	0	0.00432842547683033	0.00148917839804882	0	0	0.00153326473246128	0.00164302333439342	0.000168576288988306	0.00169081987039328	0.00394223951409429	0.00152001884285163	0.000890867624667458	0.00193519903556951	0.0012499698148192	0.0004514739841412	0	0	0.00434710427038892	0.00481170270032175	0.00154506250258244	0.00204342483111339	0.000119301192007514	0.000243071946450359	0.00736804278227066
G[C>G]C	0.00204797520692954	2.03646192051473e-05	0.0139226840674674	0.0107652937250374	0.00741670909586857	0.00259090956463307	0.000450842488113681	0.00433147738708032	0.00480307142897669	0.00021567924816875	0.000239924107167834	0.00171947390885572	0.00117499195343443	0.000103117766624025	0.00047012318669931	0.00497849752990321	0.000374063075779176	0.000765197929566667	0	0.00206724178810675	0.00579947971016924	0	0.000157166556908923	0.0100769538051265	0.00337810318287164	0.00264151820359556	0.0023739674271977	0.000188218211385503	0.00105742650016837	0.00805257687551351
G[C>G]G	4.23188207694444e-07	0.000113492336041742	0.00471270390524039	0.0145950587932588	0.00301421458319936	0	0	0.000908748170527799	0	0	0	0	0.000242437641044805	0	0.00112259366009167	0	1.24957789066823e-05	0.00127428402660341	0	1.44801228025936e-06	0	0.000653416264297172	0	0.0120393688528926	0.00117482449118757	0.000584052077111946	0	0	0	0.003826632262643
G[C>G]T	0.000691087738761616	0.000341603633313957	0.0230375515592302	0.00644052766980855	0.00754451701594703	0.00133218834389145	0	0.00745089848736879	0.0066124047991375	0.000391402923448133	0	0.00127653028616642	0.00362246502690964	0.000280698738929025	0.00153567700272956	0.00409385092531201	0.00236948064343667	0.00147366112550598	0	0.00128243546820675	0.000501170434538348	0.000747237535515404	0	0.00298196001105995	0.00255434254363879	0.00159165879675177	0.00729481633861088	0.00025918019938725	0.00487017735890393	0
G[C>T]A	0.0174467258694227	0.0073264797489176	0.018682882350993	0.0084127259025583	0.0225430178216553	0.0460974790891304	0	0.00262787715563082	0.00839355097082064	0	0.0255927759196497	0.0158437355687665	0.00357254078901196	0.0469484964832433	0.0365831935594183	0.0158961270729608	0.00242574055554161	0.00260648264954401	0.0361882219651499	0.0529872714152572	0.0183975648537539	0.00239454217399139	0.0497815073559698	0.0208157818642604	0.0115837892125795	0.0112392716455829	0.0204827341493842	0.00494836361773725	0.0106451896005345	0.0485311081173827
G[C>T]C	0.0232419057076796	0.00279915705896864	0.0116337773155981	0.0094639944835494	0.024804449379811	0.0667591031153787	0.0236692306259683	0.00229845939727502	0.01142799753791	0.0144505096273062	0.116963002244319	0.0143810545104297	0.00374654772888108	0.0637267797736473	0.126463137222115	0.0143131803984717	0.000466907869274168	0.00495384525745987	0.0726826945136563	0.0621260435818764	0.0541284772949129	0.00493881350749445	0.186219019230291	0.0171205110318856	0.00981730995386876	0.0279215350215241	0.0355088468044823	0.00301848484429765	0.00423160836333863	0.0604544404834871
G[C>T]G	0.176353839980008	0.000845685644530752	0.00342068267822754	0.00541429600395084	0.0361342650977658	0.230113047674653	0.000448564097289891	0.0328367305481006	0.0290023632272054	0.0579391070021275	0.021484045769532	0.00715418899573746	0.00950073655131878	0.20067904281037	0.342203967384612	0.00278625265241484	0.0214405361524544	0.0279283357006512	0.0654842882943762	0.0104311735225811	0.00522063116657566	0.0100452103727874	0.0296741002890595	0.0270675921582644	0.0294085800778656	0.0640920171106356	0.032862208910967	0.00779298905755949	0.0438292507068796	0.0382655932346778
G[C>T]T	0.0137349804769423	0.00415608392208399	0.0136464136250872	0.00880205448207169	0.0243559080136247	0.0410627465999484	0.0164655571682572	0.00810787663702097	0.0151784746525656	0.0148733110910291	0.0568198526570335	0.0163112203232375	0.00228114318541004	0.0519292667018696	0.0682523112324251	0.0163754037012481	0.00120491661786374	0.00204810349733718	0.0984957955346683	0.0513495093740612	0.0207985730333415	0.00154607565960313	0.111586916892234	0.017691865880055	0.0125843778842261	0.0224780512544661	0.0121396052479024	0.00169453639849769	0.00584953622714474	0.0209385747667676
G[T>A]A	0.000308029495065941	8.42277443095792e-05	0.00328242542196339	0.00426291017570598	0.00484480787237786	0	0	0.00604330100799368	0.00259486579667467	0	0.000187948016098782	0.00122452248344811	0.000107322501691704	0	0	0.00243748623508329	6.40209381698519e-06	0.00115541807832549	0.00160734311954461	9.72394515230714e-05	0	0.0429000170418638	0	0.00124974930299656	0.0267030143466277	0.00167656040470642	0.101129659563181	0.000515174759147401	0.00171225015339846	0.00238518364114961
G[T>A]C	0.000436164254656732	0.000380295288702729	0.00734351474752345	0.00567621275139746	0.00510726512400324	0.00223130973763684	0	0.0103770228064508	0.00443189921036149	9.9505983180235e-05	0.000332074843199975	0.00562520484295833	0.000347558095720103	0.00237872554693936	0.00329682650808588	0.00574221089510881	0.00340636967224021	0.0016439992423708	0	0.00400126343053739	0.0180925139940662	0.0133920188787843	0.00019322325083593	0.0048160379852027	0.00761688995638705	0.00687735842050648	3.81519995724804e-05	0.00522243383423492	0	0.00377061295832658
G[T>A]G	0.000784765821790244	9.5080760860723e-05	0.0087395436519516	0.012022480245156	0.00716640920335712	0.000395949856224631	0.000516742327053729	0.00983956658952641	0.00354353738026308	0	0.00036665855510623	0.00226941774170253	0.000174734815681682	0	0.00186798315108436	0.00606284455397486	0.00387899376846496	0.00135695547794217	0.00144724004337885	0.00072243665282626	0.0032708405743876	0.0587773355914621	0	0.000160869712940999	0.0412529328708053	0.00148537448435453	0.00210926309111515	0.00294264893370407	0.000456260205015277	0.00468366685072712
G[T>A]T	0.0010114241646517	0.000169742623239977	0.00689998622122318	0.00298620426351968	0.00393821763431091	0.00101735564735022	0.000632247837385078	0.0142056810367346	0.00334461439112421	0.000241969631201482	6.72924588488029e-05	0.0027182356554275	0.000102563302542205	0.000520593227094617	0.00226794557568349	0.00287994877728729	0.00312137359166307	0.00238955912369157	0.00345293575233105	0.00121697939962218	0.00317574852915374	0.00909546050617855	0	0	0.0159716568376403	0.00201778002748473	0	0.00201463261350479	0	0.00438226131609528
G[T>C]A	0.00502642979180541	3.4233724567247e-06	0.00507010124145291	0.00376865972055166	0.01171239166433	0.00550254280489966	0.000117724659149168	0.00424765058450727	0.00787109291657985	0.00360438305022396	0.000626493386995938	0.0467767588677178	0.000819993488213438	0.00420049720845345	0.0095752225732341	0.0130811761282803	8.54143139410724e-06	0.000325984417709701	0.00241101467931692	0.00147192594438896	0.102832848945466	0.00336867866704049	0.000149931208439692	0.000713158726624886	0.0128950683688064	0.0732946060982863	0.00439805749411183	0.00341454659433033	0.00414362578019677	0
G[T>C]C	0.00552675027965312	0.000240793232805234	0.00818741983694616	0.00174652700042999	0.0121593053001391	0.00470168837573476	0.000104000559673861	0.00679688289325029	0.0148239387381057	0.0100501043012037	0.00177106583039987	0.0395206699223227	0.000728330118268444	0.012083925778452	0.0432925375667067	0.0142119719653943	0.01278343272859	0.00248087476014361	0.00327683619940709	0.00164891121556037	0.0847290268031972	0	0.000567653723845997	0.00665902721488536	0.00527012261916144	0.0531276877729547	0.00319611041548676	0.0116715834507528	0.00734233122225058	0.00743028906059117
G[T>C]G	0.00325458313252578	5.30528033699937e-07	0.00660464734210637	0.00379657270899663	0.0148325952065902	0.0075890389109721	0.000258371163526864	0.00547608880437355	0.0118961612051689	0.00444969316694191	0.00174162813675459	0.0489716460051599	0.000717180042122679	0.00646108255756728	0.0110642078948844	0.0175941371370251	0.00510150973165222	0.00529223305007382	0.00542715016267068	0.0238462904259078	0.0932717118631821	0.00172366388425871	0	0.000228194807215078	0.0144577645293082	0.0488015521051168	0.00165564636540744	0.01125234980525	0.00482486694817895	0.00734699063430382
G[T>C]T	0.00512034726346061	0.000455204040923983	0.00597000142247652	0.00159264227387716	0.0120955036533315	0.00203471129470045	0.00512120748281914	0.00676955614307383	0.0117061503689348	0.00750105856724592	0.00154772655352246	0.0355124335628431	0.000565006729794319	0.00497455750334857	0.00495783451428483	0.0123925068598423	0.00655755100697674	0.00315753499576976	0.00657385845155333	0.000959284843325157	0.0776896530424684	0.00133928782240798	0.000638462587185057	0.00255698299570062	0.011213520448282	0.0445835223987289	0.00370536301225755	0.000409286163311354	0.00705360943969132	0.00579805405615346
G[T>G]A	4.42612065943674e-05	6.99875449515648e-05	0.00306756253555156	0	0.00116992112946371	0	0	0.000723619975948761	0.00622767791201922	0	0	0	1.43836755854832e-05	0	0	0	2.93624679166447e-05	0.000826491785165619	0	2.13348149065355e-06	0	0	0	0	0.00408917641873842	2.79514865383654e-05	0	0	0	0.00207130674626425
G[T>G]C	0.00015978120702458	6.08271243048887e-05	0.00588741758771557	0	0.000416210134950561	0.00127503413579248	0	0.00068849936114542	0.000916944664212722	0.0019901196636047	0	0.000576944086457265	0.00012833888325376	0.00180783141567392	0.00190868903099708	0.00459376871608704	0.0120167060498467	1.001905641966e-06	0	0.00298113751088681	0.000764472422284485	0	0	0.00106542242599625	0	0.00324989767397214	8.26137540840235e-05	0	0	0.00210712382093358
G[T>G]G	0.000777000957887808	0.000117805017464455	0.0177511019898539	0.00162710258956999	0.00625622291905759	0.000659916427041053	0.00146410325998557	0.00661357136795154	0.00632774532189835	0.000741615527823652	0.000916646387765574	0.00131387342940672	1.20413241699636e-05	0.000945524276717162	0.00265828371500467	0.000951034439839195	0.00524252225751124	0.00873917643477626	0.00388945761658065	0.00238379517625322	0.000422043945082272	0.00219429561172997	0.000163440999073158	0.00240344536020104	0.00936926665005669	0.000893771361241536	0.00638854693764909	0.00576517003701299	0.00311273842514808	0.0031224756876546
G[T>G]T	0.000384346627650681	6.80347230859758e-05	0.0056185218847212	0.000132720189489764	0.00255350700258938	0.00169559274558371	0.00056902305364657	0.0043285066366822	0.0171876017321661	0.00181477223401111	0	0.00280592067657032	4.49048913195996e-05	0.00219806029217728	0.0100211548692991	0.00383993170304972	0.0510955688481421	0.00191279433054625	0.00166006526554377	0.00227841654199117	0.000619658249590974	0	0	0.000497764148600758	0.00219252165750763	0.0062895714762913	0.00227279868077742	0.0317577558563414	0.00387967530601636	0.00384286600872935
T[C>A]A	0.00644570939664002	0.0130462583085745	0.0101557116474327	0.0240056089435541	0.0125035100993572	0.000902805542486348	0.000693073258360112	0.0236330446987857	0.0226093625281687	0.0248007185161216	0.000663896985702111	0.00634397023046507	0.0441183271453577	0.000317042729526013	0.00329557210659129	0.0116713863123622	0.00160943848253767	0.0486604668387196	0.00371233465783992	0.000483090361291239	8.49090611147805e-05	0.00381049312679987	0.00145582525711891	0.0207992570920159	0.00602314585774097	0.00235884015244924	0.0076736528245247	0.000853471338409122	0.0185049843088465	0
T[C>A]C	0.00799678286994349	0.00767064345694791	0.0197052306338402	0.0532859914030653	0.0138776783687665	0.00209688822368233	0.00188730080640772	0.0215327974600386	0.00596260151659705	0.0092995487031028	0.00251090443376939	0.0129564010593693	0.021612125151919	0.0143313753131441	0.00488067219494013	0.018886983596514	0.00154512854268074	0.0413526863326806	0.00624380715070267	0.0038781030150362	0.000578037521936766	0.00350830351402841	0.000666446752322108	0.0563102876158535	0.0121113343375475	0.00243463113051871	0.00925186367235359	0.00124199929065075	0.0296113114841601	0
T[C>A]G	0.00338722778333161	0.00404144478280804	0.00334623713595172	0.0214026789647139	0.00934322881443491	0.00165262375525881	0.000392143615529954	0.00419188228773375	0	0.00581554426312374	0.000208686424456666	0.00516662347046241	0.0059422084334927	0	0.00408914002200798	0.010825765498786	0.00542251529034743	0.0311159036462117	0.00370668311429642	0.00198776590523006	0	0.00136531281326437	0.000197634573192195	0.0239521003920888	0	0.000660013739216039	0.00443545552278621	0	0.0243326295832564	0.00355425392019618
T[C>A]T	0.00811818975885564	0.0108081562915737	0.014387888983042	0.0272143736936401	0.0156112215760659	0.00311437655637414	0.000911004091192619	0.0337154545629578	0.0331580549974186	0.206711204911398	0.000298343109203783	0.00476223819135236	0.017258200091865	0.0330822720224114	0.00847660210481869	0.0151865840654223	0.00447046765184606	0.0864587748938134	0.00640315521100531	0.00867847239473608	0.000343409150128777	0.00342872319209593	0.0001474138009789	0.0202589499656876	0.0216156283469627	0.00268505835271666	0.0107476818493342	0.00222224004208171	0.0286680032889242	0
T[C>G]A	0.000986505802060123	0.0321182722879754	0.0139799831651808	0.00232781662482948	0.00226902571556017	0	0.000138614651672023	0.00360005310958351	0.00336085118661967	0	7.3766331744679e-05	0.00230689826562367	0.256684896911984	0	0.000520353490514415	0.00478335504605011	0.000346386198441844	0.00130787826565042	0.0003639543782196	1.70541354361582e-05	0.000169818122229561	0.00021207007384001	0.000162085621822153	0.00675922745239281	0.00850647165836302	0.00369827310138236	0.00311143191975277	0.000573492819120626	0.000564515888871118	0
T[C>G]C	0.00148112878579868	2.27957942719103e-05	0.0239094483440803	0.0103996823370294	0.00913087671295812	0.000144612980943609	0.000943650403203861	0.00452283639888856	0.00346662878871921	0	0.00110479795085853	0.00353356392528254	0.0796729427067043	0	0.00204673350110392	0.00833632379432344	0.00078738870545529	0.00776604118340015	0.00109018855012269	0.00014525203637375	0.00034682251316206	0.000805050129604379	0.000158653927766412	0.00682365798229212	0.00386096184476042	0.00336469582693553	0.00458692084065497	0.00099942820536061	0.000416062311585917	0
T[C>G]G	0.000453859618085591	0.00396583505886065	0.00623249605585742	0.00637964469140511	0.00315819608400659	0	0.000588215423294931	6.34468142382727e-05	0	0	0.000626059273369995	0	0.0246909576447324	0	0	0	3.40420801594096e-05	0.0031054038785982	0	0	0	0.00105310454833635	0	0.00297977586193218	0.00505291989642914	1.5430184142335e-08	3.92836457373822e-05	0	0.000278933280782097	0.00418148770314671
T[C>G]T	0.00167670932943358	0.0583195733394806	0.0287911886663949	0.00367761806670813	0.00568590724875497	5.36961475236921e-05	0.000490540664488333	0.00552259476503739	0.00504579097786805	6.70487203734669e-05	0.000596686218407565	0.00145782801776093	0.305834474239075	6.41129302759912e-05	0.000876889872912278	0.0163473420831615	0.00254402820657362	0.00261632938829418	0.00772794594431675	0.000484738448532509	0.000257556862596583	0.000244745861512201	0.000311951427873189	0.00407933308673212	0.0143961336108979	0.00713661699084586	0.00233512421513977	0.00138554509376002	0.000953023569805227	0
T[C>T]A	0.00762541855575669	0.362167590404017	0.00773904591189888	0.00254604943340724	0.0093074289530472	0.00392985942023469	0.0833074056548855	0.00627769517501116	0.00509219876760556	0.0024535470189746	0.022277432186893	0.013264665027336	0.104275167347067	0.00583358622327865	0.00647551010417939	0.0164547413584124	0.0142024636318453	0.0108254657198361	0.0158684108903746	0.00751715193029873	0.00543417991134596	0.00189669231816548	0.0102326558235515	0.0175724472090724	0.00961662062096076	0.00994851879639911	0.0203326570445205	0.00838427020152224	0.00830942228234588	0.063853978625142
T[C>T]C	0.0126667637202938	0.0962544994310164	0.0160538907876652	0.00693312155801965	0.0237891821271494	0.00484453486161088	0.272431871404954	0.00483396880274001	0.0116478727300965	0.0190505318092689	0.159593085810383	0.0124329101074756	0.0187378534378794	0.0244324049013241	0.0122804010066235	0.0170634127665058	0.0201530219641645	0.0098398850005045	0.0327056565036807	0.00781263665006009	0.00994224537731242	0.00254928274724227	0.0416383849819282	0.0108551000048497	0.00762236893830353	0.0129512568898509	0.0117909069635203	0.00766296297232852	0	0.0923737912568571
T[C>T]G	0.113134399050589	0.1164284281149	0.00420463942370054	0.00226374489049859	0.0180394471580419	0.0587432625732904	0.194503233302857	0.0136898444801195	0.013541576009034	0.401647750559611	0.0166949139565332	0.00271927551076969	0.0158122331343203	0.0168620999136956	0.0170108224915532	0.00974318894890748	0.0406065548342822	0.023702073146187	0.018533415571482	0.0459937133692407	0.0302663879518594	0.00398690489230426	0.00547335802752045	0.0100341979388034	0.0345878791787418	0.0258066015883239	0.0141340895690342	0.00596860197574416	0.0308140711475264	0.0321980717079846
T[C>T]T	0.00732153969826067	0.199405557305837	0.00907999246341351	0.00566353182273052	0.0100867558082128	0.00252371893361353	0.0591451886897362	0.0107923439541777	0.00988563130357822	0.026283098386399	0.0711548315451022	0.00874696810656556	0.0260621448334516	0.014681861033202	0.00444290868942221	0.01866885811864	0.0176840051204717	0.00395923144153866	0.0196510625441198	0.00677019185590945	0.00549454640206043	0.00112421516648827	0.0172896659220802	0.00369937980414632	0.0109005870399782	0.00645116638469615	0.0130215037392711	0.00688797681134794	0.0093656646779129	0.0345981776912902
T[T>A]A	0.00149452326305984	3.53221407613938e-05	0.00315273362793056	0.0016602807188966	0.00395145883695125	5.38698187525569e-05	0.000351519454579197	0.00671322702787617	0.0111056511281673	0	0.000112240518827194	0.0027788319265103	0.00018734185219851	0	0.000234593607167787	0.0041243143811405	0.000312642069957635	0.00171569697226567	0.00143983184352573	0.000329117116287751	0.00116275449280509	0.0194667336007877	0	0	0.00961192590827772	0.00028040380955349	0.0290356223272688	0.000113385062028623	0.000415704163949767	0.00292372823739064
T[T>A]C	0.0010688822527356	4.209124123807e-06	0.00806132827907158	0.00340035371463112	0.00587842857514478	0.000431720587434232	0.00105642307422574	0.0107437721840875	0.00279425852351241	0.000539076158742576	0	0.0128931373469753	0.000718385807461194	0.001030944423291	0.00111629001670214	0.0084576428754283	0.00231204269324205	0.00190044647832894	0.00355046845375197	0.000505101170951885	0.00388270173277515	0.0244374476308221	0	0.00537215293814533	0.00300436077460395	0.00453785353059652	5.18710941633794e-05	0.0113798897808695	0.00117649921138082	0.00495659676031085
T[T>A]G	0.000522210248132098	5.22983935003453e-05	0.00520974414733237	0.00543091471289074	0.00550488001026575	0	0.000631014712772166	0.00665632068837648	0.0129814654527322	0	0	0.003238018069637	0.000204478942766432	0	0.000315840309227783	0.0054873606668819	1.69727132662067e-05	0.0013319531619925	0.00344620120962289	6.19864657021734e-05	0	0.059806438029531	0.000148158898178701	0.00674483311697253	0.00805525383646264	1.61375913565925e-05	0	0.00325523562792253	0.00152776110843887	0.0024896495605788
T[T>A]T	0.0011683852857692	0.00013291861183446	0.00715153039550964	0.00182587206265878	0.00483424261058151	0.000207349206591727	0.00193289467344944	0.0134847001177119	0.00789603720524548	0.00103564219137284	0.000329160123815046	0.00503969317945595	8.19209780291883e-05	0.000424412418120428	9.67467222253867e-05	0.00426885735530086	0.00191054682145156	0.00114046978089377	0.00345107908851209	0.000905685239891255	0.000378881210554116	0.0123690538368182	0	9.98073415598249e-05	0.00703446399576172	0.000606553226039805	0.00116674931783908	0.0101189487836897	0	0
T[T>C]A	0.00215462010286957	4.45864773189021e-05	0.00402916188711792	0.00103306355842455	0.00732273785921949	0.00158915965320043	0.000808494745532155	0.00217318492339155	0.008058053841833	0.00100898367406596	7.48270125514629e-05	0.0243757186535991	0.00036424650603901	0.000578882635653735	0.00199404566092619	0.0119362510324772	0.000764405660319209	0.000111222471916332	0.00191977579136764	0.00204124952181758	0.0167522776926363	0.00229136503256856	0	0.000564262368756952	0.00639099785014055	0.0128517027275053	0.000946166850681248	0.0055396397227348	0.00401277156662058	0
T[T>C]C	0.00259717993169322	0.000412195895389941	0.00970054551154096	0.00118273172682821	0.0122083774099298	0.00188877757002477	0.00126770768907088	0.00540229917289204	0.0141782747304148	0.00653629842475374	0.00067463392086825	0.0334049467626179	0.000123769926620803	0.00360830548151853	0.00581645850807956	0.0177902143241768	0.00992646479718369	0.00461504289698896	0.00147936185572999	0.00801239846243343	0.0270063476079694	0.000871742526163368	0.00016470696647403	0.00157555136920269	0.00653335095348617	0.0327695538041779	0.00384333006049163	0.0324268884182963	0.00250604168629961	0.00698429543498347
T[T>C]G	0.00398841788634282	0.000151036848665337	0.00485044217892841	0.0023843040202935	0.00970607561604362	0.00512520809734432	0.00119892795426711	0.00136308326749566	0.00908702581691253	0.0039243375934822	0.000470128490078859	0.0280044806022659	3.11916165447383e-05	0.00196284973711972	0.00205296200998059	0.0143716588894526	0.00476407219744525	0.00101792739610161	0.00377756671054817	0.0151878632269187	0.0192492462738065	0.00152564867649556	0.000153270714960887	0.000289776139122021	0.00386699720013173	0.0153405063664807	0.00113774422147796	0.0157064189541513	0.00106139382479571	0.00410454259349848
T[T>C]T	0.0018363899327593	0.000281566461256051	0.00523737656954734	0.000892648563966514	0.00820201786298095	0.000859018141594296	0.000927789443255735	0.0048780229301964	0.0175530611253299	0.00366173489092539	0.000205725077384404	0.0198907039316826	9.181042990913e-05	0.000919560239260926	0.00151569864819773	0.00928476474777937	0.00354652990136831	0.000549380153971806	0.00154283535721717	0.00211210879868141	0.0129766814614784	0	0	0.000132108665542385	0.00823882558953809	0.0113264035320807	0.000923810630220002	0.0106090122123837	0.00145826270008448	0
T[T>G]A	0.000372967610984284	3.13786332930119e-05	0.00239888275003061	0	0.00223329937281199	0.000242414184386506	0	0.00077296193344638	0.0259304040294882	0.00168163945677661	0	0.000926277308836768	0.000253923824409337	0	0	0.00329945150491241	5.96866692425185e-05	1.33621403668727e-05	0.00118140048699548	9.5809939087443e-08	0	0.000787865317587843	0	0	0.000916478665666645	3.80999182184607e-06	0.000653691832795087	0.00523843633574472	0	0.0032985778929339
T[T>G]C	0.00069067533543852	1.25158645827349e-05	0.00545544368719204	0.000221762198780291	0.00441320722234821	0.0010253363951563	0.000704282049483825	0.00226524648918681	0.00838277557053721	0.00619937582553962	0	0.00263723263915404	0.000219055581689003	0.000966510396835321	0.000235008424568871	0.00670778572878797	0.00861705099742518	0.00238377239739015	0.00133142567015698	0.00026904789968891	0.00155308069311006	0	0	0	0.000510751945161951	0.00243137523735991	0.000308742314628587	0.0336637068336344	0	0.00330444873817465
T[T>G]G	0.000973013982818892	0.000162234582735784	0.00878877117915474	0.00198692001691125	0.0046657997169413	0.00053186121764894	0.000631014712772166	0.00480000246300588	0.00815977828457452	0.00132823733933243	0.000201483638605225	0.000962654020702891	3.9947888217275e-07	0.000115461749242336	0.000473760463841674	0.00426794718535259	0.00363205107178363	0.000498376109181619	0.000729004102035611	0.000329362199515206	0.000231918629804898	0.00220297301318795	0.000158382532382998	0.000819162698062021	0.00745272180586042	0.001097156347356	0.0023222304193147	0.0127175362446831	0.000221573178354088	0.00565212561521886
T[T>G]T	0.00118279716660684	1.13516472256256e-05	0.00631974429240536	0.000446324281983257	0.00631134240838203	0.00213273469637205	0.000541210508565846	0.00352267078137919	0.0309592825673294	0.0234129109692502	0.000123435046430642	0.00171564023130415	0.000342604493831523	0.00088419253775089	0.00106421394447925	0.0086977968614255	0.0285565767156383	0.000860382442801218	0.000527812095890085	0.00024101742580922	0.000142080453957793	0	0	2.56420156316291e-05	0.00381061927792121	0.00126072579745174	8.43794677448546e-05	0.143358897383782	0.00234293191234261	0
