Type	Signature_1A	Signature_1B	Signature_2	Signature_3	Signature_4	Signature_5	Signature_6	Signature_7	Signature_8	Signature_9	Signature_10	Signature_11	Signature_12	Signature_13	Signature_14	Signature_15	Signature_16	Signature_17	Signature_18	Signature_19	Signature_20	Signature_21
A[C>A]A	0.0128962645752416	0.0119627863797497	0.0117615768541928	0.0272406127645833	0.0414547416753981	0.0171309421971102	0.00199382581408792	0.00044646151854124	0.0420548381633057	0.01408796504867	0.000779043766288323	0.000225553657642392	0.00885389663158054	0.000778657968146798	0.000114916388658332	0.0015375074663452	0.0185971713537915	0.00202673481897968	0.0566809883537964	0.0122568252234493	0.00148268902412574	0.000113848783383899
A[C>A]C	0.00957472171922992	0.0096688401030826	0.00617587515352376	0.0202099052969317	0.0317199321399461	0.00924863008243954	0.0029681698264498	0.00050441322712947	0.0296443864029827	0.00710942117753035	0.00100590331217933	0.00101932411746475	0.00488465619521483	0.000100540516862798	0.00436238188498675	0.00427588773225627	0.0101271017218749	0.000305307940511869	0.00778705825768478	0.00766158028251151	0.00247406088664295	0.000720309023601416
A[C>A]G	0.00160811789490323	0.00171356153531155	0.00135581463644949	0.00200789013411287	0.0193514339703608	0.00235504047780987	0.00054599543473939	0	0.00180883012664919	0.000546534696005321	0.000310860674837255	0	0.00182000825362563	0.000103568910126305	0.000534974014978892	0	0.00236605268805299	0	0.00179430821498188	0.000533267275926119	0	0
A[C>A]T	0.00625225166462022	0.00664238127546042	0.00357213583746212	0.0168261233162982	0.0237868871402056	0.00911659786311492	0.00192062193160659	0.000384799077104306	0.0295487689228111	0.00688059383290301	0.00882473420935751	0.000194401612891249	0.00455881053810613	0.000191747043988918	0.0293172796874703	0.00581030227219564	0.0087609999623037	0.00310544893017325	0.0176846298705826	0.0073059370356139	0.00285072095341241	0.000588748256540179
A[C>G]A	0.0020726139495924	0.00586636639776185	0.00537672084763101	0.0245165514881249	0.0110167395685305	0.0134518136715563	0.00152469032842017	0	0.00971375338011136	0.005635186019468	0.000556459833063088	0.000789437801748373	0.00356455578674022	0.00200226334666319	0.000114916388658332	0.00130096785613825	0.00554449829181362	0.00180154206131527	0.0015870676739063	0.0066438865697202	0.000570265009279132	0.000569243916919497
A[C>G]C	0.00270589961630411	0.00447053897239303	0.00313855950424978	0.0111821303419572	0.00554328911183524	0.00758595501143917	0.0012720727827642	0	0.00382175016345073	0.00244054756840594	0.000301770993653799	0.000305797235239424	0.00155893282826005	0.00140756723607918	0	0.000106897193306407	0.00250567465283502	0.0016283090160633	0.00174184197869265	0.00196716250496917	0.00226788914608937	0.000823210312687333
A[C>G]G	0.000643247157961291	0.00128517115148366	0.000208586867146076	0.00401578026822573	0.00327811176547095	0.00246208777225577	0	0	0.00085121417724668	0	0	0	0	0.000724982370884132	0	0.000660702340813327	0	0	0.00284978363555946	0	0	0
A[C>G]T	0.0029772626974382	0.00535356102798303	0.00598574113304464	0.0203478700569188	0.00528597492004568	0.0115939342389614	0.00181953656678519	9.61997692760766e-05	0.007978167609159	0.00384503773015168	0.000191842048029511	0.000874807258010621	0.00247761442288377	0.00134222930792243	9.90448638090212e-05	0.0010193512758238	0.00726764769600194	0.00116454334881497	0.00420132090848096	0.0071084792778946	0.000589804335188774	0.00176624476962054
A[C>T]A	0.0341981301682747	0.030482099909939	0.00828911130676448	0.0209979723393663	0.0136289561672542	0.0251790358467593	0.0365925678820841	0	0.0261699944005353	0.0109181729127192	0	0.0253747864847691	0.0139132661353409	0.0014460790837012	0.0336705018768912	0.0138375671971068	0.0155939014457258	0.0106966559890594	0.00396766918476575	0.0253154988260028	0.0337596885493246	0.00580628795257887
A[C>T]C	0.0149865209518381	0.0171543937312756	0.00364477877912877	0.00974589341730211	0.00769901265532672	0.0133014005680029	0.017278988632547	0.0198738811489011	0.00661059487732017	0.00594220277524925	0.00321889059897385	0.112023720509376	0.00561215818173619	0.00160864826980477	0.0333410615495415	0.0180656256687827	0.00793463640064424	0.00437608048067012	0.00143445810009983	0.0210175783425653	0.0229881490717241	0.00637987992332683
A[C>T]G	0.183325440018968	0.0720766820790422	0.00500608481150583	0.00211356856222407	0.00296087514300602	0.0177698508780199	0.0991527709486731	0.000103921343985892	0.0311757192416596	0.013663367400133	0.0130561483431647	0.00756019659217085	0.00203412687169923	0.00414275640505218	0.0530694222859061	0.0340261705518864	0.00376417473099339	0.00985446363319679	0.0094992787851982	0.0392484715081623	0.0362111079631545	0.0271362026136736
A[C>T]T	0.0126037454191551	0.0188366036169773	0.00444103374387183	0.0143804658575339	0.00577541704227213	0.0163504200805865	0.0150617193583885	0.00413659007887129	0.020487146453149	0.00769007546030336	0.00450828812869351	0.0621113153187541	0.0066400066533285	0.00115048226393351	0.0274354272750989	0.00672771842043706	0.0100552385930986	0.005628626185939	0.00468984659551363	0.0262618817766662	0.0178907315007262	0.0029437412827009
A[T>A]A	0.00373221240546782	0.00428762988196221	0.00190614526870973	0.00892149865196263	0.00441756588214663	0.0081054043090927	0.000570229908885876	0.000904449847348667	0.0104642242939671	0.0115109942987696	0	0.000182772277342198	0.00540420935305317	0.000180276507906827	0	0.00201258218889495	0.00758169805715289	0.000547439490755896	0.00266394869867987	0.00102105079974751	9.24202564693207e-05	0.00765714613198826
A[T>A]C	0.00218218839956092	0.0118906036922807	0.00231585382518285	0.00860422885557074	0.0038156594435453	0.0072300531783327	0.00333407897800892	0.000769197170402645	0.00925379024573304	0.00424756428129715	0.000191742092547364	9.71501618993785e-05	0.00643844112907968	0.000574941414020209	0.000791946067627009	0.00916938146810714	0.00726386103277043	0.00184289959556616	0.0007812338407094	0.00522990422150867	0.00186674059302066	0.0286374863807891
A[T>A]G	0.00282998605957505	0.00807735830810564	0.00285137674124641	0.00787069485681163	0.00996923197795205	0.0115048294710353	0	0.000881752913499194	0.0105326535597337	0.00700738993961574	0	0.000692944212121241	0.00464282064559259	0.000585841719318041	0	0.000934322362829487	0.00811131666932128	0.0010871700054047	0.00437824882498375	0.00452467179682998	0.000200224431452394	0.00269818989394902
A[T>A]T	0.00707500130664604	0.00766379780253163	0.00207309297834973	0.00831846791411573	0.00252234869243945	0.00927735124569584	0.00460168284419229	0.00289197547335255	0.022334415667172	0.0160783422197056	0.000988661410670862	0.000250463043441065	0.00510737201898497	0.00107051945612725	0.000765644204012565	0.00691677251967162	0.00718294966355044	0.00166708191257202	0	0.00279840569403084	0.00447491829548184	0.00362409330086456
A[T>C]A	0.0130627434191374	0.0300134091737355	0.00462920993829507	0.0126924413811427	0.0077307402937566	0.0327942795034555	0.00712787386107345	0.000452224923674333	0.0151870157894744	0.0239733104404128	0.00279567034473824	0.000548316832026593	0.0434200268710824	0.0027041476186024	0.0024211169406104	0.0110212834153771	0.0671120679873904	0.00246347770840153	0.00174534569913509	0.0134593059966718	0.0152493423174379	0.0244475147587577
A[T>C]C	0.00624899405328808	0.0113951618717691	0.00173689036888713	0.00870200418347495	0.00195674843258734	0.0136677717617796	0.00565783099298484	9.61496463003306e-05	0.00738334328116998	0.0106189107032429	0.00498529440623146	0.00145725242849068	0.0313997821218194	0	0.0045536898888553	0.00743738719079802	0.0170153457069006	0.00795356667560131	0.00136715922124145	0.00473651703080031	0.0203376475134356	0.0161821412768157
A[T>C]G	0.0103092349313091	0.018275023172089	0.00245808339762621	0.0127525182490112	0.00807507790214116	0.0287620736775883	0.022339753674703	0.000685807821610484	0.00852643383407017	0.0181367739613584	0.00253990526254785	0.000791936242424276	0.0491533403131216	0.000781122292424055	0.00353045245335448	0.00757839249850584	0.0352842275115475	0.00444751365847378	0.00348269792896435	0.0135740153904899	0.0580650851211944	0.0223849828238733
A[T>C]T	0.00784217012302935	0.0261420658375246	0.00572173662024526	0.014704362474447	0.00302681843092734	0.0230657081429686	0.00199695670597024	0.000908906577339372	0.016750811750379	0.0214667596122557	0.00329553803556954	0.000250463043441065	0.0212807167457707	0.00107051945612725	0.00212678945559046	0.0055159071992318	0.0424991188426734	0.00258397696448663	0.00453172648922863	0.0135680276074223	0.00675459365355749	0.0159291542758931
A[T>G]A	0.00149288496218713	0.00093209345260048	9.07688223195111e-05	0.00073579370325465	0	0.00307446370344896	0	0	0.00500060275994889	0.0318692817362631	0	0	0.00111811227994204	9.01382539534134e-05	0	0	0.00486726295027099	0	0	0.00129951919967865	0	0
A[T>G]C	0.00178542687236802	0.000891795276921056	0.000482469546913093	0.000977753279042129	0.000195674843258734	0.00217892013593588	0.00171755583715611	0	0.000787556616658131	0.0051577566272894	0.00383484185094728	0	0.000990529404473797	0	0.00197986516906752	0.00061129209787381	0.00417920771748436	0.00630465651114738	0.00107419653097543	0	0.000392998019583297	0.00304028108837144
A[T>G]G	0.00141499302978753	0.00373577821749886	0.00167149671038583	0.00806995295445243	0.00149538479669281	0.00555057562199072	0.000720637215313001	0.000881752913499194	0.00611897016327389	0.00535859230676498	0.00146532995916222	9.89920303030344e-05	0.0018167559047971	0	0.000706090490670896	0.00124576315043932	0.00618487896035747	0.00345917728992405	0.00278615834317148	0.00100548262151777	0.00070078551008338	0.00159892734456238
A[T>G]T	0.00272771134714064	0.00306551912101265	0.000497542314803936	0.00537759541922633	0.000168156579495964	0.00314919262468574	0.00251790193361465	0	0.00355320249250464	0.0167736218832605	0.0112872177718257	0	0.00255368600949248	0	0.00476400838052262	0.00253906839329718	0.00649885921940278	0.0255063532623519	0	0.00144160293328862	0.000337729682677874	0.00151706231198982
C[C>A]A	0.00660565083895776	0.00886413613596334	0.00585060780684175	0.0188539460685522	0.0448308706995437	0.0095490818341076	0.0101427230370735	0.00114683301374735	0.0296487013525732	0.0098511741080176	0.00295406747013014	0.000675947269620089	0.0132914508693405	0.00333358578960295	0.0055101687082445	0.0107343226737827	0.0157258105937553	0.000964093873794469	0.0936676497100459	0.0109851789981045	0.0173828756040959	0.00194963489479428
C[C>A]C	0.00769483501554291	0.00488223351132235	0.00121388956716196	0.0165026309671875	0.0629754676214127	0.00519142598711624	0.0255256621561665	0.000604779375595015	0.0209500887181799	0.00604315253321169	0.000904540480397568	0.00173137236367972	0.0116300993838289	0.00110500198570566	0.0105853158775565	0.0089717021760177	0.0104314023706867	0.000406729896345206	0.0224198759932607	0.0164479971128863	0.0386242152921027	0.00143938877260153
C[C>A]G	0.00083446958374482	0.00120410525229518	0.000541189786997851	0.00164513001558389	0.00804796559449432	0.00259223937350522	0.00859412716741312	0	0	0	0.000627312507957846	0.000908117340626716	0.00259253031682841	0.00125400370037426	0.00083281122299916	0.0014285229777647	0.00204628343064435	0.000271999288802707	0.0175263196839734	0.00166030857505101	0.012122794457009	0.00247522252397298
C[C>A]T	0.00744873357535766	0.00998938503184741	0.00109189934584826	0.0157913388336203	0.0434789216698274	0.0113091933474483	0.0593455378683393	0.00128582262145552	0.0299759894614826	0.00946721152760591	0.0157796537165226	0.00139914132186224	0.00723462025317021	0.00108431395288116	0.128006173723712	0.0238958452501163	0.00859832727848109	0	0.0405847097375342	0.00974493883626232	0.107538015370391	0.00564976117669374
C[C>G]A	0.00128169344636494	0.00206829843172478	0.00402828734241563	0.0148693492190128	0.0102109358426293	0.00748175483909461	0	9.5569417812279e-05	0.00528392697372592	0.00180939932596242	0	0	0.00187064864087014	0.00495275603026724	0	0.000911404755321171	0.0039561787657246	0.00183177836020949	9.70649219793222e-05	0.000196163910680438	0	9.74817447397139e-05
C[C>G]C	0.000727889798767572	0.00322019657129772	0.00182083435074294	0.0127101008691382	0.00994889309328506	0.00799479602015901	0	0.000403186250396677	0.00402489389167003	0.00212040439761814	0	0.000203690866315261	0.00197296328832812	0.000401818903892966	0	0.000320417934857775	0.00521570118534337	0.00071177731860411	0.0039925806563341	0.00289650263623155	0.000617987444673644	0
C[C>G]G	0.000463594213191567	0.0011114817713494	0.00018039659566595	0.0026504872473296	0.00576161173242207	0.00240707941825485	0	0.000539258974313748	0.00101223866610567	0	0	0.000726493872501373	0	8.95716928838757e-05	0	0.000380939460737253	0.00260436072991099	0	0.0052944090712003	0.000184478730561224	0	0
C[C>G]T	0.00142852424732887	0.00377150251202402	0.00436759738339305	0.0219268271702498	0.009460691289268	0.00967903935141972	0.000207865281500313	0.000296728297258965	0.00698764619203479	0.00405737636897396	0	0.000199877331694606	0.00193602513817231	0.00404153382437523	0	0.00178170775987709	0.00818888312236294	0.000898008819507773	0.0058265177345965	0.000812078236355194	0.000101069563318037	0.000302665777322879
C[C>T]A	0.0208028705525386	0.0244256195746545	0.0130439780611554	0.0148693492190128	0.0204218716852585	0.0225437086599035	0.0085359550312005	0.0720593410304583	0.00518607647421248	0.0098511741080176	0.00114350998843747	0.0299348076546039	0.0184111208338272	0.00514324664681598	0.00590375218740483	0.00516462694681997	0.0207699385200541	0.0208244276739605	0.00640628485063526	0.0429598964390159	0.0107422264969132	0.00331437932115027
C[C>T]C	0.0193410717958241	0.0190095475015317	0.00617060529973998	0.0100450797191576	0.0147694907776603	0.0182738194746492	0.0104856454500435	0.101502138537363	0.00258006018696797	0.00731539517178257	0.00241210794772685	0.154601367533283	0.00976097626857068	0.00200909451946483	0.0173308603093327	0.00939892608916141	0.010222774323273	0.00396561648936575	0.0035830852044024	0.0778952316100841	0.019157610784883	0.00935602702190996
C[C>T]G	0.0880829005063977	0.0414026959827651	0.00441971659381578	0.00201071446349142	0.00695051574069964	0.0119428171136491	0.0850913030531782	0.0186943111095433	0.0119628205994306	0.00718460178634024	0.00976815190962932	0.0122595840984607	0.00425915694907524	0.00385158279400665	0.0271126320376393	0.0147614041035685	0.00148820613137771	0.0121493015665209	0.0170699051088699	0.0219529689367856	0.0425216199514786	0.0291526208379039
C[C>T]T	0.0175504407528975	0.023036745073444	0.0102241484202156	0.0165959930417028	0.0202297760547114	0.0208863480741162	0.00904213974526361	0.0779406327466883	0.0164057780160817	0.0100914232766788	0.00424078193631544	0.0815499513313994	0.0208886922802802	0.00325294185864348	0.0189412476631745	0.0100614085263647	0.0215981792352323	0.00977831825686242	0.00190868684409196	0.117649834491959	0.0141497388645252	0.00403554369763839
C[T>A]A	0.00123202350566936	0.00143588242545063	0.000299632792913204	0.00718548050801875	0.00759511664565081	0.00512574293346499	0.000104575543204742	0	0.00957828680277102	0.00575733559168889	0	0.000402227450114058	0.00174294819745938	9.91837508746853e-05	0	0.00168727433213009	0.00556168787631785	0	0.000303235819633286	0.00439192087464234	0	0
C[T>A]C	0.00200192397804806	0.00463126629587749	0.0016400017181345	0.0138135511620263	0.0115359242659875	0.00652281016736967	0.00279035660852713	0.0014298818223039	0.0138035294855246	0.00526394288191403	0.000101838474582335	0.00113516928682701	0.00904878442983011	0.00101788042121503	0.00357527090927555	0.00465361451524097	0.0135294161366395	0.0106123048474735	0.00238585098370706	0.00555543606575163	0.0048007890224843	0.00385458996793027
C[T>A]G	0.00153601652016597	0.00286428187950506	0.00318775507533612	0.0116081279678696	0.0345434866234299	0.0107360121972753	0.000834424401696366	0.000694833576358224	0.0122973698130211	0.00532470940756337	0.000296922964126768	0.000601769046187568	0.00317003554466838	0.000395701229204123	0.000204395194524353	0.00283985627626015	0.0133543601620943	0.00450604633519995	0.00655298965985948	0.00213930263567523	0.00121715722740219	0.00253120382760413
C[T>A]T	0.00231530849637799	0.006307983252349	0.00255950824740038	0.0169096067685842	0.0119376670524384	0.0102982001891125	0.00117915596211163	0.00183627118302818	0.0214122488169619	0.00740382905925631	0.000915475232270915	0.000412306463209844	0.00567515535843746	0.00010166909672483	0.00210064293648854	0.000756679893589477	0.0101352046553602	0.0324171813299654	0.00393723447972139	0.0023033353313932	0.00260607555122193	0.00104056368911077
C[T>C]A	0.00431208226984275	0.00820504243114645	0.00169791915984149	0.00779270421292174	0.00526594754098456	0.0146596247897099	0.00648368367869402	0.000995212625090796	0.0062156967549897	0.0161205396567289	0.000496164464995563	0.000100556862528514	0.0319882257416075	0.000793470006997483	0.000614787538399945	0.00337454866426017	0.0150371561100446	0.00752969739381685	0	0.00674108785410219	0.0150508238081521	0.0222312736658468
C[T>C]C	0.0055843142545551	0.0103150931135453	0.00194750204028472	0.0144367188836215	0.00270210838662771	0.0132560335659448	0.00429285632081098	0.000817075327030799	0.0112937968517928	0.012676433878895	0.00193493101706436	0.000412788831573459	0.0405090930870301	0.00111966846333653	0.00557321641740013	0.00541117966888485	0.0205055213320943	0.041418898530916	0.00352691014982782	0.00733736838872857	0.0204555358349331	0.0104178107241359
C[T>C]G	0.00727047819545227	0.0121731979878965	0.00109579080714679	0.00898368164469908	0.0101004346852134	0.0193248219550955	0.0281618235572524	0.000992619394797463	0.0082321235938406	0.0160785342895051	0.00148461482063384	0.000100294841031261	0.0424375726141089	0.000395701229204123	0.00163516155619482	0.0134630223467148	0.0195179110061378	0.0290389652712886	0.00252038063840749	0.00407486216319091	0.0801295174706445	0.0213633603049788
C[T>C]T	0.00715640807971377	0.0167161556187248	0.00368569187625655	0.0121375705026034	0.00560551322462325	0.0200709820012294	0.0035374678863349	0.00459067795757044	0.0124295493132608	0.0295080143666012	0.00203438940504648	0.000927689542222149	0.0340509321506248	0.000406676386899319	0.00283586796425953	0.00378339946794739	0.0277662377537472	0.105793213991125	0.000932502903091908	0.00554894420744725	0.0114667324253765	0.0212274992578598
C[T>G]A	0.000308005876417339	0.000923067273503976	9.98775976377347e-05	0.000708427655720158	0	0.002050297173386	0.000104575543204742	0	0.00285310670720839	0.0226106270509964	0.00218312364598048	0	0.00133284273923365	0	0	0	0.000205988439863624	0	0	0	0	0
C[T>G]C	0.00221265281784259	0.00242088920011778	0.00123000128860088	0.00592009335515414	0.00135105419331385	0.00368223154609578	0.00429285632081098	0.000817075327030799	0.00125486631686587	0.00687535396821424	0.00183309254248203	0.000103197207893365	0.00515570275653111	0.000203576084243006	0.00210310053486797	0.00205624827417624	0.00866728221253468	0.0200912567500712	0.00248958363517258	0.00115301503251449	0.00949721306621894	0.000520890536206793
C[T>G]G	0.00163841762151037	0.00327346500514864	0.00139464284545955	0.00969026334709115	0.00464619995519818	0.00736183693527447	0.00521515251060229	0.000893357455317716	0.00609786932877082	0.013155164418686	0.00366204989089681	0.00110324325134387	0.00460166450032506	9.89253073010307e-05	0.000510987986310882	0.000736259034585965	0.00688263177584858	0.0134180046425954	0.00645217443432318	0.00132433020303705	0.0169387714146805	0.000404992612416661
C[T>G]T	0.00294675626811744	0.00746444684861298	0.00112618362885617	0.0107889515578697	0.00124566960547183	0.0121897063462964	0.00921885570378186	0.00132619585440924	0.00804264955563936	0.0546166520458183	0.018512943585923	0.000927689542222149	0.0066210145848437	0.000610014580348979	0.0066170252499389	0.00486437074450378	0.0196369590197604	0.266644180399811	0.00217584010721445	0.00198924414983958	0.00177213137483091	0.00332980380515447
G[C>A]A	0.00800026469174061	0.016272941561504	0.00872046316875195	0.0101664600994453	0.0357478186102947	0.0114530800086308	0.00235629622125403	0.000280301645583444	0.0255422858376123	0.0115965653229589	0.00130428411320871	0.000377624550852528	0.00596782065973274	0.00083805313209656	0.00173154916198916	0.00237610416067432	0.0092826633761279	0.0062208354107074	0.133423731575654	0.00306848882422837	0.00114569315477403	9.53034770968208e-05
G[C>A]C	0.00502319065663397	0.00579668322621969	0.00362285092836909	0.00998843044206845	0.0340847412444747	0.00804236328307254	0.00511648898698328	8.39517585340934e-05	0.00988488781242547	0.00812382582906354	0.00184158705945578	0.000848253451484269	0.0048432569029232	0.000334668194273665	0.00985354666704966	0.00880673306030001	0.00816685090631152	0.00110096505068979	0.0129603507477466	0.00267092483571341	0.00291669753315279	0.00325400149087365
G[C>A]G	0.00051931718370244	0.00129695765986634	0.000926199341646738	0.000853180973838262	0.0193795075493819	0.00241985054426437	0.00185136956065853	0	0	0	0.000167312867930865	0	0.00129649400319931	0.000167230011233598	0.000950189409814688	0.0011557203609976	0.00312578460965017	0.00110028022348666	0.00826560553924819	0	0.00351500630330683	0.000256735059656684
G[C>A]T	0.00459520221975749	0.00826285686532215	0.00268216949193775	0.0135889406516329	0.0259864680997403	0.0106041172992876	0.0090490658437009	9.89851950692729e-05	0.0205736045457636	0.00884977333973339	0.00868545733884775	0.000600091301215012	0.00275330097676138	0.000986495014282721	0.075007723776809	0.0324099650789356	0.00645368506907515	0.00309551077401419	0.0772102276078664	0.00731430244857422	0.01355369539836	0.00232221503501531
G[C>G]A	0.000578332387354743	0.00221466068588516	0.0023442105292344	0.0105465146826021	0.00665517899659743	0.00538968470994391	0	0	0.0031569117327386	0.00108103575044532	0	0	0.00115506206317408	0.000931170146773955	0.000192394351332129	0.00217809548061813	0.00299752671520797	0.0012253160657454	0.000854063715633631	0.00191780551514273	0.00133664201390303	0.000381213908387283
G[C>G]C	0.00207856165102095	0.0025090121426921	0.00193780398494161	0.00768340803236034	0.0077737129154065	0.00466975932565502	0.00264645982085342	0.000335807034136374	0.0021488886548751	0.00256077118524829	0.000167417005405071	0.000169650690296854	0.000951354034502771	0.000920337534252578	8.64346198864006e-05	0.00044478449799495	0.00278020456385073	0.00016937923856766	0.000255796396337104	0	0.00162991920970303	0.00359652796359719
G[C>G]G	0	0.000172927687982178	8.41999401497034e-05	0.000938499071222088	0.00529308135709991	0.000950655570961002	0	0	0	0	0	0	0	0	0	0.000533409397383508	0	0	0.00042606214119836	0	0	0
G[C>G]T	0.000919040443951497	0.00367238082903207	0.00387424482168785	0.0165080464212429	0.00604336467435821	0.00621972264669756	0.00176820826830937	0	0.00445930344834285	0.00458105914056787	0.00039479351540217	0	0.000917766992253794	0.00128244351856754	0.000305738004525037	0.00188795913081178	0.00297074392068538	0.0017973933526534	0.00150801225796614	0	0.00121376376701732	0.000403863484350488
G[C>T]A	0.0240971828064476	0.0222428964538901	0.00515726316431567	0.0171974698878467	0.00827143675291394	0.0194413627037263	0.0641108930199534	0	0.00344390370844211	0.00609311059341908	0	0.0246400019431275	0.0119356413194655	0.00353844655774103	0.0535818268459978	0.047126065853374	0.0120868012709999	0.00197935672158872	0.00303667098891958	0.035862963133169	0.0520335641126538	0.0155344667667818
G[C>T]C	0.0235570320449041	0.0219754856635791	0.00244331806796985	0.00836637763523682	0.0068340333322255	0.0157388184679484	0.0681904480506565	0.0176298692921596	0.0021488886548751	0.00609286937179766	0.0112169393621397	0.0827047115197162	0.00795677919765954	0.00192434211707357	0.0534165950897956	0.119647029960642	0.00799308812107085	0.00025406885785149	0.00434853873773077	0.0529015435202592	0.0453803822069949	0.0335675943269071
G[C>T]G	0.0888032384131172	0.0423672835556336	0.00168399880299407	0.000767862876454436	0.00196356243892416	0.0114942900852557	0.118046849605799	0.000167799076971821	0.0152046681143095	0.00776578249709622	0.0225872371706668	0.00762953235371933	0.00198795747157227	0.00267568017973758	0.0844804766180695	0.162600964635739	0.000781446152412542	0.00643240746038357	0.0114184653841161	0.0239372658232058	0	0.001625988711159
G[C>T]T	0.0180744620643794	0.0235644436529558	0.00407292404331287	0.0117770818980818	0.00825926505495622	0.0199846826025036	0.0545024195643595	0.0159366164061529	0.00537143369914025	0.0105156130272126	0.0150021535852825	0.052207943205706	0.0117270226787985	0.00236758803427853	0.0565615308371318	0.0839092947027458	0.0118829756827415	0.0008986966763267	0.00160854640849722	0.0931557686853133	0.0497643144477099	0.0167603346005453
G[T>A]A	0.000704822619709454	0.00170995157386745	0.000391806940287615	0.00446636309433765	0.00685277260789067	0.00673605563702019	0	0	0.00629570802245863	0.00307981163818292	0	0.000295853706667457	0.00150824141796184	0.000194542534440063	0	0	0.00303024785837061	0	0.00208172130288269	0.00260437456464354	0	0
G[T>A]C	0.00056962623301546	0.00341424222123264	0.00132993851494276	0.00696259904193532	0.00584330772370782	0.00455018483032695	0.00324915470345512	0	0.00621877583756748	0.00336851963333634	0.000110112819315928	0.000334745847871569	0.00443692813802454	0	0.00284247100799709	0.00444663562787364	0.00457146157374973	0.00289648869077392	0.00168241346232321	0	0.00451378404678706	0.015995241590051
G[T>A]G	0.00132650589116469	0.00220856929110673	0.001505519249211	0.0093710036587208	0.0145015697232784	0.00750560870511516	0.000675571887197743	0.000642920563156224	0.00680208198558525	0.0031557825915146	0	0.000433073784476674	0.00209739075042116	0.000427160128804848	0	0.00295208769421487	0.00565552879649232	0.00389142755369449	0.00152362282869496	0.00175952816724027	0.000875948821418616	0.00338822399024305
G[T>A]T	0.00218762521044489	0.00228944071646628	0.00192547358824859	0.00903641184502958	0.00462382698952576	0.00530484709569098	0.00222825711027036	0.00100979160051186	0.0143711214883637	0.00382364208792725	0.000402746264742589	0.00010202993068527	0.00322487680888336	0.000100636704173021	0.000935690439496269	0.00460097686864387	0.00344859877546729	0.00397280037984736	0.00399981339360231	0.00538896387614447	0.00185732086916934	0.00422298913301431
G[T>C]A	0.011377850861024	0.0116679048569779	0.00127337255593475	0.00803945356980776	0.00605824824755552	0.016488255589124	0.0125122094415775	0.000195204541756574	0.00679536738932043	0.00934209530248819	0.00622844555358929	0.000986179022224856	0.0576148221661422	0.000778170137760252	0.00783812984738232	0.0201671428298588	0.0162623301732556	0	0.000396518343406227	0.00390656184696531	0.000199467708088009	0.141965821909506
G[T>C]C	0.00797476726221644	0.0112669993300677	0.000886625676628507	0.00718719901103001	0.00179794083806395	0.0109204435927847	0.00684643312513758	0.000110432805751751	0.00644491314075176	0.0112671173942629	0.0111213947509087	0.00178531118864837	0.0311722643543263	0.00110058289233167	0.0144397527206252	0.0583913467976038	0.0113143673950306	0.010917534295994	0.00280402243720536	0.00340008313426599	0.00146697981520579	0.0749072933618587
G[T>C]G	0.00552710787985286	0.011153274920089	0.00107537089229357	0.0075185959587411	0.00457944307050898	0.0156734770018581	0.0129484611712901	0.000321460281578112	0.00581468298767772	0.010594412985799	0.00576951892067398	0.0020571004762642	0.0452594846143513	0.000106790032201212	0.00904644291761377	0.0174854424965035	0.0164121227819777	0.0050804748617678	0.00718279333527625	0.00659823062715102	0.0314246639683928	0.0966190324959632
G[T>C]T	0.0111464713103621	0.015089495631255	0.00172279215790663	0.00883103884855164	0.00246604106108041	0.0163306077259507	0.00445651422054072	0.00817931196414608	0.00734064478902031	0.0133827473077454	0.0124851342070203	0.00234668840576122	0.0421314550837987	0.000704456929211149	0.0089410419774088	0.0100579494337796	0.0148394250338289	0.00835306746532009	0.00492284725366439	0.0102597581488135	0.000722291449121409	0.103308734156423
G[T>G]A	0.000100688945672779	0.000502926933490427	0	0.00357309047547012	0	0.00160861030137795	0	0	0.000199863746744719	0.00739154793163901	0	0	0	0	0	0	0	0	0.00158607337362491	0	0	0
G[T>G]C	0.000227850493206184	0.00102427266636979	0.000554141047892817	0.00516579928917782	0	0.000341263862274521	0.00185665983054578	0	0	0.000696935096552347	0.00220225638631855	0	0.000455069552617902	0	0.00216027796607779	0.00257436799508474	0.00365716925899978	0.0101377104177087	0	0	0.00349818263625997	0.00067585527845286
G[T>G]G	0.00132650589116469	0.00519013783410081	0.00182813051689908	0.0192868331115533	0.00196261845878956	0.00662259591627809	0.00112595314532957	0.00182160826227597	0.00636323798651523	0.00563532605627608	0.000961586486778997	0.00108268446119169	0.00121427885550699	0.000320370096603636	0.00132386969526055	0.00420104787253655	0.000887141771998796	0.00518857007159265	0.0128419638418575	0.00472873194945823	0.00328480808031981	0.000437190192289426
G[T>G]T	0.000833381032550435	0.00228944071646628	0.000506703575854891	0.0070853683784891	0.000205503421756701	0.00343254812074122	0.0037137618504506	0.000908812440460676	0.00775420224192286	0.0196492718407373	0.00302059698556942	0	0.00332890509304089	0.00110700374590323	0.00395069296676203	0.0203298977916822	0.00459813170062305	0.0644816061652149	0.00328189816910959	0.00259084801737715	0.00371464173833867	0.000823997879612548
T[C>A]A	0.0121152726359237	0.013078845258876	0.0234767945721713	0.0132907751914328	0.0318024723321764	0.01443850712566	0.00169181475914721	0.000947086477066292	0.0277331867009832	0.0221149310037381	0.0353183994280753	0.000861247516845491	0.00643951638450163	0.0334131598994767	0.000487548212653168	0.00572024106822106	0.0119576666487228	0.00171973893376233	0.0621391807254741	0.00495712632695908	0.000677439249461717	9.66037507784725e-05
T[C>A]C	0.0120486035205785	0.0126753023599965	0.0143142202823749	0.0183931468311888	0.0565816988162158	0.0128822792702473	0.00314955102963415	0.00206712335903258	0.0175666356487255	0.00467463636554514	0.0106148387143228	0.00261079183235788	0.0105412296513642	0.0173049493348914	0.0176645433854358	0.00679012749451679	0.0155096278485262	0.00135543948899839	0.0411496206037461	0.00668262549586775	0.00443576335677041	0.000527121531771075
T[C>A]G	0.00243943211717876	0.00360240813729412	0.00288901151371108	0.0016727868400012	0.0108800195985056	0.00413023324372195	0.00118835437099432	0.000205621738184722	0.00189476625760622	0	0.00317790199955084	0.000103880700155049	0.00201239075152755	0.0039960258485177	0	0.00272350940564869	0.00425594490894378	0.00228171865963935	0.0163938913392615	0.00189924814265414	0.00115561825887019	0
T[C>A]T	0.0170728911348399	0.0210165699064672	0.0160730010068642	0.0196523127491988	0.0401987486377868	0.0201268371287393	0.00650722386579263	0.001388023612535	0.0509428837015938	0.0361619925457081	0.328221331300351	0.000431528348270238	0.00538975796951099	0.0194728376509001	0.056723253418074	0.0164048152801011	0.0173480286304793	0.00527776397962393	0.121997068150388	0.00953329274559496	0.0132014474659525	0.000435630066563785
T[C>G]A	0.00185637242002056	0.00195206645654866	0.121756169420856	0.0168542439021793	0.00308387610493832	0.00263405197562717	0	0.000189417295413258	0.00513936676626611	0.00328735460866377	0	9.56941685383879e-05	0.00234164232163696	0.213976365796932	0	0.000903195958140168	0.00490068305275526	0.00038216420750274	0.00211619500922667	0.000485992777152851	0	0.000193207501556945
T[C>G]C	0.0022391210082491	0.00383454525176366	0.0351631933023558	0.0188135616159017	0.0110428966091127	0.00851720943487427	0.000217210415836838	0.00103356167951629	0.00518533220956356	0.00271781184043322	0	0.00114874840623747	0.00287488081400842	0.0613913678785433	0	0.00284747282028123	0.00684562884348743	0.000625587456460794	0.00881777584365988	0.00116680762626262	0.000105613413256438	0.000316272919062645
T[C>G]G	0.000318186797892882	0.000847625444069204	0.00567484404478962	0.0020909835500015	0.00324308276493917	0.00137674441457398	0	0.000308432607277083	0	0	0	0.000311642100465147	0	0.0108609933318686	0	0	0	0	0.00146187566082586	0	0	0
T[C>G]T	0.00352472591170889	0.00759237342170804	0.159337016648047	0.0327900466865086	0.00543226332943064	0.00736884200888268	0.000112193514927459	0.000747397329826537	0.011369227263875	0.00550291190912949	0.000106461670872641	0.000863056696540476	0.00164992590903398	0.279749126689706	0.000109928785693942	0.00169704985656219	0.0186739926022357	0.00301586513121367	0.0035785806657447	0.0115056981412353	0.000545514358097211	0.000326722549922838
T[C>T]A	0.0141670526791043	0.0223511609274822	0.201121041759978	0.0102088563064629	0.00337298948977628	0.010828880344245	0.00736437012805254	0.113839794543368	0.006206027793227	0.00498084031615723	0.00349406625357964	0.0288996388985932	0.0134644433494125	0.142996997874879	0.00897088711281829	0.0112397719235221	0.0168583497014781	0.0156687325076124	0.0157752718869625	0.0211892850838643	0.0103551428132005	0.00618264004982224
T[C>T]C	0.0189792161651591	0.0249245441364638	0.0531078317722896	0.0149247248573075	0.00736193107274183	0.0221447445306731	0.00727654893053408	0.298389256876352	0.00698432501696316	0.00913184778385562	0.0217449608613796	0.165941928864667	0.0101153213826222	0.0315197291456951	0.0301148540848093	0.0170848369216874	0.0140121465390133	0.0177249779330558	0.00503872905351993	0.0350042287878787	0.00823784623400218	0.00906649034646249
T[C>T]G	0.0803951976009348	0.0404741149543045	0.0274456093802553	0.00104549177500075	0.00115077130368809	0.00783685282142113	0.0422405962780709	0.101988382139622	0.00989489045638802	0.005082529019975	0.219480263904463	0.00831045601240393	0.00105915302711976	0.0221318354687134	0.00995003968068765	0.0113297991274986	0.0038303504180494	0.0171128899472951	0.0138878187778457	0.00949624071327071	0.0256337141058478	0.0132133801164716
T[C>T]T	0.0152003804942446	0.0293791841100876	0.111760933667729	0.00988044453136516	0.00836568552732319	0.0129779605529576	0.00527309520159058	0.0901147637676567	0.0158513264736719	0.0107812151689068	0.0417329749820751	0.102919511062452	0.00989955545420386	0.0798067116840167	0.0251736919239127	0.00859838593991508	0.0213259205457485	0.0216496032633553	0.0016266275753385	0.0292573467019983	0.0106920814187053	0.00697008106502055
T[T>A]A	0.00486016561300163	0.00388413353091782	0.00171928832667193	0.00574899635869967	0.00392225955492313	0.00776461846853056	0.00018001585434546	0.000856577195159067	0.0168388273159649	0.0193708173674802	0	0.000259647174142749	0.00502991962053824	8.5367224036012e-05	0	0.000726116549590606	0.00753498530185226	0.000518463444806379	0.000782983097193557	0.00342847739041018	8.7528439851518e-05	0.00235903630867986
T[T>A]C	0.00208527147725807	0.00572859861030192	0.00243430050353898	0.00986650997866142	0.0047307050983893	0.00707930444477464	0.000849600923203717	0.00151600975324194	0.010244482797082	0.00287023515310771	0.00080619574061556	0	0.0137437215875025	0.00050362281016891	0.00166490189513402	0.00203476462001197	0.0090996976971989	0.00265084580949571	0.00246357249901612	0.00497877096892667	0.000722922024040243	0.00463903451035127
T[T>A]G	0.00107418928731272	0.0022437220933466	0.000474994385317921	0.00644944960562978	0.00789836903098216	0.00692301942301388	0	0.000946599478353971	0.00649359457491787	0.0139391815697784	0	0	0.00360817560801987	0.000566033535781974	0	0.000601821018833288	0.00617168548849354	0	0.00182668318557604	0.00505172591200101	0	0
T[T>A]T	0.00329805924319665	0.00464632550511928	0.0023857348985474	0.012087084744025	0.00375354646541841	0.00852833573635056	0.000602954119985112	0.00409866080791579	0.0202270768188666	0.0119847713716725	0.00228859941199496	0.000662609715386192	0.00793815381147066	0.000571866512884215	0.00101277074880556	0.000260581194018952	0.0067867044614771	0.00314236011713541	0.00174837520486971	0.00715090609927926	0.000837634688443489	0.000668907884213282
T[T>C]A	0.00715769844823876	0.0075034397756367	0.00206314599200631	0.00792664649457075	0.00244051705639661	0.0149998311323886	0.00531046770319108	0.00197012754886585	0.00578834688986292	0.0140551046945438	0.0025622856164514	0.000173098116095166	0.044122101934546	0.00042683612018006	0.0015874386196015	0.00617199067152015	0.0218071339324195	0.00146897976028474	0.00017399624382079	0.00457130318721357	0.00350113759406072	0.0339875971880172
T[T>C]C	0.00500465154541936	0.0108322591903891	0.00152143781471186	0.0107914952891609	0.00164546264291802	0.0147832533993823	0.00371700403901626	0.00181921170389032	0.00765749219175827	0.0145637857768799	0.00977512335496367	0.000919071043746427	0.0356087332039836	0.000604347372202692	0.00582715663296906	0.0106021945990097	0.0191407434320391	0.011419028102443	0.00708277093467135	0.00207448790371945	0.0116700269595068	0.0322670622608877
T[T>C]G	0.00820290001220624	0.00731648508699978	0.000759991016508673	0.0063531891637547	0.00346757664774827	0.0122859217929542	0.010543538263031	0.00179853900887254	0.00281066033839729	0.00975742709884488	0.00613506818012528	0.000669514733336543	0.0312058430963881	0.000188677845260658	0.00331362308049896	0.00391183662241637	0.0161639381841498	0.00572951543857275	0.00105755342322823	0.00553746878815496	0.0234079998690437	0.0240419650314541
T[T>C]T	0.00515850291884605	0.0119114890222149	0.00197440129534957	0.00900279415417036	0.00183506716087122	0.0146079414097886	0.00249795278279546	0.00196735718779958	0.00990371396110483	0.0266424054233582	0.0080918336352679	0.00041413107211637	0.0313303730218682	0.000980342593515797	0.00219433662241205	0.00408243870629692	0.0147610822037127	0.00595394548509867	0.00116558346991314	0.00319687566791308	0.00343430222261831	0.0229100950343049
T[T>G]A	0.00123713306512769	0.000794481858596827	0.000343857665334386	0.00278739217391499	0	0.00449994933971658	0.000810071344554571	0	0.00254336454251553	0.0452286061324422	0.004270476027419	0	0.00167663987351275	8.5367224036012e-05	0	0	0.00602798824148181	0	0	0.00281310965366989	0	0
T[T>G]C	0.00135542646021774	0.0036454718429194	0.0014200086270644	0.00575546415421916	0.000308524245547128	0.00530947833358098	0.00201780219260883	0.00101067316882796	0.00320786835060144	0.00861070545932312	0.00927125101707895	0	0.00281121577926187	0.000402898248135128	0.00156084552668814	0.000428371498949889	0.00721700162191637	0.00978773837352261	0.00369535874852418	0.0018670391133475	0.000413098299451568	0.00185561380414051
T[T>G]G	0.00195307143147768	0.00282904090030658	0.00227997304952602	0.00952978374563206	0.00288964720645689	0.00585043894902581	0.00109414076314473	0.000946599478353971	0.00649359457491787	0.00876177127243214	0.00207648461481163	0.000286934885715661	0.00107270085643834	9.43389226303291e-05	0.000194919004735233	0.000902731528249932	0.00480019982438386	0.00429713657892956	0.000769129762347804	0.00106863432753868	0.000386909088744524	0.000289662229294627
T[T>G]T	0.00338262486481708	0.00718068487154799	0.00164533441279131	0.00941959017982639	0.000917533580435612	0.0111459437346364	0.00620181380556115	0.00114762502621642	0.00940013528511645	0.046990650342169	0.0517386938497432	0.000248478643269822	0.00270235023369214	0.000245085648378949	0.00210993906001158	0.00286639313420847	0.0138279103402596	0.0473007891316172	0.00124883943204979	0.00109366799165447	0	0.000250840456579981
