Type	Signature_1	Signature_2	Signature_3	Signature_4	Signature_5	Signature_6	Signature_7	Signature_8	Signature_9	Signature_10	Signature_11	Signature_12	Signature_13	Signature_14	Signature_15	Signature_16	Signature_17	Signature_18	Signature_19	Signature_20	Signature_21	Signature_22	Signature_23	Signature_24	Signature_25	Signature_26	Signature_27	Signature_28	Signature_29	Signature_30
A[C>A]A	0.012782657753219	0.000763187558931186	0.0251738076071706	0.0414547416753981	0.0171831462583399	0.00199382581408792	0.00044646151854124	0.0419390650910252	0.01408796504867	0.000779043766288323	0.000225553657642392	0.00885389663158054	0.00037237116489798	0.000114916388658332	0.0015375074663452	0.0185971713537915	0.00206331812001114	0.0572343375592931	0.0122568252234493	0.00134812549726492	0.000113848783383899	0.00172029853790213	0.000523307412362907	0.0332388214178475	0.0112812467928375	0.00233878095296017	0.00602373598723604	0.00166755620801683	0.0799930143011731	0
A[C>A]C	0.00952458145114886	0.000625539076081262	0.0183398474105114	0.0317199321399461	0.00931433867512683	0.0029681698264498	0.00050441322712947	0.0343216277225984	0.00710942117753035	0.00100590331217933	0.00101932411746475	0.00488465619521483	0.000652238824696275	0.00436238188498675	0.00427588773225627	0.0101271017218749	0.000348380478177064	0.0111983744931613	0.00766158028251151	0.00228371984620005	0.000720309023601416	0.00253380592510888	0.00038267963746207	0.0212002089269906	0.00721087065385588	0.00154119826960685	0.00495565669594315	0.000989232321892837	0.0569799798700616	0
A[C>A]G	0.00159790589330079	0.000103331815838511	0.00226045271151355	0.0193514339703608	0.00236404965620032	0.00054599543473939	0	0.00268556279194926	0.000546534696005321	0.000310860674837255	0	0.00182000825362563	3.95057075382015e-05	0.000534974014978892	0	0.00236605268805299	1.65285632224349e-06	0.00241269670952618	0.000533267275926119	1.72000223392038e-07	0	0	0	0.0221243809180249	0.00153725471241573	0.000303126292167585	0.000843272219738339	0	0.0189937772517226	0.00208337069286216
A[C>A]T	0.00618831581716265	0.000312065316123304	0.0159164413988457	0.0237868871402056	0.00912579620767697	0.00192062193160659	0.000384799077104306	0.0330757881236648	0.00688059383290301	0.00882473420935751	0.000194401612891249	0.00455881053810613	0.000811716502806218	0.0293172796874703	0.00581030227219564	0.0087609999623037	0.00308650868178573	0.0189601994258335	0.0073059370356139	0.00296204541877397	0.000588748256540179	0.000909347073254087	0	0.0246019428831732	0.00487943822550935	0.000590828330267535	0.00271100969853909	0.000528034087762153	0.0264074818900315	0
A[C>G]A	0.00207440655525202	0.000294540840204347	0.027251887829975	0.0110167395685305	0.0134219610881059	0.00152469032842017	0	0.00954513378240808	0.005635186019468	0.000556459833063088	0.000789437801748373	0.00356455578674022	0.00419935031805214	0.000114916388658332	0.00130096785613825	0.00554449829181362	0.00187150027032688	0.00171793051734519	0.0066438865697202	0.000796380867219192	0.000569243916919497	0.00060349920165456	0	0.0139158898099816	0.00915625969867446	0.00145947155107714	0.00153226689836629	0.000304522807757071	0.0106326318515975	0
A[C>G]C	0.00268675898421339	0.000272669660814365	0.0124788588272539	0.00554328911183524	0.00757969024310085	0.0012720727827642	0	0.00444574434365314	0.00244054756840594	0.000301770993653799	0.000305797235239424	0.00155893282826005	0.000925796587333127	0	0.000106897193306407	0.00250567465283502	0.00165610943383655	0.00255784031744267	0.00196716250496917	0.00212655490964317	0.000823210312687333	0	0	0.00883588892362969	0.00168551094450962	0.00158372176478387	0.00185235619868564	0.000290020850326523	0.00359433657372998	0
A[C>G]G	0.000635430334840731	0.000228183685946582	0.00557668020711204	0.00327811176547095	0.00246683424625648	0	0	0.000621501206654645	0	0	0	0	2.0600241314033e-05	0	0.000660702340813327	0	2.70563076859746e-05	0.00275691293750477	0	1.35469235819447e-05	0	0	0	0	0	0.000328000960515699	0	0	0.000164356954028147	0.00510437998251187
A[C>G]T	0.00294231968143587	0.000588665391253238	0.0227786127716987	0.00528597492004568	0.0115932065875356	0.00181953656678519	9.61997692760766e-05	0.00850055599432563	0.00384503773015168	0.000191842048029511	0.000874807258010621	0.00247761442288377	0.00370130253204985	9.90448638090212e-05	0.0010193512758238	0.00726764769600194	0.00128958568798921	0.00388788771033515	0.0071084792778946	0.000835620091103911	0.00176624476962054	0.000295200329047536	0	0.00388166678592222	0.00336830556165524	0.00246884560865731	0.00131920029839975	0.000316462574476927	0.00391785565209848	0
A[C>T]A	0.0339937901610154	0.00831878591352314	0.0202915552312835	0.0136289561672542	0.0251156012369283	0.0365925678820841	0	0.0206356525593391	0.0109181729127192	0	0.0253747864847691	0.0139132661353409	0.00164649679455653	0.0336705018768912	0.0138375671971068	0.0155939014457258	0.0105310208799845	0.00433265863137352	0.0253154988260028	0.0375408585058045	0.00580628795257887	0.003560976819471	0.0228169287546919	0.00732808888433069	0.0239236181777506	0.00677316661565493	0.0158800182770219	0.00648411515105946	0.00594069154100592	0.074066695226992
A[C>T]C	0.0149101639956702	0.00275463581940516	0.00912907765052391	0.00769901265532672	0.0132592093943728	0.017278988632547	0.0198738811489011	0.00583286207523301	0.00594220277524925	0.00321889059897385	0.112023720509376	0.00561215818173619	4.07274234550478e-05	0.0333410615495415	0.0180656256687827	0.00793463640064424	0.0043001363145858	0.00252347665826588	0.0210175783425653	0.0229208387275277	0.00637987992332683	0.00157636992005327	0.0854252707062487	0.00403175817832119	0.0135392286560864	0.0110125697607252	0.00567321827348388	0.00195801551517209	0.00927392962398159	0.0559219896794372
A[C>T]G	0.184068907470794	0.00345770052006277	0.00377673322469458	0.00296087514300602	0.0179459485551007	0.0991527709486731	0.000103921343985892	0.020487633077648	0.013663367400133	0.0130561483431647	0.00756019659217085	0.00203412687169923	0.00032789171856644	0.0530694222859061	0.0340261705518864	0.00376417473099339	0.00967790992639113	0.00892496158675314	0.0392484715081623	0.036776284716087	0.0271362026136736	0.00386101243541897	0.00993974280963173	0.0033605906762696	0.0208653465665836	0.021276627238692	0.00722545107742268	0.00603519477790895	0.0336720225584521	0.0216675635257647
A[C>T]T	0.0125314840139044	0.00320506892320022	0.0144803700811751	0.00577541704227213	0.0163327906250093	0.0150617193583885	0.00413659007887129	0.0204822464824237	0.00769007546030336	0.00450828812869351	0.0621113153187541	0.0066400066533285	0	0.0274354272750989	0.00672771842043706	0.0100552385930986	0.00556791210027923	0.00547186197560133	0.0262618817766662	0.0185319831283878	0.0029437412827009	0	0.0330390346590206	0.00342066859264045	0.00562802582550096	0.0112011149909982	0.00446370522643157	0.0016756201644235	0.00469898223616381	0.0215040713303608
A[T>A]A	0.00375330964648863	1.19913789978258e-07	0.00775446866621107	0.00441756588214663	0.00829658287797943	0.000570229908885876	0.000904449847348667	0.012370059420516	0.0115109942987696	0	0.000182772277342198	0.00540420935305317	0.00112096925897026	0	0.00201258218889495	0.00758169805715289	0.000559446855644873	0.0027873248344117	0.00102105079974751	0.000531787784445483	0.00765714613198826	0.0459881702052539	0	0.00109703107701043	0.0188713831113418	0.00414322722772955	0.134159462670561	0.000932178475633409	0	0.00698100897266102
A[T>A]C	0.00235258480002488	0.000108884360760438	0.00721126753775985	0.0038156594435453	0.0073301972923343	0.00333407897800892	0.000769197170402645	0.0122314081724554	0.00424756428129715	0.000191742092547364	9.71501618993785e-05	0.00643844112907968	0.00101572564706483	0.000791946067627009	0.00916938146810714	0.00726386103277043	0.00182259951307691	0.000791382128011961	0.00522990422150867	0.0019403251979671	0.0286374863807891	0.0114949966740637	0	1.5166259452254e-05	0.00873200945037222	0.0126647137754893	0.00145942891513544	0.00345973289080622	0.00300283669944936	0.00366250471041498
A[T>A]G	0.00284178334388754	0.000522933171426113	0.00733224299571924	0.00996923197795205	0.0116168731991881	0	0.000881752913499194	0.0140729040157828	0.00700738993961574	0	0.000692944212121241	0.00464282064559259	0.000100133781059149	0	0.000934322362829487	0.00811131666932128	0.00107494381220002	0.00447666376391404	0.00452467179682998	0.000191132791211719	0.00269818989394902	0.0681843375920404	0.00024055145093678	0.00644962176606204	0.00624545729820905	0.00117989469264074	0.00124555585155828	0.00187046493394665	0.00392302341858237	0.00657991906713307
A[T>A]T	0.00712885386132669	0.0001233980308566	0.00735773370843638	0.00252234869243945	0.00952972359653827	0.00460168284419229	0.00289197547335255	0.020386276537103	0.0160783422197056	0.000988661410670862	0.000250463043441065	0.00510737201898497	0.000800259715958041	0.000765644204012565	0.00691677251967162	0.00718294966355044	0.00170544152839435	0.00229431926315084	0.00279840569403084	0.00627673018994032	0.00362409330086456	0.012361995677443	0	4.26675108709729e-06	0.0125319412447769	0.00338941322156492	0.00217173727661363	0.00499385607939684	0.00432025046833977	0.0078683401886321
A[T>C]A	0.0129876765071289	0.00118078496545974	0.0119931468204195	0.0077307402937566	0.0329581267361045	0.00712787386107345	0.000452224923674333	0.0149999439422526	0.0239733104404128	0.00279567034473824	0.000548316832026593	0.0434200268710824	0.000495265473752622	0.0024211169406104	0.0110212834153771	0.0671120679873904	0.00246166038973101	0.0026917371859128	0.0134593059966718	0.0151787492979251	0.0244475147587577	0.0156076105014593	0.000999372064053099	0.00444361831580752	0.0190863761449461	0.0511277938011379	0.0047327389631067	0.00395751898702302	0.0093728488044838	0
A[T>C]C	0.00622584537822341	0.000409824214492815	0.00898466351370312	0.00195674843258734	0.0136426723816554	0.00565783099298484	9.61496463003306e-05	0.00766263748815252	0.0106189107032429	0.00498529440623146	0.00145725242849068	0.0313997821218194	0.000139428854291585	0.0045536898888553	0.00743738719079802	0.0170153457069006	0.00783739517442572	0.00147637440882937	0.00473651703080031	0.0189477348211115	0.0161821412768157	0.00109194786962048	0.000220319953964566	0.000627668018941596	0.00933091542059778	0.0272555875233142	0.00183982107223575	0.0081009831041332	0.00625232380801402	0.00857788389199306
A[T>C]G	0.0102489819983698	0.000564678765303193	0.0116770153361213	0.00807507790214116	0.0287180698636428	0.022339753674703	0.000685807821610484	0.00987802594214715	0.0181367739613584	0.00253990526254785	0.000791936242424276	0.0491533403131216	0.000272588616727186	0.00353045245335448	0.00757839249850584	0.0352842275115475	0.00438229485218263	0.00331004279836395	0.0135740153904899	0.0549419183525739	0.0223849828238733	0.00493306985337334	0.000505383604517369	0.0027741549425314	0.0199226854044075	0.0521246015018002	0.00577823191468536	0.00578272689653263	0.0147085062746866	0.0090351336105576
A[T>C]T	0.00789231459265202	0.00123154273769843	0.01427083397886	0.00302681843092734	0.023244466296256	0.00199695670597024	0.000908906577339372	0.0184580267808705	0.0214667596122557	0.00329553803556954	0.000250463043441065	0.0212807167457707	0.000220246907629878	0.00212678945559046	0.0055159071992318	0.0424991188426734	0.00261830085189594	0.00460395739058495	0.0135680276074223	0.00620920734233124	0.0159291542758931	0.00222730883999664	0.000267666190579916	0.00611798911343496	0.0122260555927069	0.0331648935717578	0.00222104225106385	0.00285552900182539	0.00667848780001411	0
A[T>G]A	0.00148175083255574	3.05438441349675e-05	0.00216331168713298	0	0.00322636633559469	0	0	0.00390556340122458	0.0318692817362631	0	0	0.00111811227994204	0.000348111696649713	0	0	0.00486726295027099	4.84966834380188e-05	0.000354368746678888	0.00129951919967865	1.63432794285203e-06	0	0.00153110787745845	0	0	0.0048786113124045	7.49360846403585e-05	0.00106551762299228	0.00615438116366451	0	0.0048957294351928
A[T>G]C	0.00177012689127059	2.39252098386507e-05	0.00143209330908381	0.000195674843258734	0.00222564086263114	0.00171755583715611	0	0.000780915467357355	0.0051577566272894	0.00383484185094728	0	0.000990529404473797	0.000107688972188194	0.00197986516906752	0.00061129209787381	0.00417920771748436	0.00627587432499607	0.00122437195678778	0	0.000375364351758994	0.00304028108837144	0	0	0.00146329483633481	0	0.000161166551327116	0.000955926389492686	0.0170751541371161	0	0.00240953225892256
A[T>G]G	0.00140105170125233	0.000268324854952168	0.00902294286217703	0.00149538479669281	0.00554213309436341	0.000720637215313001	0.000881752913499194	0.00688352997395541	0.00535859230676498	0.00146532995916222	9.89920303030344e-05	0.0018167559047971	3.51509756507766e-05	0.000706090490670896	0.00124576315043932	0.00618487896035747	0.00344182705798136	0.002355251139434	0.00100548262151777	0.000660645928576656	0.00159892734456238	0.00109117578480214	0	0.000863295471978342	0.00714043327695279	0.00126316277950088	6.87241144436602e-05	0.00690558870441878	0.00293492812520144	0.0062852973154396
A[T>G]T	0.00269310002553357	0.000180155226098301	0.00590957422189985	0.000168156579495964	0.00325321245236617	0.00251790193361465	0	0.00248586791791316	0.0167736218832605	0.0112872177718257	0	0.00255368600949248	0.000158513149875629	0.00476400838052262	0.00253906839329718	0.00649885921940278	0.0257850345857252	0.000283886910476394	0.00144160293328862	0.000450068703819341	0.00151706231198982	0	0	0.000923797162192877	0	0.00157062314928793	0.000219322125895423	0.0763182197274198	0	0.00803413215446745
C[C>A]A	0.00650475092188401	0.000648432956132516	0.018258639760365	0.0448308706995437	0.00952683578988331	0.0101427230370735	0.00114683301374735	0.0310255287267971	0.0098511741080176	0.00295406747013014	0.000675947269620089	0.0132914508693405	0.00162877047857799	0.0055101687082445	0.0107343226737827	0.0157258105937553	0.00099561581111044	0.0860803583402684	0.0109851789981045	0.0169994517868848	0.00194963489479428	0.00445566622214071	0.000162819105510038	0.0631474236043241	0.0144772502183009	0.00363823271382336	0.0050184953020685	0.00119392514607274	0.0503164604917697	0
C[C>A]C	0.0076369772150332	0.000215716696464523	0.0161595231346166	0.0629754676214127	0.00514322807708285	0.0255256621561665	0.000604779375595015	0.0263083508076553	0.00604315253321169	0.000904540480397568	0.00173137236367972	0.0116300993838289	0.00116452116123484	0.0105853158775565	0.0089717021760177	0.0104314023706867	0.00042908855136067	0.0211111956932301	0.0164479971128863	0.0376622533398453	0.00143938877260153	0.00388831668784467	0.000768118843397717	0.0353726280382993	0.0080521700174298	0.00412184264850907	0.00233468100362357	0.00036024261814834	0.0266586864898758	0
C[C>A]G	0.000828055766827402	6.09447658141692e-06	0.0017950091252754	0.00804796559449432	0.00259348959459989	0.00859412716741312	0	0.0010665447481401	0	0.000627312507957846	0.000908117340626716	0.00259253031682841	0.00021870280862162	0.00083281122299916	0.0014285229777647	0.00204628343064435	0.000269768280948637	0.0156659617969148	0.00166030857505101	0.0114838936176814	0.00247522252397298	0.000829046844727168	0.000152389920082404	0.0209562450427186	0.00117211111574167	0.000749458897656723	0.00024814525737479	5.15532039398274e-05	0.0133426334135439	0.00207208099288062
C[C>A]T	0.00733499310175836	0.000412430289108553	0.0148130304122745	0.0434789216698274	0.0112239255716032	0.0593455378683393	0.00128582262145552	0.0291415542132166	0.00946721152760591	0.0157796537165226	0.00139914132186224	0.00723462025317021	0.00123883937664063	0.128006173723712	0.0238958452501163	0.00859832727848109	3.14178667234623e-05	0.0378130500777035	0.00974493883626232	0.104689182411918	0.00564976117669374	0.00450004918968066	0.000739271368180014	0.0206538022047108	0.0126909277531919	0.019344279554749	0.00317942145970317	0.00019739688391071	0.040876867685879	0
C[C>G]A	0.00126723193708274	2.65827193440686e-05	0.0163637716349867	0.0102109358426293	0.00742216595553024	0	9.5569417812279e-05	0.0064733938342797	0.00180939932596242	0	0	0.00187064864087014	0.00508002276649586	0	0.000911404755321171	0.0039561787657246	0.00185633783972335	0.000444582301108593	0.000196163910680438	1.3026856101115e-05	9.74817447397139e-05	0.000569989331947843	0.000196728967109952	0.0133894926468186	0.0070281137245021	0.00125576735174308	0.00468714679215062	0.000105613799749321	0.00256314690829752	0
C[C>G]C	0.000730307680308915	0.00028230795637992	0.013874066641488	0.00994889309328506	0.00792751259267459	0	0.000403186250396677	0.00626903695440117	0.00212040439761814	0	0.000203690866315261	0.00197296328832812	0.000916446552782168	0	0.000320417934857775	0.00521570118534337	0.000721488335305264	0.00373739982145795	0.00289650263623155	0.000565560873759135	0	0.000852450173479786	0.000295808341231785	0.0168765121910201	0.00473368160762096	0.0012580490516983	0.00131841364150207	0.000155513523892874	0.00114736535894042	0
C[C>G]G	0.000469553160993834	1.72484256896932e-05	0.00381828365985402	0.00576161173242207	0.00242044358442148	0	0.000539258974313748	0.000603375602563987	0	0	0.000726493872501373	0	0.000255696414624594	0	0.000380939460737253	0.00260436072991099	3.19034706737535e-06	0.00492983284700148	0.000184478730561224	0	0	0.000351926058738634	0	0.000745108082431609	0.000756066091534624	0.000191886077172558	0.000336240186404793	0	0.00139908752337916	0.00297302957522532
C[C>G]T	0.00141007322263361	0.000309849624473877	0.0241936611102786	0.009460691289268	0.00959705213143692	0.000207865281500313	0.000296728297258965	0.00790001214719988	0.00405737636897396	0	0.000199877331694606	0.00193602513817231	0.0062920372550227	0	0.00178170775987709	0.00818888312236294	0.000951911095515883	0.0055395419216583	0.000812078236355194	0.000122234364700279	0.000302665777322879	0.00178451973173981	0.000200255606533735	0.010682064341122	0.000198349505291612	0.00233392743157064	0.000274842478947986	0.000307718492610349	0.000141557676018707	0
C[C>T]A	0.0206077712892214	0.0143762865641293	0.0139941457750311	0.0204218716852585	0.0224207404219944	0.0085359550312005	0.0720593410304583	0.00475871538597228	0.0098511741080176	0.00114350998843747	0.0299348076546039	0.0184111208338272	0.00347384113886329	0.00590375218740483	0.00516462694681997	0.0207699385200541	0.0205069309803467	0.00947176749676028	0.0429598964390159	0.0109029656376132	0.00331437932115027	0.00757156874996774	0.0598665659532614	0.00599633807189794	0.013990262051629	0.00647412188101516	0.0172781220138485	0.00448702694255656	0.00893230626561639	0.0676339706447137
C[C>T]C	0.0192440778408159	0.00355042286249763	0.00876114074455333	0.0147694907776603	0.0181845240539605	0.0104856454500435	0.101502138537363	0.00410545078742529	0.00731539517178257	0.00241210794772685	0.154601367533283	0.00976097626857068	0.00100878984335862	0.0173308603093327	0.00939892608916141	0.010222774323273	0.0039129708206656	0.00578353429936167	0.0778952316100841	0.0187295128983775	0.00935602702190996	0.00734478172444624	0.194278100018371	0	0.00611119825746454	0.00674143817900869	0.00746635981385836	0.00285319677890944	0.00729557658899787	0.0655740254648767
C[C>T]G	0.0886421230438796	0.00448212960972896	0.00321672147925011	0.00695051574069964	0.0119109312642088	0.0850913030531782	0.0186943111095433	0.00766932169599186	0.00718460178634024	0.00976815190962932	0.0122595840984607	0.00425915694907524	0.000115727869419132	0.0271126320376393	0.0147614041035685	0.00148820613137771	0.0119493850624848	0.0147584010212909	0.0219529689367856	0.0408338380189678	0.0291526208379039	0.00506734861778592	0.0140806095550926	0.00273239473476103	0.0106101317883824	0.0109914973407124	0.00699169437518694	0.00219519449505309	0.018293590823061	0.0158562187930273
C[C>T]T	0.0174667178020683	0.00887259593746658	0.0161739994344742	0.0202297760547114	0.0208199073172438	0.00904213974526361	0.0779406327466883	0.0190729495805775	0.0100914232766788	0.00424078193631544	0.0815499513313994	0.0208886922802802	0.000603042551322023	0.0189412476631745	0.0100614085263647	0.0215981792352323	0.00962915729896747	0.00517193266969708	0.117649834491959	0.0140196148689692	0.00403554369763839	0.00422631814667252	0.159585769430421	0.00408335692162507	0.0137706985766077	0.00633877736146731	0.00732981116514811	0.00256325100793362	0.00165518716619369	0.0345031423334817
C[T>A]A	0.00121447552341303	0.000154097150789697	0.00766481157047455	0.00759511664565081	0.00517132682622997	0.000104575543204742	0	0.0122458332928143	0.00575733559168889	0	0.000402227450114058	0.00174294819745938	0.000282829716997446	0	0.00168727433213009	0.00556168787631785	3.02061160987118e-05	0.000416395658700361	0.00439192087464234	4.58854993133617e-05	0	0.0886216856565756	0.000611895856554575	0.00286236767757679	0.0267270221443594	0.00364102017025214	0.341105649340816	0.00273082774942902	0.00179933668810027	0.00538702257202574
C[T>A]C	0.00200580454845622	0.000474657125086168	0.0132208600854504	0.0115359242659875	0.00653380087702483	0.00279035660852713	0.0014298818223039	0.0186888164802911	0.00526394288191403	0.000101838474582335	0.00113516928682701	0.00904878442983011	0.000226260586087974	0.00357527090927555	0.00465361451524097	0.0135294161366395	0.0105364514404318	0.00258193734677043	0.00555543606575163	0.00458861484306563	0.00385458996793027	0.0562099743196933	0	0.00286089518462715	0.0164803204643313	0.00409354682193508	0.00297922381100888	0.021413773665554	0.0004009771788552	0.0070641572612051
C[T>A]G	0.0015241012993235	0.000229063464801781	0.0116203123637489	0.0345434866234299	0.0107465253104622	0.000834424401696366	0.000694833576358224	0.0166148362689238	0.00532470940756337	0.000296922964126768	0.000601769046187568	0.00317003554466838	0.00028386630531532	0.000204395194524353	0.00283985627626015	0.0133543601620943	0.00447418944399731	0.00556275013334316	0.00213930263567523	0.00114595366521892	0.00253120382760413	0.216882286364661	0.00017771332606722	0.00713167759671295	0.0637237011762329	0.00243735964009563	0.00452474340386851	0.00937441376588268	0.00361567572334772	0.00835797757132359
C[T>A]T	0.00229419230793267	0.000587378220568202	0.017076830632804	0.0119376670524384	0.0102847149256393	0.00117915596211163	0.00183627118302818	0.0274014090299635	0.00740382905925631	0.000915475232270915	0.000412306463209844	0.00567515535843746	8.1380142362732e-07	0.00210064293648854	0.000756679893589477	0.0101352046553602	0.0321629117435382	0.00343010488039959	0.0023033353313932	0.00249109142351806	0.00104056368911077	0.064633500047526	0.000482993760007144	0.00309165051405716	0.0381548899644946	0.00171439452659859	0.0057438660097257	0.0119346272116304	0.00233263737802102	0
C[T>C]A	0.00428929764076149	0.000544844871282379	0.00799250090232417	0.00526594754098456	0.0146004800400569	0.00648368367869402	0.000995212625090796	0.00526920039544786	0.0161205396567289	0.000496164464995563	0.000100556862528514	0.0319882257416075	4.24022577285875e-05	0.000614787538399945	0.00337454866426017	0.0150371561100446	0.00745832694289618	0.000194056452788369	0.00674108785410219	0.015146000747803	0.0222312736658468	0.00410720592298285	0	0.00191285252427454	0.0091758818590299	0.0387362020091634	0.00505474428794428	0.022065127815826	0	0
C[T>C]C	0.005535865421237	0.000401327186905446	0.014992969317424	0.00270210838662771	0.0131431733808841	0.00429285632081098	0.000817075327030799	0.0114309347359382	0.012676433878895	0.00193493101706436	0.000412788831573459	0.0405090930870301	4.40816393948896e-05	0.00557321641740013	0.00541117966888485	0.0205055213320943	0.0408699510116219	0.003161022071352	0.00733736838872857	0.0191907689839776	0.0104178107241359	0.00141547759801038	0	0.0047287873122147	0.0112355232789104	0.0228102486144264	0.00606142323109049	0.0472629792168994	0.00290248242214423	0
C[T>C]G	0.00718356762397638	0.000359909105022694	0.00850476093299747	0.0101004346852134	0.0191678412901054	0.0281618235572524	0.000992619394797463	0.00574703660885079	0.0160785342895051	0.00148461482063384	0.000100294841031261	0.0424375726141089	5.36889547421878e-05	0.00163516155619482	0.0134630223467148	0.0195179110061378	0.028655509910331	0.00261512981901179	0.00407486216319091	0.0753417348365443	0.0213633603049788	0.00279688328895252	0.000329213264162216	0	0.0135339698549373	0.0481700706736726	0.00582614791466311	0.0393588921884779	0.00701658120813378	0
C[T>C]T	0.00706762011992957	0.000573088846505313	0.0123824680222094	0.00560551322462325	0.0200279004958498	0.0035374678863349	0.00459067795757044	0.0116091373040728	0.0295080143666012	0.00203438940504648	0.000927689542222149	0.0340509321506248	7.76690388572807e-07	0.00283586796425953	0.00378339946794739	0.0277662377537472	0.104862763265747	0.00135604248710089	0.00554894420744725	0.0114878711544046	0.0212274992578598	0.00247061246978628	0	0.00169407528304006	0.00933602300069797	0.0217355065595897	0.00412537432987841	0.00551077696025023	0.00317748245069401	0
C[T>G]A	0.000310853161107764	0.000113415256767034	0.00199855850372832	0	0.00209353393268103	0.000104575543204742	0	0.00246872770713225	0.0226106270509964	0.00218312364598048	0	0.00133284273923365	1.49709134611877e-05	0	0	0.000205988439863624	9.18556091773207e-05	6.1601602565551e-05	0	2.36995578297798e-05	0	0.00114257243669683	0	0	0	9.75283581697999e-05	0	0.0102035419982381	0.0011382937406503	0.00468877244196819
C[T>G]C	0.00221167456947705	2.26016388145806e-05	0.00605103274449126	0.00135105419331385	0.00366055925633537	0.00429285632081098	0.000817075327030799	0.00219090056578821	0.00687535396821424	0.00183309254248203	0.000103197207893365	0.00515570275653111	0.000150263549074392	0.00210310053486797	0.00205624827417624	0.00866728221253468	0.0204203339161289	0.00208893775128788	0.00115301503251449	0.00886189917388928	0.000520890536206793	0.00111420086529916	0.000200837361888345	0.00232042839413696	0.00301076230903129	0.00411226876448097	0.000403687309978595	0.0370309466806097	0	0.00624515922828446
C[T>G]G	0.00163839949661905	0.00022691224780212	0.0105662684691333	0.00464619995519818	0.00730999905472229	0.00521515251060229	0.000893357455317716	0.00670823869741746	0.013155164418686	0.00366204989089681	0.00110324325134387	0.00460166450032506	4.54928098329703e-05	0.000510987986310882	0.000736259034585965	0.00688263177584858	0.013471375300241	0.00535015426016682	0.00132433020303705	0.0156309047535054	0.000404992612416661	0.00426049404275316	0	0.000117544162657019	0.0119310911265546	0.0056055781337119	0.000414986315044902	0.019650104083748	0.00220558024992417	0.00746247997439606
C[T>G]T	0.00290390805225912	6.856971258378e-05	0.00905343191374588	0.00124566960547183	0.0120738803642753	0.00921885570378186	0.00132619585440924	0.00508060894028161	0.0546166520458183	0.018512943585923	0.000927689542222149	0.0066210145848437	0.000471451791776768	0.0066170252499389	0.00486437074450378	0.0196369590197604	0.26913865860728	0.00242387708586273	0.00198924414983958	0.00228208911919202	0.00332980380515447	0.00170335903893288	0.000222431337053619	0.00268707846574079	0.00890863389915957	0.00711435962178522	0.00152202907994556	0.129752229820769	0.00119482480581068	0.00951012928429822
G[C>A]A	0.00793745459852803	0.000329409132756866	0.00921584497587881	0.0357478186102947	0.0114484983056883	0.00235629622125403	0.000280301645583444	0.0226435461899882	0.0115965653229589	0.00130428411320871	0.000377624550852528	0.00596782065973274	0.000123015830940249	0.00173154916198916	0.00237610416067432	0.0092826633761279	0.00616153652951837	0.122037305761913	0.00306848882422837	0.00106746874196244	9.53034770968208e-05	0.00124312425714789	0.000338101135629873	0.0531082990868672	0.0128487221142463	0.00132004660433091	0.0104188278392679	0.00213430832034617	0.0746792912728484	0.00842919422255908
G[C>A]C	0.00498818680766812	0.000112515615266937	0.00925991301666041	0.0340847412444747	0.00799933687413514	0.00511648898698328	8.39517585340934e-05	0.0135926450895236	0.00812382582906354	0.00184158705945578	0.000848253451484269	0.0048432569029232	0.000631049985307317	0.00985354666704966	0.00880673306030001	0.00816685090631152	0.00109599963272777	0.0137085554450094	0.00267092483571341	0.00281129003868736	0.00325400149087365	0.00155678745710465	0.000493429726436668	0.0959548407373924	0.00554573982797579	0.00169173600461032	0.0108293039050782	0.000385231347482581	0.0631579288494618	0.00799458013267027
G[C>A]G	0.000533600468892705	0.000149943599301339	0.000792966736039896	0.0193795075493819	0.0024284183641014	0.00185136956065853	0	0.00073056818821666	0	0.000167312867930865	0	0.00129649400319931	8.09562195176612e-05	0.000950189409814688	0.0011557203609976	0.00312578460965017	0.00108673301291933	0.00789284971923569	0	0.00322192892880848	0.000256735059656684	0.000287016613258478	0.000129643575462049	0.040579101989076	0.000563888413265872	1.140228978068e-05	0.00141748016988975	0	0.0149359713031009	0.000756904766230079
G[C>A]T	0.00455465172571681	0.000121773849238768	0.0122996090664951	0.0259864680997403	0.0105061589316173	0.0090490658437009	9.89851950692729e-05	0.0213338744918047	0.00884977333973339	0.00868545733884775	0.000600091301215012	0.00275330097676138	0.000543657821933326	0.075007723776809	0.0324099650789356	0.00645368506907515	0.00310006961083238	0.0723325624458512	0.00731430244857422	0.0131083720200695	0.00232221503501531	0.00052659070071323	0	0.0518926439307189	0.0105872787653431	0.00196758756183207	0.00760668290695504	0.00139532828446157	0.0604193803596084	0.00823552027204813
G[C>G]A	0.000580535841113093	4.19592492300899e-05	0.0113260808308116	0.00665517899659743	0.0053520132389149	0	0	0.00356119648491992	0.00108103575044532	0	0	0.00115506206317408	0.00125653182949563	0.000192394351332129	0.00217809548061813	0.00299752671520797	0.00122216588103042	0.000875886791445668	0.00191780551514273	0.00128136492179699	0.000381213908387283	0	0	0.0048032337400883	0.00397872790229515	0.00126754046225802	0.00137372698639951	8.15027883129777e-05	0.000254293656274745	0.00702432851879923
G[C>G]C	0.00207336636406101	1.22087612190111e-05	0.00838912794395213	0.0077737129154065	0.00466127817581923	0.00264645982085342	0.000335807034136374	0.00261734181214666	0.00256077118524829	0.000167417005405071	0.000169650690296854	0.000951354034502771	0.000659968269380727	8.64346198864006e-05	0.00044478449799495	0.00278020456385073	0.000220894256833175	0.00055254415255558	0	0.00155640630287312	0.00359652796359719	0	0.0001193781597338	0.00817751466720495	0.00205152476888506	0.00159157748612196	0.00117212767291734	9.44382054874597e-05	0.000812473636605608	0.00563827112354083
G[C>G]G	2.15171633958741e-07	3.41713351324389e-05	0.00142614640108201	0.00529308135709991	0.000951410739601415	0	0	0.000275783353025955	0	0	0	0	6.83893252785882e-05	0	0.000533409397383508	0	3.70597958600563e-06	0.000462125088215155	0	5.47525129803385e-07	0	0.000184584336961426	0	0.00490677213900901	0.000358324869875639	0.000176736340545413	0	0	0	0.00134563697229134
G[C>G]T	0.000909157820610607	0.000266116942084561	0.0180378556416911	0.00604336467435821	0.00616140782597025	0.00176820826830937	0	0.00585042983540959	0.00458105914056787	0.00039479351540217	0	0.000917766992253794	0.00264391264180493	0.000305738004525037	0.00188795913081178	0.00297074392068538	0.00181822441956329	0.00138275604322407	0	0.00125464818663083	0.000403863484350488	0.000546157894534009	0	0.00314447840315848	0.00201575491674003	0.00124617458586632	0.0046802522721884	0.000168982853956134	0.00486248866660958	0
G[C>T]A	0.0240495464893053	0.00598042790737233	0.015327782474732	0.00827143675291394	0.0192906752797855	0.0641108930199534	0	0.00216207647319526	0.00609311059341908	0	0.0246400019431275	0.0119356413194655	0.00273216522224395	0.0535818268459978	0.047126065853374	0.0120868012709999	0.00195040828418472	0.00256265202781401	0.035862963133169	0.0543181363968118	0.0155344667667818	0.00183387145019384	0.0514842491292287	0.0229999235255952	0.00957846904201169	0.00922048884965776	0.013769865290775	0.00338056498552568	0.0111366376284424	0.0462671644114427
G[C>T]C	0.0235300629460395	0.00167811829935026	0.00700994477063883	0.0068340333322255	0.0155891834320064	0.0681904480506565	0.0176298692921596	0.00138886881920544	0.00609286937179766	0.0112169393621397	0.0827047115197162	0.00795677919765954	0.00210435706691834	0.0534165950897956	0.119647029960642	0.00799308812107085	0.000275721592081878	0.00357713752731236	0.0529015435202592	0.0467740959764352	0.0335675943269071	0.00277796920076907	0.141445382913285	0.0138934079465626	0.00596206019884292	0.0168233883293834	0.0175322127406132	0.00151452024694206	0.00325135622674957	0.0423291241222862
G[C>T]G	0.0896677724318712	0.000254626951773416	0.00103515824225094	0.00196356243892416	0.0114054679694133	0.118046849605799	0.000167799076971821	0.00996516300847724	0.00776578249709622	0.0225872371706668	0.00762953235371933	0.00198795747157227	0.00268006634445941	0.0844804766180695	0.162600964635739	0.000781446152412542	0.00635880243139708	0.0101283421355972	0.0239372658232058	0.00394425497270634	0.001625988711159	0.00283768341501783	0.0113198952265563	0.0110316835288521	0.00896970203521742	0.0193944838246618	0.00814886310720075	0.00196376835230387	0.0169131009150241	0.0134561132319726
G[C>T]T	0.0180690008173528	0.00323768319927472	0.0106848177143853	0.00825926505495622	0.0198908269312084	0.0545024195643595	0.0159366164061529	0.0063662876979819	0.0105156130272126	0.0150021535852825	0.052207943205706	0.0117270226787985	0.00166492795951656	0.0565615308371318	0.0839092947027458	0.0118829756827415	0.000924594519987271	0.0019217630424491	0.0931557686853133	0.0502368894324458	0.0167603346005453	0.00113003079597267	0.110136876609327	0.0186560818941482	0.00993093962961862	0.0175989830674023	0.00778860116659011	0.0011048204971972	0.00584030139218889	0.0190507873866173
G[T>A]A	0.000694226493046966	0.000112410790370201	0.00440297523155424	0.00685277260789067	0.00677841041680876	0	0	0.00812935601189937	0.00307981163818292	0	0.000295853706667457	0.00150824141796184	0.000134195043623053	0	0	0.00303024785837061	8.41625999420994e-06	0.00185733346850669	0.00260437456464354	0.000162979030939217	0	0.0537179943338344	0	0.00225773254055204	0.0361012025090924	0.00224880039899916	0.111156850757273	0.000575437533660094	0.00292876028466891	0.00371783766861029
G[T>A]C	0.000629504593393768	0.00032502272721836	0.00630805250962384	0.00584330772370782	0.00457593301503402	0.00324915470345512	0	0.00893911741265735	0.00336851963333634	0.000110112819315928	0.000334745847871569	0.00443692813802454	0.00027829990042502	0.00284247100799709	0.00444663562787364	0.00457146157374973	0.00286766780263238	0.00169235821084506	0	0.00429463569206402	0.015995241590051	0.01073861644572	0.000209228867340613	0.00557159380099339	0.00659445659396321	0.00590735834988713	2.68543686774798e-05	0.0037355668190205	0	0.00376374776447398
G[T>A]G	0.00132711868269333	9.52151998260374e-05	0.00879631826078574	0.0145015697232784	0.00752339229422858	0.000675571887197743	0.000642920563156224	0.00993158787190635	0.0031557825915146	0	0.000433073784476674	0.00209739075042116	0.000163940380215553	0	0.00295208769421487	0.00565552879649232	0.00382628217454107	0.00163673032201235	0.00175952816724027	0.000908552035934934	0.00338822399024305	0.055224656498786	0	0.000218064354193666	0.041848222172362	0.0014949561952204	0.00173959938516251	0.002466282749677	0.00058558508641593	0.0054779164097242
G[T>A]T	0.00219565514490568	0.000218205486384892	0.00891500361060403	0.00462382698952576	0.00530729146978874	0.00222825711027036	0.00100979160051186	0.0184062747744527	0.00382364208792725	0.000402746264742589	0.00010202993068527	0.00322487680888336	0.000123526350321847	0.000935690439496269	0.00460097686864387	0.00344859877546729	0.00395243545013102	0.00369990379556758	0.00538896387614447	0.00196469157353799	0.00422298913301431	0.0109700584571322	0	0	0.0207985603503222	0.00260691846639246	0	0.0021675114203215	0	0.00657943797991247
G[T>C]A	0.0113283980359246	4.56885087860812e-06	0.00680092532741742	0.00605824824755552	0.0163869032074275	0.0125122094415775	0.000195204541756574	0.00571387454802222	0.00934209530248819	0.00622844555358929	0.000986179022224856	0.0576148221661422	0.00102531212175357	0.00783812984738232	0.0201671428298588	0.0162623301732556	1.12286557164771e-05	0.000524019643263126	0.00390656184696531	0.00246703431861589	0.141965821909506	0.00421814894320443	0.000253521214860143	0.00128835572047852	0.0174335177485183	0.0983113635366898	0.00483413295967311	0.0038139645545925	0.00708756637894508	0
G[T>C]C	0.00797661580571304	0.000205796063077868	0.00703296391788548	0.00179794083806395	0.010894317254314	0.00684643312513758	0.000110432805751751	0.00585506415048803	0.0112671173942629	0.0111213947509087	0.00178531118864837	0.0311722643543263	0.000583195160425454	0.0144397527206252	0.0583913467976038	0.0113143673950306	0.0107617909886997	0.00255385079396548	0.00340008313426599	0.00176980923209027	0.0749072933618587	0	0.000614675227583397	0.00770371721840563	0.00456270145110626	0.0456344239730125	0.00224967310739133	0.00834859401726589	0.00804249016889582	0.00741676065676252
G[T>C]G	0.00550383051812877	5.31278171154405e-07	0.00664755304568413	0.00457944307050898	0.015571456961793	0.0129484611712901	0.000321460281578112	0.00552730210829501	0.010594412985799	0.00576951892067398	0.0020571004762642	0.0452594846143513	0.000672875456044128	0.00904644291761377	0.0174854424965035	0.0164121227819777	0.00503218538481779	0.00638337693831164	0.00659823062715102	0.0299896131116768	0.0966190324959632	0.00161948045057996	0	0.000309325803819608	0.014666393393968	0.0491163564638844	0.00136548229163135	0.00943078051213101	0.00619245355553227	0.00859288285021701
G[T>C]T	0.0111155311546195	0.000585168399417035	0.00771343340845896	0.00246604106108041	0.0163003595339284	0.00445651422054072	0.00817931196414608	0.00877130143555186	0.0133827473077454	0.0124851342070203	0.00234668840576122	0.0421314550837987	0.000680489195539058	0.0089410419774088	0.0100579494337796	0.0148394250338289	0.00830349085263065	0.00488900885508866	0.0102597581488135	0.00154866947533276	0.103308734156423	0.00161531850891557	0.00103987142535773	0.00444937852392615	0.0146024350606837	0.0576007326145206	0.0039229283478428	0.000440344520986194	0.0116211724788793	0.00870508039457413
G[T>G]A	9.97544154836764e-05	9.34057454412993e-05	0.00411476275284219	0	0.00163684624441243	0	0	0.000973402515285681	0.00739154793163901	0	0	0	1.79852122549148e-05	0	0	0	3.86002097317753e-05	0.00132858476323884	0	3.57584026264249e-06	0	0	0	0	0.00552837159400786	3.74918278540061e-05	0	0	0	0.00322859091922843
G[T>G]C	0.000230608085568896	5.19864390060303e-05	0.00505727033528698	0	0.000372909894330919	0.00185665983054578	0	0.000593096569470056	0.000696935096552347	0.00220225638631855	0	0.000455069552617902	0.000102764685587825	0.00216027796607779	0.00257436799508474	0.00365716925899978	0.0101163186467018	1.03137714177287e-06	0	0.00319971423513245	0.00067585527845286	0	0	0.00123256938636256	0	0.0027915238652349	5.81500376091241e-05	0	0	0.00210328735888829
G[T>G]G	0.00131398750946004	0.00011797158727851	0.0178664182937692	0.00196261845878956	0.00656786655137763	0.00112595314532957	0.00182160826227597	0.00667542260020377	0.00563532605627608	0.000961586486778997	0.00108268446119169	0.00121427885550699	1.12974581225916e-05	0.00132386969526055	0.00420104787253655	0.000887141771998796	0.00517128169336765	0.0105410054292316	0.00472873194945823	0.00299791262273842	0.000437190192289426	0.0020616657797633	0.000207369116681247	0.00325795173454574	0.0095044673209442	0.00089953681557902	0.0052689075969848	0.00483188437750276	0.00399502998430356	0.0036519806710233
G[T>G]T	0.000834360775549561	8.7459175301236e-05	0.00725931056709672	0.000205503421756701	0.00344120289717299	0.0037137618504506	0.000908812440460676	0.00560843808274953	0.0196492718407373	0.00302059698556942	0	0.00332890509304089	5.40830608884376e-05	0.00395069296676203	0.0203298977916822	0.00459813170062305	0.0646997008622755	0.00296169905718628	0.00259084801737715	0.00367827572303143	0.000823997879612548	0	0	0.000866154024680073	0.00285513860438027	0.00812596011651381	0.00240624908929753	0.034167668110292	0.00639195808596373	0.00576960083979593
T[C>A]A	0.0119720250746259	0.0143491713374425	0.0112266388808467	0.0318024723321764	0.0144168794773214	0.00169181475914721	0.000947086477066292	0.0261992953132698	0.0221149310037381	0.0353183994280753	0.000861247516845491	0.00643951638450163	0.0454624401178596	0.000487548212653168	0.00572024106822106	0.0119576666487228	0.00174365077617431	0.0644636681393617	0.00495712632695908	0.000667276177098786	9.66037507784725e-05	0.00393216310497246	0.00202870795685021	0.0309660228098884	0.0067107765208507	0.00260746347254778	0.00695100902682044	0.000785634537259752	0.0260851507575832	0
T[C>A]C	0.0119049335660768	0.00676219080285244	0.0174596562921715	0.0565816988162158	0.012825399812514	0.00314955102963415	0.00206712335903258	0.0191330922327286	0.00467463636554514	0.0106148387143228	0.00261079183235788	0.0105412296513642	0.0178503178993342	0.0176645433854358	0.00679012749451679	0.0155096278485262	0.00134172810560114	0.043909374067225	0.00668262549586775	0.00429349898591561	0.000527121531771075	0.00290176525095743	0.000744372833261956	0.0671954903836718	0.0108157381678091	0.00215708703291314	0.00671722207255524	0.000916363431404878	0.0334562336463216	0
T[C>A]G	0.00241409681588392	0.00170565378325362	0.00141941532718912	0.0108800195985056	0.00413380215637037	0.00118835437099432	0.000205621738184722	0.00178316855315501	0	0.00317790199955084	0.000103880700155049	0.00201239075152755	0.00234960561150088	0	0.00272350940564869	0.00425594490894378	0.00225423555535926	0.0158173798855677	0.00189924814265414	0.00105355174040214	0	0.000540624709496445	0.000105678487065352	0.0136834179890321	0	0.000279953616150818	0.00154169093389347	0	0.0131615506318848	0.00175193687333058
T[C>A]T	0.0168121063398978	0.0132543519378456	0.0177338284752776	0.0401987486377868	0.0200697628180831	0.00650722386579263	0.001388023612535	0.0416739807469565	0.0361619925457081	0.328221331300351	0.000431528348270238	0.00538975796951099	0.0198287455041217	0.056723253418074	0.0164048152801011	0.0173480286304793	0.00540012877477319	0.127706750407616	0.00953329274559496	0.0133655417721484	0.000435630066563785	0.00394501628186977	0.000229041648514635	0.0336295124959245	0.0268524115249779	0.00330932548186562	0.0108549178589274	0.00228080747968748	0.0450576055858889	0
T[C>G]A	0.0018322998248547	0.0353258828103907	0.0154541826318471	0.00308387610493832	0.00261624695883241	0	0.000189417295413258	0.00399097347648482	0.00328735460866377	0	9.56941685383879e-05	0.00234164232163696	0.264505082356639	0	0.000903195958140168	0.00490068305275526	0.000375271605794384	0.0017326309417255	0.000485992777152851	2.35562934171317e-05	0.000193207501556945	0.000218841523202744	0.000225868035379713	0.0100631667055245	0.00947761047607018	0.00408807354468161	0.00281842192435626	0.000527909661748528	0.000795757608895377	0
T[C>G]C	0.00220497918781954	2.00960338248551e-05	0.0211847685510554	0.0110428966091127	0.00843852562154964	0.000217210415836838	0.00103356167951629	0.00401879254816164	0.00271781184043322	0	0.00114874840623747	0.00287488081400842	0.0658050675393128	0	0.00284747282028123	0.00684562884348743	0.00068373700113606	0.0082461875535738	0.00116680762626262	0.000160810444811521	0.000316272919062645	0.000665867842398384	0.000177204965450176	0.00814272247122185	0.00344793985740847	0.00298112582518126	0.00333028749742408	0.000737391290479085	0.000470086504452638	0
T[C>G]G	0.000323468372652827	0.00167374340995092	0.00264371593192953	0.00324308276493917	0.00139730686699409	0	0.000308432607277083	2.69893943058978e-05	0	0	0.000311642100465147	0	0.00976303899210326	0	0	0	1.41518950827734e-05	0.00157859316587398	0	0	0	0.000416999192406674	0	0.00170229407713712	0.00216025586869492	6.54491807041875e-09	1.36543451224963e-05	0	0.000150875370266496	0.00206110836676429
T[C>G]T	0.00347232774607005	0.0715189648496403	0.0354866514476853	0.00543226332943064	0.00730979374881748	0.000112193514927459	0.000747397329826537	0.00682620213474058	0.00550291190912949	0.000106461670872641	0.000863056696540476	0.00164992590903398	0.351387394038387	0.000109928785693942	0.00169704985656219	0.0186739926022357	0.00307307445038323	0.00386453456673841	0.0115056981412353	0.000746535990176955	0.000326722549922838	0.000281599404353101	0.000484689145942286	0.00677162356625819	0.017883861522939	0.0087958566852843	0.00235842313729307	0.00142206132256164	0.00149787062913202	0
T[C>T]A	0.0141631737542535	0.39833680160697	0.00855513397302349	0.00337298948977628	0.0107317129664822	0.00736437012805254	0.113839794543368	0.00695937370207985	0.00498084031615723	0.00349406625357964	0.0288996388985932	0.0134644433494125	0.107452024091413	0.00897088711281829	0.0112397719235221	0.0168583497014781	0.015386817827425	0.0143411947100816	0.0211892850838643	0.0103831846061125	0.00618264004982224	0.00195725416810776	0.0142593145622648	0.026161934471716	0.0107144992662151	0.0109970992907811	0.0184178885711395	0.00771785992522237	0.0117131973378541	0.0820246868008112
T[C>T]C	0.0188572058338699	0.0848548488062004	0.0142244168826593	0.00736193107274183	0.0219853612316079	0.00727654893053408	0.298389256876352	0.00429525105247479	0.00913184778385562	0.0217449608613796	0.165941928864667	0.0101153213826222	0.0154763420194048	0.0301148540848093	0.0170848369216874	0.0140121465390133	0.017500081860635	0.0104482496684665	0.0350042287878787	0.0086494730553327	0.00906649034646249	0.0021085462136424	0.0465070652583353	0.01295347260461	0.00680697471950278	0.0114748340916318	0.00856066878152076	0.0056538349875967	0	0.0951086818477695
T[C>T]G	0.0806315400041779	0.0491375237235016	0.00178353457953803	0.00115077130368809	0.00798134210803367	0.0422405962780709	0.101988382139622	0.00582346986363712	0.005082529019975	0.219480263904463	0.00831045601240393	0.00105915302711976	0.006252307053612	0.00995003968068765	0.0113297991274986	0.0038303504180494	0.016880863360778	0.012048652010606	0.00949624071327071	0.024377496686217	0.0132133801164716	0.00157869997135564	0.00292669539632048	0.00573236260427005	0.0147872261015638	0.0109462137012422	0.00491277561807907	0.00210822825016092	0.0166673707087433	0.015870838252391
T[C>T]T	0.0151623092875686	0.244536752022577	0.011191567372585	0.00836568552732319	0.0129675179926417	0.00527309520159058	0.0901147637676567	0.0133398745468814	0.0107812151689068	0.0417329749820751	0.102919511062452	0.00989955545420386	0.0299440054260157	0.0251736919239127	0.00859838593991508	0.0213259205457485	0.0213615022725554	0.0058481117981553	0.0292573467019983	0.0104266370784911	0.00697008106502055	0.00129349815883213	0.0268635199605725	0.00614090757721492	0.0135414545606982	0.00795104109489075	0.0131514270212846	0.00706951037409965	0.0147200494172584	0.0495536759669719
T[T>A]A	0.00495001168968448	6.92778680135326e-05	0.00621488818992369	0.00392225955492313	0.00812462696100856	0.00018001585434546	0.000856577195159067	0.0132711304174188	0.0193708173674802	0	0.000259647174142749	0.00502991962053824	0.000344250962996968	0	0.000726116549590606	0.00753498530185226	0.000604003134523506	0.00405308747444554	0.00342847739041018	0.000810651826543142	0.00235903630867986	0.035822020317216	0	0	0.0190970576636742	0.000552726491039063	0.0469011501993891	0.0001861204599005	0.00104495034434547	0.00669730795797244
T[T>A]C	0.00208487674942187	4.86167815318483e-06	0.00935835730335852	0.0047307050983893	0.00711793778921108	0.000849600923203717	0.00151600975324194	0.0125077832938424	0.00287023515310771	0.00080619574061556	0	0.0137437215875025	0.000777400960058183	0.00166490189513402	0.00203476462001197	0.0090996976971989	0.00263047754643815	0.00264391817281976	0.00497877096892667	0.000732671412571683	0.00463903451035127	0.0264825504919365	0	0.0083992323962952	0.00351524098258388	0.00526773378515444	4.93429077252243e-05	0.0110007755925723	0.00174160592638422	0.00668642273550149
T[T>A]G	0.00106477677257954	6.31459467198794e-05	0.00632225588536411	0.00789836903098216	0.00696792484537522	0	0.000946599478353971	0.0081006609092066	0.0139391815697784	0	0	0.00360817560801987	0.00023131222088497	0	0.000601821018833288	0.00617168548849354	2.01861121888052e-05	0.00193706403793082	0.00505172591200101	9.39918947538989e-05	0	0.0677508207568905	0.000226649259550572	0.0110236419042706	0.00985246517902782	1.95827967944651e-05	0	0.00328950339068375	0.00236415726216714	0.00351084067353463
T[T>A]T	0.00336748966563914	0.000226855828396636	0.0122676584781533	0.00375354646541841	0.0086495010766061	0.000602954119985112	0.00409866080791579	0.0231971442405745	0.0119847713716725	0.00228859941199496	0.000662609715386192	0.00793815381147066	0.00013099421910076	0.00101277074880556	0.000260581194018952	0.0067867044614771	0.00321193026664553	0.00234447616452878	0.00715090609927926	0.00194123375341265	0.000668907884213282	0.0198066085093672	0	0.000230580932210001	0.0121619637233694	0.00104042776840307	0.0016400102327589	0.0144540755471244	0	0
T[T>C]A	0.00713631895846004	8.74481564340318e-05	0.00794256463841394	0.00244051705639661	0.0150563414410552	0.00531046770319108	0.00197012754886585	0.00429608896283996	0.0140551046945438	0.0025622856164514	0.000173098116095166	0.044122101934546	0.00066932299964315	0.0015874386196015	0.00617199067152015	0.0218071339324195	0.0014767795483918	0.00026274710224945	0.00457130318721357	0.00502782314075994	0.0339875971880172	0.00421649191046143	0	0.00149804666744848	0.0126976898945344	0.0253330244113397	0.0015283403633408	0.00909326391353216	0.010086853570287	0
T[T>C]C	0.0050658527071566	0.00047609994870791	0.0112613167199967	0.00164546264291802	0.0147826021529828	0.00371700403901626	0.00181921170389032	0.00628929822647542	0.0145637857768799	0.00977512335496367	0.000919071043746427	0.0356087332039836	0.000133937584487345	0.00582715663296906	0.0106021945990097	0.0191407434320391	0.0112936248283054	0.00642048903919718	0.00207448790371945	0.0116223355580332	0.0322670622608877	0.000944696263449879	0.000241032649691377	0.00246333681386278	0.00764432261911873	0.0380402947196958	0.00365600694550808	0.0313466061204504	0.00370976623732946	0.00942177749093392
T[T>C]G	0.00813230827987189	0.000182364393248465	0.00588622699025455	0.00346757664774827	0.0122856820330324	0.010543538263031	0.00179853900887254	0.00165885567386761	0.00975742709884488	0.00613506818012528	0.000669514733336543	0.0312058430963881	3.52848170982436e-05	0.00331362308049896	0.00391183662241637	0.0161639381841498	0.00566604138919096	0.00148037529282437	0.00553746878815496	0.0230298021639118	0.0240419650314541	0.00172830807894293	0.000234469171164947	0.000473605252299716	0.00472976470204282	0.0186155425714301	0.00113137512608986	0.0158717599309864	0.00164247008583315	0.00578812187533718
T[T>C]T	0.00529279527564355	0.000480557176571345	0.00898413955102964	0.00183506716087122	0.0146751762480664	0.00249795278279546	0.00196735718779958	0.00839145109144597	0.0266424054233582	0.0080918336352679	0.00041413107211637	0.0313303730218682	0.000146807763537277	0.00219433662241205	0.00408243870629692	0.0147610822037127	0.00596227561861774	0.00112936677308772	0.00319687566791308	0.00452706603827671	0.0229100950343049	0	0	0.000305205396494041	0.0142441979948296	0.0194283110615953	0.00129852991000524	0.0151540903384476	0.00318980176254608	0
T[T>G]A	0.00123530632133893	6.15434050388664e-05	0.00472884481584412	0	0.00459190517858246	0.000810071344554571	0	0.00152803988065222	0.0452286061324422	0.004270476027419	0	0.00167663987351275	0.000466599000997188	0	0	0.00602798824148181	0.000115310570060626	3.15661358784334e-05	0.00281310965366989	2.35990467461183e-07	0	0.00144980293009812	0	0	0.00182086775249593	7.51018117025543e-06	0.0010559063790151	0.008598841527486	0	0.00755596627956584
T[T>G]C	0.00134717640279796	1.44562392603113e-05	0.00633319838935708	0.000308524245547128	0.00534376390867315	0.00201780219260883	0.00101067316882796	0.00263717544531054	0.00861070545932312	0.00927125101707895	0	0.00281121577926187	0.00023705092408905	0.00156084552668814	0.000428371498949889	0.00721700162191637	0.00980386704427798	0.00331632552307799	0.0018670391133475	0.000390265784462607	0.00185561380414051	0	0	0	0.000597603385300624	0.00282244400262629	0.000293694277849758	0.0325422206736571	0	0.00445768381808902
T[T>G]G	0.00198395702115479	0.000195884722873716	0.0106655641315863	0.00288964720645689	0.00590584022005785	0.00109414076314473	0.000946599478353971	0.00584154432103406	0.00876177127243214	0.00207648461481163	0.000286934885715661	0.00107270085643834	4.5190153167788e-07	0.000194919004735233	0.000902731528249932	0.00480019982438386	0.00431969769715437	0.000724790079716809	0.00106863432753868	0.000499421556658625	0.000289662229294627	0.00249560473196992	0.000242289083758261	0.00133882574826775	0.00911550195337679	0.00133138764808621	0.00230923056682191	0.0128514133475268	0.00034287679913684	0.00797048420630892
T[T>G]T	0.00340902721354757	1.93741666384754e-05	0.0108408215250216	0.000917533580435612	0.0112923507059079	0.00620181380556115	0.00114762502621642	0.00605989762578239	0.046990650342169	0.0517386938497432	0.000248478643269822	0.00270235023369214	0.000547835355601849	0.00210993906001158	0.00286639313420847	0.0138279103402596	0.0480081053418293	0.00176869756947501	0.00109366799165447	0.000516593559808551	0.000250840456579981	0	0	5.92397290187361e-05	0.00658822242171864	0.00216253755103235	0.000118605760826678	0.204776244789142	0.0051249259430986	0
