Type	Signature_1A	Signature_1B	Signature_2	Signature_3	Signature_4	Signature_5	Signature_6	Signature_7	Signature_8	Signature_9	Signature_10	Signature_11	Signature_12	Signature_13	Signature_14	Signature_15	Signature_16	Signature_17	Signature_18	Signature_19	Signature_20	Signature_21
A[C>A]A	0.00577656786020628	0.00698083902137604	0.00888458626999813	0.0206290456807695	0.0259699471826119	0.0123176995482373	0.000883026284899911	0.000271155581436835	0.0308155396206479	0.0119535252670613	0.00045401491028522	0.000144300420867616	0.00723914608470912	0.000596389144907413	6.20193497786632e-05	0.000735154685800238	0.0150649572679887	0.00154941031449123	0.0347409094768819	0.00761798540355266	0.000888670942016777	8.30488175604636e-05
A[C>A]C	0.00609205484186402	0.00801459078173804	0.00662676950000537	0.0217399350391429	0.0282267450977632	0.00944620714370602	0.00186726888877612	0.000435163720703289	0.0308551722549858	0.0085686751916247	0.00083271463170468	0.000926321452961575	0.00567307589311435	0.000109384506082026	0.00334426450295551	0.00290415297413758	0.0116530036474523	0.000331542579738302	0.00677967525202168	0.00676413393340886	0.00210636189292191	0.000746372472384519
A[C>A]G	0.00188291585485883	0.00261385843665349	0.00267718916326052	0.00397474519691692	0.0316896241291222	0.00442643218942469	0.000632095226653357	0	0.00346464447717997	0.00121219519610511	0.000473566667879677	0	0.00388985428928648	0.000207357375066519	0.000754718523825804	0	0.00501017049803413	0	0.00287480172672328	0.000866391452913911	0	0
A[C>A]T	0.00316478229990237	0.004380266369365	0.00304930642170254	0.0143995121092054	0.0168397604840084	0.00740768659990153	0.000961235375847951	0.000264100961883969	0.0244677845606375	0.00659743477299588	0.00581180906074917	0.00014054617555522	0.00421216991437659	0.000165963704561457	0.0178801169209586	0.00313950853250389	0.00802003262311286	0.00268284356894051	0.0122490156280906	0.00513144304412074	0.0019308434353722	0.00048532888354697
A[C>G]A	0.000928376977533152	0.00342329605855941	0.00406152515199914	0.0185661411126925	0.00690160240195439	0.00967228756472329	0.000675255394335226	0	0.00711771974933443	0.00478141010682452	0.000324296364489444	0.000505051473036656	0.00291446141072704	0.00153357208690477	6.20193497786632e-05	0.000622053964907894	0.00449141583145005	0.00137725361288109	0.000972745465352696	0.00412937526547714	0.000341796516160299	0.000415244087802318
A[C>G]C	0.0017216676727007	0.00370567100661007	0.00336770253278961	0.0120286950216578	0.00493282924038579	0.00774801260101728	0.000800258095189763	0	0.00397784450674034	0.00294148551354281	0.000249814389511404	0.000277896435888472	0.00181055613610032	0.00153138308514837	0	7.26038243534395e-05	0.00288321739730777	0.00176822709193761	0.00151650630637327	0.00173673709101038	0.00193083173517842	0.000852997111296594
A[C>G]G	0.000753166341943532	0.00196039382749012	0.000411875255886234	0.00794949039383384	0.0053681876940043	0.00462763365258035	0	0	0.00163042093043763	0	0	0	0	0.00145150162546563	0	0.000825799136109655	0	0	0.00456586156597227	0	0	0
A[C>G]T	0.00150703919042971	0.0035303639394882	0.00510964859852858	0.0174133634808996	0.00374216899644631	0.00942064491509217	0.000910644040277006	6.60252404709922e-05	0.00660630183137212	0.00368680178490947	0.000126343675233678	0.000632457789998488	0.00228922277955249	0.0011617459319302	6.04058004086441e-05	0.000550790970614718	0.00665298160780953	0.00100606633835269	0.00290998713816516	0.00499275539427963	0.000399484848697696	0.00145598665064091
A[C>T]A	0.015318220129297	0.0177877148140832	0.00626151794266534	0.0159015560455931	0.00853806482716007	0.0181045382621744	0.0162061294640454	0	0.019175974383501	0.0092639820819725	0	0.0162337973476069	0.0113758009902572	0.00110757984054233	0.0181716694851483	0.00661639217220214	0.0126321070259533	0.00817744332648148	0.00243186366338174	0.0157343436839732	0.0202343537566897	0.00423548969558365
A[C>T]C	0.00953539018726541	0.0142194352579223	0.00391088036065891	0.010483725018876	0.00685115172275804	0.0135855563415097	0.0108701724596609	0.0171454505957096	0.00688059590355086	0.00716187777210423	0.00266468682145497	0.101802727680477	0.00651800208996117	0.00175015209731243	0.0255597358440171	0.0122700463157312	0.00913018842480792	0.00475211030958233	0.00124888754642504	0.0185556647092162	0.0195716125883994	0.0066107276125486
A[C>T]G	0.214652407453907	0.109945420491737	0.00988500614126961	0.00418394231254413	0.00484868565910067	0.0333994428838408	0.114788493160249	0.000164985718876031	0.0597141665772782	0.0303048799026277	0.0198898000509465	0.0126432258205849	0.00434748420567313	0.00829429500266076	0.0748680775635197	0.0425286555096472	0.00797072579232702	0.0196928960138155	0.0152195385532409	0.0637664109344638	0.0567335295185511	0.0517441449867198
A[C>T]T	0.00637979923948574	0.0124216508981992	0.00379102960535991	0.0123065597677512	0.0040886661257469	0.0132855248802582	0.00753810900007077	0.00283908534025266	0.0169643306287087	0.00737360356981893	0.00296907636799142	0.0449045030898926	0.00613511704920068	0.000995782227368744	0.0167324067131944	0.00363522040605714	0.00920481016970908	0.00486265396870467	0.00324835773562622	0.0184454574288664	0.0121177070771634	0.00242664441773484
A[T>A]A	0.00106174003109173	0.00158905328116321	0.000914478602738436	0.00429087609517024	0.00175762322655306	0.00370142483518223	0.000160391852742981	0.000348871024634015	0.00486975089148268	0.00620306699795824	0	7.42632483040844e-05	0.00280627968814414	8.76936263304497e-05	0	0.00061116857538759	0.00390061773222173	0.000265797891690452	0.0010369922744105	0.000403046716489782	3.51806590673356e-05	0.00354746312304558
A[T>A]C	0.00116936403243971	0.00830100592520411	0.00209283189425293	0.0077951730686211	0.0028596837187737	0.00621929836499163	0.0017665008213089	0.000558886652573239	0.00811194515962336	0.00431160773207213	0.000133683333111398	7.4355448222996e-05	0.00629774636665952	0.000526815002656588	0.000511319540005713	0.00524509164364008	0.00703947193886706	0.00168547661941057	0.000572843988738842	0.00388872669987738	0.0013385248002457	0.0249914525398492
A[T>A]G	0.00140859375096026	0.0052376942156305	0.00239343576671579	0.00662324554838193	0.00693991371801744	0.00919229722975734	0	0.000595082166632166	0.00857604649172948	0.00660692747689703	0	0.000492619400342199	0.00421823058540317	0.000498607503172079	0	0.000496425127446286	0.00730142929879083	0.000923554421714487	0.00298194565873285	0.00312496200558425	0.000133353215518861	0.00218712239054387
A[T>A]T	0.0023783352060592	0.00335629332196258	0.00117525209427132	0.00472765967453135	0.00118588498973555	0.00500625482003352	0.00152947962177162	0.00131816482009038	0.012281997391522	0.0102383412712554	0.000432410705133622	0.000120254675913264	0.00313394219214665	0.000615344265672311	0.000310107902519287	0.00248202175692545	0.0043668113413285	0.000956460520994895	0	0.00130530924451141	0.00201287410315818	0.00198401533397536
A[T>C]A	0.00371609010882107	0.0111233729681424	0.00222087660665049	0.00610454537251024	0.00307584064646783	0.0149758797929212	0.00200489815928726	0.000174435512317008	0.00706760306374477	0.0129187841610369	0.00103476114644303	0.000222789744912253	0.0225470057702615	0.00131540439495675	0.000829863952988047	0.00334687553188443	0.0345276902963331	0.00119609051260703	0.000679408731510326	0.00531288853554713	0.00580480874611038	0.011326237682013
A[T>C]C	0.00334863336562282	0.00795513067832061	0.0015696239206897	0.00788375458076453	0.001466504471166	0.0117570297858746	0.0029976983634333	6.98608315716549e-05	0.00647229666991225	0.0107790193301803	0.00347576666089636	0.00111533172334494	0.0307136245881703	0	0.00294008735503285	0.00425435211095251	0.01648972193899	0.00727416225219295	0.00100247698029297	0.00352186569045499	0.0145828754553084	0.0141218824283394
A[T>C]G	0.00513130580706952	0.011850283162864	0.00206330669544465	0.0107313345594036	0.00562133011159413	0.0229807430743933	0.010994115949203	0.000462841685158351	0.00694251382663814	0.0171002828813805	0.00164483103903554	0.000562993600391084	0.0446582238063335	0.00066481000422944	0.00211724503046371	0.00402655936706432	0.0317612174497401	0.00377817717974109	0.0023720022285375	0.00937488601675274	0.0386724325004697	0.0181450153882158
A[T>C]T	0.00263622697539093	0.0114486894426946	0.00324369578018883	0.00835697417215138	0.00142306198768266	0.0124467436351292	0.000663736439636738	0.000414280372028406	0.00921149804364156	0.0136695691567573	0.00144136901711208	0.000120254675913264	0.0130580924672777	0.000615344265672311	0.000861410840331355	0.00197933380615573	0.0258369671028603	0.00148251380754209	0.00208452954271921	0.00632877209460078	0.00303830053306896	0.00872043949119403
A[T>G]A	0.000424696012436694	0.000345446365470262	4.35466001304017e-05	0.000353886688261463	0	0.00140398873058637	0	0	0.00232713759415986	0.0171737805315373	0	0	0.000580609590650511	4.38468131652248e-05	0	0	0.0025041002725374	0	0	0.000512968548259723	0	0
A[T>G]C	0.000956752390177948	0.000622575444390309	0.000436006644636027	0.000885815121434216	0.0001466504471166	0.00187430909629885	0.00091001557461368	0	0.000690378311457307	0.00523552367465901	0.00267366666222796	0	0.000968884056409157	0	0.00127829885001428	0.000349672776242672	0.00405010714290982	0.0057661042242993	0.000787660484515907	0	0.00028179469478857	0.00265320215320316
A[T>G]G	0.000704296875480131	0.00242243357472911	0.00140304855290236	0.00679092265087261	0.00104098705770262	0.00443488024242679	0.000354648901587194	0.000595082166632166	0.00498227462852855	0.00505235630586243	0.000948940984058964	7.03742000488856e-05	0.00165061196820124	0	0.000423449006092741	0.000661900169928382	0.00556733984032801	0.00293858225090973	0.00189760178283	0.000694436001240944	0.000466736254316015	0.0012960725277297
A[T>G]T	0.000916948513179452	0.00134251732878503	0.000282060502625116	0.00305626484010108	7.90589993157032e-05	0.00169937090221322	0.000836885076063713	0	0.00195395413046942	0.0106810803532557	0.00493668888360885	0	0.00156697109607332	0	0.00192956028234223	0.000911121910770099	0.00395092454691627	0.0146338459712219	0	0.000672432035051333	0.000151915026653448	0.000830518046780383
C[C>A]A	0.00462410608352953	0.00808384397447396	0.00690683170525354	0.0223136571078515	0.0438914831580053	0.0107304071688398	0.0070201632737243	0.00108853132729381	0.0339520276789519	0.013062971001872	0.00269051178572205	0.000675828918811262	0.0169836688486811	0.00399025695905946	0.00464746753799084	0.00802125590341696	0.0199085798638561	0.00115184771975556	0.0897221396420985	0.0106702724936416	0.0162824127241733	0.00222261672629032
C[C>A]C	0.00556617286294344	0.00460092607048717	0.00148081999097614	0.0201821246838476	0.0637117722758948	0.00602818338393656	0.0182563883524538	0.000593175111263978	0.0247908324090903	0.00828061754630305	0.000851309927986894	0.00178879114559791	0.0153563411341511	0.00136677645344969	0.00922572475446268	0.00692767932575071	0.013646307117997	0.000502142571145862	0.0221915893402151	0.0165092215550643	0.0373853979749731	0.00169564370560557
C[C>A]G	0.00156851400566412	0.00294857155048419	0.00171550976581608	0.00522798623675744	0.0211570400752205	0.00782159643419677	0.0159720307231351	0	0	0	0.00153413702148227	0.00243798841021994	0.00889505589584655	0.00403045206527615	0.00188609582085177	0.00286629358111183	0.00695598670952553	0.000872587981539417	0.0450781871817979	0.004330348989658	0.0304905735092271	0.0075768947088201
C[C>A]T	0.00470691965521476	0.00822360851980967	0.00116359718784797	0.016870564569969	0.0384258972275506	0.0114717159556539	0.0370785623067116	0.00110170159315478	0.030986729269231	0.0113323040503514	0.0129734094972479	0.00126278003208738	0.0083448211361548	0.0011716191009716	0.0974595842806337	0.0161187846312626	0.00982614983666537	0	0.0350925245582527	0.00854455913335627	0.0909287714941797	0.00581411407524768
C[C>G]A	0.000897214613222147	0.00188623026071059	0.00475552346919096	0.017597884213924	0.00999697555659558	0.00840732932816315	0	9.07109439411506e-05	0.00605085641803103	0.00239932120442548	0	0	0.00239029413425883	0.00592838176774548	0	0.000681050029535402	0.00500844776449212	0.00218851066753556	9.29763105099466e-05	0.0001905405802436	0	0.000111130836314516
C[C>G]C	0.000526529865413569	0.00303465336564048	0.00222122998646421	0.0155439966509137	0.0100652148383742	0.00928340241126235	0	0.000395450074175985	0.00476277075839666	0.00290547984080809	0	0.000210446017129165	0.00260509358525778	0.000497009619436251	0	0.000247417118776812	0.00682315355899849	0.000878749499505259	0.00395192686880544	0.00290728429900504	0.00059816636759957	0
C[C>G]G	0.000871396669813405	0.00272175835429309	0.000571836588605363	0.00842286671477588	0.0151465173265783	0.00726291097461128	0	0.00137437055471086	0.00311249511375338	0	0	0.00195039072817595	0	0.000287889433234011	0	0.000764344954963154	0.00885307399394157	0	0.0136173690445015	0.000481149887739779	0	0
C[C>G]T	0.000902696920178173	0.00310483178809141	0.00465438875139188	0.023425369912441	0.00836119060043925	0.00981813527736146	0.000129872372352756	0.000254238829189564	0.00722325783640857	0.00485670173586492	0	0.000180397147441054	0.00223312114911184	0.00436694392180323	0	0.00120183920496256	0.00935823793968126	0.000968497525057087	0.00503803570390757	0.000712046594446357	8.54593717050562e-05	0.000311470396888268
C[C>T]A	0.0145624833376825	0.022275481174106	0.0153988379002374	0.017597884213924	0.0199939511131912	0.0253326107388074	0.00590805820065907	0.0683960517316276	0.00593880352140082	0.013062971001872	0.00104148843318272	0.0299295664044988	0.0235255264792843	0.00615639645112031	0.0049794295049902	0.00385928350070061	0.0262943507635837	0.02487991074672	0.00613643649365648	0.0417283870733482	0.010062165166624	0.00377844843469355
C[C>T]C	0.0139906507095606	0.0179142440616841	0.00752750162079538	0.0122847715466899	0.0149421746054216	0.0212192055114567	0.00749951222777149	0.0995545561738044	0.0030530581784594	0.0100239054507879	0.00227015980796504	0.159728527001036	0.0128883577375911	0.00248504809718126	0.0151048630783849	0.00725756881745313	0.013373380975637	0.00489589006867215	0.00354660103610744	0.0781851813268141	0.0185431573955866	0.0110216840864362
C[C>T]G	0.165565367264547	0.101385498697417	0.0140099964208313	0.00638976095603687	0.0182719891558723	0.0360352121432637	0.158140655841151	0.0476448458966429	0.0367840331625399	0.0255812866821296	0.0238887050487953	0.0329128435379691	0.014613306114605	0.0123792456290625	0.0614028972788411	0.0296183670048222	0.00505889942510947	0.0389755965087606	0.0439042760572719	0.0572568366410336	0.106947996475547	0.0892389821261034
C[C>T]T	0.0110902764479033	0.0189646482191529	0.0108955009407582	0.0177302111722604	0.017878716071152	0.0211865024406221	0.00564944819734486	0.0667800658004589	0.0169589531811332	0.0120794889327922	0.00348660380238538	0.0736020361559502	0.0240942018719963	0.00351485730291479	0.014421227268256	0.00678685668684743	0.0246823525659094	0.0105458619395105	0.00165039100645248	0.103157750370415	0.0119643120387079	0.00415293862517692
C[T>A]A	0.000459718466166206	0.000698009230372333	0.000188550639822035	0.00453299344078485	0.00396367749984423	0.00307023903224471	3.85818951120691e-05	0	0.00584667102694067	0.00406945540270963	0	0.000214366264202291	0.00118714668187793	6.32835066473122e-05	0	0.000672069530234304	0.00375313886941657	0	0.00015482863323832	0.00227396439392496	0	0
C[T>A]C	0.00127973865050252	0.00385693916845007	0.00176800594544749	0.0149291597624231	0.0103137597216784	0.0066934628375057	0.00176365602654344	0.00123937411511512	0.0144348314954272	0.00637421439339186	8.47008765003651e-05	0.00103644465462256	0.0105587108175351	0.00111262168190086	0.00275373379552364	0.00317555516635165	0.0156411192274844	0.01157835846471	0.00208696345449698	0.0049277430818622	0.00410649490092135	0.00401283226036611
C[T>A]G	0.00112944409201355	0.00274380938573802	0.00395293351601972	0.0144306986717953	0.0355243328033165	0.012672265382609	0.000606647369815362	0.00069275268716444	0.0147920699163057	0.00741662901747129	0.000284063185208743	0.000631990390073452	0.00425480765000497	0.000497523161430653	0.000181083477664411	0.00222905489312209	0.0177585295571757	0.0056549409393701	0.00659335041892152	0.00218271621773542	0.00119756886237812	0.00303106384407384
C[T>A]T	0.00120647449206381	0.00428222163047657	0.00224921786770799	0.0148970099134831	0.008700007936186	0.00861416171196156	0.000607520590108692	0.00129740231532085	0.0182523768161461	0.00730815004060523	0.000620666337619537	0.000306860649509983	0.00539801369286617	9.05889647577115e-05	0.00131886642054405	0.00042089815686398	0.0095511764343543	0.0288302293942116	0.00280736177577821	0.00166541566695943	0.00181711010124879	0.000883033256050577
C[T>C]A	0.00160901463158172	0.00398862417355618	0.0010684536256582	0.00491606330902018	0.00274814973322534	0.00878088363221987	0.00239207749694828	0.000503520785496708	0.00379411630471682	0.011394475127587	0.000240880101845869	5.35915660505726e-05	0.021787633220348	0.000506268053178497	0.000276399533148364	0.00134413906046861	0.0101473754617559	0.004795280840095	0	0.0034902709302104	0.00751481318850155	0.0135094109930487
C[T>C]C	0.00356979728824387	0.00859045542063877	0.0020995070602189	0.015602655691555	0.00241583561048323	0.01360284383106	0.00271331696391298	0.000708213780065784	0.0118103166780768	0.0153501489473518	0.00160931665350694	0.000376888965317295	0.0472686472645463	0.00122388385009095	0.00429258503419863	0.00369250600738564	0.0237060713291561	0.045189321386538	0.00308507641099553	0.00650833991944064	0.0174972391430562	0.010845492595584
C[T>C]G	0.00534603536886411	0.0116611898893866	0.00135882089613178	0.0111681059286068	0.0103872318138353	0.0228100776886962	0.0204743487312685	0.000989646695949202	0.00990212944810548	0.0223953111507957	0.00142031592604371	0.000105331731678909	0.0569595217661956	0.000497523161430653	0.00144866782131529	0.0105673713451713	0.0259547739681799	0.0364429527203851	0.00253590400727751	0.00415755470044842	0.0788399501065598	0.0255821788439832
C[T>C]T	0.00372910297546995	0.0113478873207629	0.00323887372949952	0.0106929457661198	0.00408522111786126	0.0167888253773945	0.00182256177032608	0.00324350578830214	0.0105952821518116	0.0291266849444411	0.00137925852804342	0.000690436461397461	0.032388082157197	0.000362355859030846	0.00178046966773447	0.00210449078431989	0.0261662437732832	0.0940872248166649	0.000664901473210628	0.00401213774312954	0.00799528444549467	0.0180138784234317
C[T>G]A	0.000114929616541552	0.000448720219525071	6.28502132740117e-05	0.000446914846274562	0	0.00122809561289788	3.85818951120691e-05	0	0.00174156158249296	0.0159818612179143	0.00105987244812182	0	0.000907818050847835	0	0	0	0.000139005143311725	0	0	0	0	0
C[T>G]C	0.00141444798213436	0.00201612729259889	0.00132600445908562	0.00639821132675277	0.00120791780524161	0.00377856773084999	0.00271331696391298	0.000708213780065784	0.0013122574086752	0.00832550451381794	0.00152461577700657	9.42222413293237e-05	0.00601600965185135	0.000222524336380172	0.00161984340913155	0.00140315228280654	0.0100200920051073	0.0219201932098878	0.00217770099599685	0.00102273913019781	0.00812371817356181	0.000542274629779204
C[T>G]G	0.00120474036481445	0.00313578215512917	0.00172940841325863	0.0120464962825421	0.00477812663436422	0.00868955340521761	0.00379154606134602	0.000890682026354281	0.00733491070230036	0.0183234363961055	0.00350344595090782	0.001158649048468	0.00617633368549109	0.000124380790357663	0.000452708694161029	0.000577903120439059	0.00915247292562132	0.016839157463902	0.00649191425863042	0.00135120527764574	0.0166661666680955	0.000484970215051815
C[T>G]T	0.0015355129898994	0.00506729559606394	0.000989655861791518	0.00950484068099536	0.000907826915080278	0.0101963546794647	0.00474970643175886	0.000937012783287284	0.00685577080411339	0.0539108459517111	0.012551252605195	0.000690436461397461	0.0062976826416772	0.000543533788546269	0.00415442922471378	0.00270577386555415	0.0185054043415614	0.23714007733461	0.0015514367708248	0.00143831353055587	0.00123563486884918	0.00282570641936185
G[C>A]A	0.00581793994566918	0.0154170142320763	0.0106947378349487	0.0124994515728773	0.0363584475788726	0.0133699438807924	0.00169424119163725	0.000276387944771798	0.0303859280139808	0.0159748228154328	0.00123406886712592	0.000392226450875858	0.00792186778438328	0.00104210981020072	0.00151718660089475	0.00184453076770176	0.0122082255920339	0.00772106409951687	0.132768725001613	0.00309631845691122	0.00111485441538617	0.0001128684960353
G[C>A]C	0.00497377505685451	0.00747748199960294	0.00604954420912382	0.0167209153081513	0.0472016724867027	0.0127829937429792	0.00500909182495727	0.00011271062202842	0.0160112813296162	0.0152373300505468	0.00237247172985625	0.00119962053583917	0.00875368535417459	0.000566627921135135	0.0117554253951388	0.00930843909664635	0.0146243364940906	0.00186055957016453	0.01755986031122	0.0036696474428719	0.0038644067679253	0.00524714830920073
G[C>A]G	0.00102385643613458	0.00333120607934832	0.00307947407467158	0.00284383145299612	0.053436747517254	0.00765838732177167	0.00360894249527089	0	0	0	0.00042917857038613	0	0.00466577543200269	0.00056376439365036	0.00225712624837839	0.00243228626353196	0.0111450106096593	0.00370231398347921	0.0222986654045221	0	0.00927293982524724	0.000824310184196157
G[C>A]T	0.0035015180446951	0.00820259560398967	0.00344670149023061	0.0175062716169432	0.0276942689801768	0.0129708571260593	0.0068176697599151	0.000102270541417747	0.0256454305434872	0.0127739638165156	0.00861086431585893	0.000653101754678545	0.00382959085849924	0.00128535676660294	0.0688647572839207	0.0263624552135242	0.00889353821705714	0.00402575767506648	0.0805052860321137	0.00773358481842543	0.0138195666217685	0.0028817299985955
G[C>G]A	0.000420573971976085	0.00209817353454293	0.00287492952552385	0.012966720790555	0.00676885992159863	0.00629173829684348	0	0	0.00375556413655943	0.00148917839804882	0	0	0.00153326473246128	0.00115789978911191	0.000168576288988306	0.00169081987039328	0.00394223951409429	0.00152081565596544	0.000849870928175331	0.00193519903556951	0.00130066348461719	0.0004514739841412
G[C>G]C	0.00205811381662945	0.00323652205952963	0.00323580271650809	0.0128622425447318	0.0107652937250374	0.00742238346366536	0.00259090956463307	0.000450842488113681	0.00348071333252526	0.00480307142897669	0.00021567924816875	0.000239924107167834	0.00171947390885572	0.00155822678312162	0.000103117766624025	0.00047012318669931	0.00497849752990321	0.000286239933871467	0.000346576190353026	0	0.00215952142913472	0.00579947971016924
G[C>G]G	0	0.000444160810579777	0.000279952188606506	0.00312821459829573	0.0145950587932588	0.00300865216212458	0	0	0	0	0	0	0	0	0	0.00112259366009167	0	0	0.00114941574250114	0	0	0
G[C>G]T	0.00070030360893902	0.00364559804621764	0.00497856881922198	0.0212668781124346	0.00644052766980855	0.00760790658355401	0.00133218834389145	0	0.00555861548725833	0.0066124047991375	0.000391402923448133	0	0.00127653028616642	0.00167096379658382	0.000280698738929025	0.00153567700272956	0.00409385092531201	0.00233753671455474	0.00157236886781472	0	0.00123757313030763	0.000501170434538348
G[C>T]A	0.0175239154990035	0.0210729602817139	0.00632484495615245	0.021143932099914	0.0084127259025583	0.0226951988564711	0.0460974790891304	0	0.00409697905806483	0.00839355097082064	0	0.0255927759196497	0.0158437355687665	0.00440001919862527	0.0469484964832433	0.0365831935594183	0.0158961270729608	0.00245670221348264	0.00302176330017896	0.0361882219651499	0.0506329713654552	0.0183975648537539
G[C>T]C	0.0233252899218004	0.0283474690731216	0.00407992516429281	0.0140055529931524	0.0094639944835494	0.0250161813034648	0.0667591031153787	0.0236692306259683	0.00348071333252526	0.01142799753791	0.0144505096273062	0.116963002244319	0.0143810545104297	0.00325811054652702	0.0637267797736473	0.126463137222115	0.0143131803984717	0.0004293599008072	0.00589179523600145	0.0726826945136563	0.0601256229480142	0.0541284772949129
G[C>T]G	0.175079450579013	0.108819398592046	0.00559904377213014	0.00255944830769651	0.00541429600395084	0.0363773397784154	0.230113047674653	0.000448564097289891	0.0490378230608582	0.0290023632272054	0.0579391070021275	0.021484045769532	0.00715418899573746	0.00902023029840575	0.20067904281037	0.342203967384612	0.00278625265241484	0.0216442971341861	0.0308043418990305	0.0654842882943762	0	0.00522063116657566
G[C>T]T	0.0137726376424674	0.0233925874632298	0.00523388004072055	0.0151721020680174	0.00880205448207169	0.0244450768914195	0.0410627465999484	0.0164655571682572	0.00669560501874298	0.0151784746525656	0.0148733110910291	0.0568198526570335	0.0163112203232375	0.00308485623984705	0.0519292667018696	0.0682523112324251	0.0163754037012481	0.00116876835727737	0.00167719345900237	0.0984957955346683	0.0507404983426127	0.0207985730333415
G[T>A]A	0.000313493677131461	0.000990836723146399	0.000293891340665773	0.00335860784951275	0.00426291017570598	0.00480946789431981	0	0	0.00458080069960808	0.00259486579667467	0	0.000187948016098782	0.00122452248344811	0.00014795872314327	0	0	0.00243748623508329	0	0.00126697884374053	0.00160734311954461	0	0
G[T>A]C	0.000395638895410995	0.00308938944275157	0.00155778054318153	0.00817592134548052	0.00567621275139746	0.00507318207125846	0.00223130973763684	0	0.00706580694783464	0.00443189921036149	9.9505983180235e-05	0.000332074843199975	0.00562520484295833	0	0.00237872554693936	0.00329682650808588	0.00574221089510881	0.00343355813536152	0.00159896720990772	0	0.00419502678565696	0.0180925139940662
G[T>A]G	0.000786316397253109	0.00170556591749649	0.00150501273426073	0.00939140514378771	0.012022480245156	0.00714194465137732	0.000395949856224631	0.000516742327053729	0.006595957934456	0.00354353738026308	0	0.00036665855510623	0.00226941774170253	0.000432968110830399	0	0.00186798315108436	0.00606284455397486	0.00393695696632258	0.00123584340457179	0.00144724004337885	0.000694787255655486	0.0032708405743876
G[T>A]T	0.00101018274760491	0.00137729116084234	0.00149944419130032	0.00705471321168436	0.00298620426351968	0.0039322607629924	0.00101735564735022	0.000632247837385078	0.0108558930047368	0.00334461439112421	0.000241969631201482	6.72924588488029e-05	0.0027182356554275	7.94621818450612e-05	0.000520593227094617	0.00226794557568349	0.00287994877728729	0.00313103080275616	0.00252734530042777	0.00345293575233105	0.00114762216626014	0.00317574852915374
G[T>C]A	0.00506068364512216	0.00676100352264603	0.000955146857163761	0.00604549412912295	0.00376865972055166	0.0117724288756485	0.00550254280489966	0.000117724659149168	0.00494435631068808	0.00787109291657985	0.00360438305022396	0.000626493386995938	0.0467767588677178	0.000591834892573079	0.00420049720845345	0.0095752225732341	0.0130811761282803	0	0.000241329303569626	0.00241101467931692	0.00011871525018995	0.102832848945466
G[T>C]C	0.00553894453575392	0.0101949851610802	0.00103852036212102	0.00843966074372183	0.00174652700042999	0.0121756369710203	0.00470168837573476	0.000104000559673861	0.00732274538230135	0.0148239387381057	0.0100501043012037	0.00177106583039987	0.0395206699223227	0.00130709998455228	0.012083925778452	0.0432925375667067	0.0142119719653943	0.0129418729717473	0.0026649453498462	0.00327683619940709	0.00136338370533851	0.0847290268031972
G[T>C]G	0.00327631832188796	0.00861310788335724	0.00107500909590052	0.00753496459210874	0.00379657270899663	0.0149140608896409	0.0075890389109721	0.000258371163526864	0.00563848016977691	0.0118961612051689	0.00444969316694191	0.00174162813675459	0.0489716460051599	0.0001082420277076	0.00646108255756728	0.0110642078948844	0.0175941371370251	0.00513991603936559	0.00582611890726704	0.00542715016267068	0.0249254927966405	0.0932717118631821
G[T>C]T	0.00514712161874883	0.00907760083282449	0.00134160796063713	0.00689437882050972	0.00159264227387716	0.0121051948978393	0.00203471129470045	0.00512120748281914	0.00554509642687993	0.0117061503689348	0.00750105856724592	0.00154772655352246	0.0355124335628431	0.000556235272915428	0.00497455750334857	0.00495783451428483	0.0123925068598423	0.00658319296989757	0.00311057883129571	0.00657385845155333	0.000446297509101166	0.0776896530424684
G[T>G]A	4.47848110187802e-05	0.000291422565631295	0	0.0026868862796102	0	0.00114852964640473	0	0	0.000145422244432002	0.00622767791201922	0	0	0	0	0	0	0	0	0.000965317214278504	0	0	0
G[T>G]C	0.000158255558164397	0.000926816832825473	0.000649075226325638	0.00606600615955006	0	0.000380488655344384	0.00127503413579248	0	0	0.000916944664212722	0.0019901196636047	0	0.000576944086457265	0	0.00180783141567392	0.00190868903099708	0.00459376871608704	0.0120174534737653	0	0	0.00325114575888414	0.000764472422284485
G[T>G]G	0.000786316397253109	0.00400807990611674	0.00182751546303087	0.0193288222145398	0.00162710258956999	0.00630171586886235	0.000659916427041053	0.00146410325998557	0.0061704122612653	0.00632774532189835	0.000741615527823652	0.000916646387765574	0.00131387342940672	0.000324726083122799	0.000945524276717162	0.00265828371500467	0.000951034439839195	0.00524927595509678	0.0104163944099623	0.00388945761658065	0.00260545220870807	0.000422043945082272
G[T>G]T	0.000384831522897108	0.00137729116084234	0.00039459057665798	0.00553153649552524	0.000132720189489764	0.00254440402311272	0.00169559274558371	0.00056902305364657	0.0058574962255774	0.0171876017321661	0.00181477223401111	0	0.00280592067657032	0.000874084000295673	0.00219806029217728	0.0100211548692991	0.00383993170304972	0.0508190384139654	0.00207371922086381	0.00166006526554377	0.00229524433252029	0.000619658249590974
T[C>A]A	0.00653874088087834	0.00919601492836607	0.0213680774045718	0.0121273962392585	0.0240056089435541	0.0125090877451116	0.000902805542486348	0.000693073258360112	0.024485477453303	0.0226093625281687	0.0248007185161216	0.000663896985702111	0.00634397023046507	0.0308358225225418	0.000317042729526013	0.00329557210659129	0.0116713863123622	0.001584116173469	0.0458906577558429	0.00371233465783992	0.000489233573514549	8.49090611147805e-05
T[C>A]C	0.00811302610127876	0.0111192070725826	0.0162547228460032	0.020939124413144	0.0532859914030653	0.0139245536026912	0.00209688822368233	0.00188730080640772	0.019350073516531	0.00596260151659705	0.0092995487031028	0.00251090443376939	0.0129564010593693	0.0199247804494045	0.0143313753131441	0.00488067219494013	0.018886983596514	0.00155772167429601	0.0379148916359542	0.00624380715070267	0.00399668104350372	0.000578037521936766
T[C>A]G	0.0034311230147966	0.00660100097673086	0.00685271289925034	0.00397781402363104	0.0214026789647139	0.00932533712681986	0.00165262375525881	0.000392143615529954	0.00435964432685338	0	0.00581554426312374	0.000208686424456666	0.00516662347046241	0.00961065291424671	0	0.00408914002200798	0.010825765498786	0.00547738432337013	0.0315520388253737	0.00370668311429642	0.00217493813704516	0
T[C>A]T	0.00826422196337831	0.0132533622703037	0.0131207175569811	0.0160829195210972	0.0272143736936401	0.0156391392273012	0.00311437655637414	0.000911004091192619	0.0403391082422692	0.0331580549974186	0.206711204911398	0.000298343109203783	0.00476223819135236	0.0161176305957775	0.0330822720224114	0.00847660210481869	0.0151865840654223	0.00436022033177584	0.0808057228698939	0.00640315521100531	0.00855069500332239	0.000343409150128777
T[C>G]A	0.00100190384465071	0.00137253954154717	0.110819867025331	0.015378944506306	0.00232781662482948	0.00228206330485144	0	0.000138614651672023	0.00453751854903866	0.00336085118661967	0	7.3766331744679e-05	0.00230689826562367	0.197471213724865	0	0.000520353490514415	0.00478335504605011	0.000352025816326445	0.00156283973781509	0.0003639543782196	0	0.000169818122229561
T[C>G]C	0.00150773051439693	0.0033637937362435	0.0399300800347471	0.0214177329711587	0.0103996823370294	0.00920631643153136	0.000144612980943609	0.000943650403203861	0.0057117686886146	0.00346662878871921	0	0.00110479795085853	0.00353356392528254	0.070685530641935	0	0.00204673350110392	0.00833632379432344	0.000718948465059699	0.0081246196362759	0.00109018855012269	9.51590724643743e-05	0.00034682251316206
T[C>G]G	0.000447537784538687	0.00155317670040726	0.0134606860520989	0.0049722675295388	0.00637964469140511	0.00310844570893995	0	0.000588215423294931	0	0	0	0.000626059273369995	0	0.026121261766927	0	0	0	0	0.00281355760226262	0	0	0
T[C>G]T	0.00170616195372971	0.00478786385681129	0.130070046714872	0.0268344845048141	0.00367761806670813	0.00572580507229059	5.36961475236921e-05	0.000490540664488333	0.00900271943604293	0.00504579097786805	6.70487203734669e-05	0.000596686218407565	0.00145782801776093	0.231547818777591	6.41129302759912e-05	0.000876889872912278	0.0163473420831615	0.00249155447530048	0.00237030120418356	0.00772794594431675	0.00035333450426952	0.000257556862596583
T[C>T]A	0.00764610828812386	0.0157155777507152	0.18305608011366	0.0093152463866768	0.00254604943340724	0.00938181580883369	0.00392985942023469	0.0833074056548855	0.00547926768185801	0.00509219876760556	0.0024535470189746	0.022277432186893	0.013264665027336	0.131966867575285	0.00583358622327865	0.00647551010417939	0.0164547413584124	0.0144330584693842	0.0116502598637125	0.0158684108903746	0.00747828462372239	0.00543417991134596
T[C>T]C	0.0127798110267931	0.0218646592855828	0.0603073775156063	0.0169906038095226	0.00693312155801965	0.0239364227219815	0.00484453486161088	0.272431871404954	0.00769340272344006	0.0116478727300965	0.0190505318092689	0.159593085810383	0.0124329101074756	0.0362915643899868	0.0244324049013241	0.0122804010066235	0.0170634127665058	0.0203702065100248	0.00464263979215766	0.0327056565036807	0.0074224076522212	0.00994224537731242
T[C>T]G	0.113077880226776	0.0741641874444467	0.0651007725428783	0.0024861337647694	0.00226374489049859	0.0176942294201198	0.0587432625732904	0.194503233302857	0.0227670314846787	0.013541576009034	0.401647750559611	0.0166949139565332	0.00271927551076969	0.0532282315250587	0.0168620999136956	0.0170108224915532	0.00974318894890748	0.041080382425276	0.0267287972214949	0.018533415571482	0.0482440823126381	0.0302663879518594
T[C>T]T	0.0073578234254594	0.018526951445922	0.0912327227462082	0.00808588771502679	0.00566353182273052	0.0100842537094073	0.00252371893361353	0.0591451886897362	0.0125518684444829	0.00988563130357822	0.026283098386399	0.0711548315451022	0.00874696810656556	0.0660558630974489	0.014681861033202	0.00444290868942221	0.01866885811864	0.0178858017691213	0.00107740963826526	0.0196510625441198	0.0069253562836826	0.00549454640206043
T[T>A]A	0.00147097521472433	0.00153150270836331	0.000877543621897266	0.00294172885269224	0.0016602807188966	0.00377239203382813	5.38698187525569e-05	0.000351519454579197	0.00833708051978854	0.0111056511281673	0	0.000112240518827194	0.0027788319265103	4.41796731759104e-05	0	0.000234593607167787	0.0041243143811405	0.000267815677766144	0.000324268301985715	0.00143983184352573	3.54477305762491e-05	0.00116275449280509
T[T>A]C	0.00107169181777242	0.00383552692527125	0.00210982878753422	0.0085728888154683	0.00340035371463112	0.00584036935203383	0.000431720587434232	0.00105642307422574	0.00861281691689948	0.00279425852351241	0.000539076158742576	0	0.0128931373469753	0.000442577933660931	0.001030944423291	0.00111629001670214	0.0084576428754283	0.00232517341077544	0.00173248898995574	0.00355046845375197	0.000497145748555334	0.00388270173277515
T[T>A]G	0.000528111312487894	0.00143708695906283	0.000393820974417641	0.00536072621005067	0.00543091471289074	0.00546364678632074	0	0.000631014712772166	0.00522249087242884	0.0129814654527322	0	0	0.003238018069637	0.000475843201557728	0	0.000315840309227783	0.0054873606668819	0	0.00122886933937444	0.00344620120962289	0	0
T[T>A]T	0.00114708629730268	0.00210531265681479	0.00139934736872367	0.00710747803160995	0.00182587206265878	0.00476150604384375	0.000207349206591727	0.00193289467344944	0.0115084975349323	0.00789603720524548	0.00103564219137284	0.000329160123815046	0.00503969317945595	0.000340102134836755	0.000424412418120428	9.67467222253867e-05	0.00426885735530086	0.00186533638755259	0.000832089615255952	0.00345107908851209	0.000389831792944285	0.000378881210554116
T[T>C]A	0.00216634531623037	0.00295858477752004	0.00105305234627672	0.00405602008477264	0.00103306355842455	0.00728757551989527	0.00158915965320043	0.000808494745532155	0.00286587142867731	0.008058053841833	0.00100898367406596	7.48270125514629e-05	0.0243757186535991	0.000220898365879552	0.000578882635653735	0.00199404566092619	0.0119362510324772	0.000758811087004074	7.20596226634922e-05	0.00191977579136764	0.00141790922304996	0.0167522776926363
T[T>C]C	0.00257206036265379	0.00725263273142202	0.00131864299220889	0.00937659714191845	0.00118273172682821	0.0121960654116	0.00188877757002477	0.00126770768907088	0.00643786315000567	0.0141782747304148	0.00653629842475374	0.00067463392086825	0.0334049467626179	0.000531093520393117	0.00360830548151853	0.00581645850807956	0.0177902143241768	0.0100161316156481	0.00498090584612274	0.00147936185572999	0.00802535279810753	0.0270063476079694
T[T>C]G	0.00403285002263483	0.00468615312737882	0.000630113559068226	0.00528071537109469	0.0023843040202935	0.00969604922642835	0.00512520809734432	0.00119892795426711	0.0022604811238871	0.00908702581691253	0.0039243375934822	0.000470128490078859	0.0280044806022659	0.000158614400519243	0.00196284973711972	0.00205296200998059	0.0143716588894526	0.0048075755347251	0.000711450670164154	0.00377756671054817	0.015399049740377	0.0192492462738065
T[T>C]T	0.00179416061885805	0.00539725608383426	0.0011580805810127	0.00529384570630258	0.000892648563966514	0.00815584698598979	0.000859018141594296	0.000927789443255735	0.00563486601295442	0.0175530611253299	0.00366173489092539	0.000205725077384404	0.0198907039316826	0.000583032231148722	0.000919560239260926	0.00151569864819773	0.00928476474777937	0.00353432157641543	0.000554726410170635	0.00154283535721717	0.00159831035107157	0.0129766814614784
T[T>G]A	0.000374430054657101	0.000313261917619769	0.000175508724379453	0.0014262927770629	0	0.00218627265596858	0.000242414184386506	0	0.00125924653684306	0.0259304040294882	0.00168163945677661	0	0.000926277308836768	4.41796731759104e-05	0	0	0.00329945150491241	0	0	0.00118140048699548	0	0
T[T>G]C	0.000696599681552069	0.00244078986153625	0.00123073345939496	0.00500085180902318	0.000221762198780291	0.00438027701402537	0.0010253363951563	0.000704282049483825	0.00269694267094832	0.00838277557053721	0.00619937582553962	0	0.00263723263915404	0.000354062346928745	0.000966510396835321	0.000235008424568871	0.00670778572878797	0.0085852556705555	0.0025987334849336	0.00133142567015698	0.000284083284888762	0.00155308069311006
T[T>G]G	0.000960202386341626	0.00181197920925314	0.00189034067720468	0.00792107305664204	0.00198692001691125	0.00461716629829921	0.00053186121764894	0.000631014712772166	0.00522249087242884	0.00815977828457452	0.00132823733933243	0.000201483638605225	0.000962654020702891	7.93072002596212e-05	0.000115461749242336	0.000473760463841674	0.00426794718535259	0.00360568165104383	0.000517418669210294	0.000729004102035611	0.000254529747774826	0.000231918629804898
T[T>G]T	0.00117649876646429	0.00325366501507739	0.000965067150843913	0.00553893115566845	0.000446324281983257	0.00622295839393441	0.00213273469637205	0.000541210508565846	0.00534834740212624	0.0309592825673294	0.0234129109692502	0.000123435046430642	0.00171564023130415	0.000145758057787181	0.00088419253775089	0.00106421394447925	0.0086977968614255	0.0280782214126336	0.000594349725182823	0.000527812095890085	0	0.000142080453957793
