Type	Signature_1	Signature_2	Signature_3	Signature_4	Signature_5	Signature_6	Signature_7	Signature_8	Signature_9	Signature_10	Signature_11	Signature_12	Signature_13	Signature_14	Signature_15	Signature_16	Signature_17	Signature_18	Signature_19	Signature_20	Signature_21	Signature_22	Signature_23	Signature_24	Signature_25	Signature_26	Signature_27	Signature_28	Signature_29	Signature_30
A[C>A]A	0.00701242189338652	0.000634018189223092	0.0203552151292499	0.029087436528513	0.0135692711894546	0.00107800838729349	0.000309110142351917	0.0338991755833308	0.0125799351048395	0.000538818855284217	0.000157989072028854	0.00767215871806004	0.000322710215618944	7.19933551478985e-05	0.000884588919465008	0.0160674459714344	0.00170397162590381	0.0408059777181024	0.00852051264787505	0.000919829170028803	9.07211670545454e-05	0.00147137226494774	0.00034464528399579	0.0215358242064892	0.00911978944329377	0.00190905675056304	0.00564862531756308	0.00155479710307116	0.0541011357783625	0
A[C>A]C	0.00721435382694417	0.000717512616771359	0.0204751535987431	0.0307303953437159	0.0101557154274487	0.00221578865108244	0.000482192389966862	0.0383038943035511	0.00876534554219297	0.00096059833323715	0.000985812081746688	0.00584415593507358	0.000780455201398596	0.00377345163529706	0.00339668456612706	0.0120806357623735	0.000397241524548701	0.0110236845456943	0.0073537820020849	0.00215141575110805	0.000792508177721788	0.00299224227915288	0.00034798095058272	0.0189653422616787	0.00804859508772277	0.00173697059264155	0.00641627123509811	0.00127349194301908	0.0532085316648354	0
A[C>A]G	0.00183878756499809	0.000180068596833997	0.00383403168652454	0.0284824846272663	0.00391601109681561	0.000619237745123698	0	0.00455343547274868	0.00102372039787326	0.000451003796110542	0	0.00330818640589063	7.18174529005028e-05	0.000703034464601182	0	0.00428803035199139	2.86328615750887e-06	0.00360830585648531	0.00077761772236311	2.46172394552609e-07	0	0	0	0.0300691043524943	0.00260679589371578	0.000519022734719358	0.00165873923140138	0	0.0269463002578812	0.00316447703487215
A[C>A]T	0.00374678189059704	0.000286124472462803	0.0142040381352613	0.0184207757047579	0.0079535985872729	0.00114608248681426	0.000294037222616547	0.0295066333302152	0.00678102154389006	0.00673630323926781	0.000150285162400921	0.00435987202865518	0.000776390321454218	0.0202709070168543	0.0036894536193217	0.00835396595597182	0.00281321378317241	0.0149193222834883	0.00560534985778496	0.00223052777717555	0.000517784368839264	0.000858395605514012	0	0.0175923701544977	0.00435348049070139	0.000532267156940598	0.0028057371175263	0.00054336826235594	0.0197115319418897	0
A[C>G]A	0.00113799604312886	0.000244689851103097	0.0220355239109447	0.00773008587196097	0.0105991200424323	0.000824359354989138	0	0.00771529277903425	0.00503197404193582	0.000384870610917298	0.000552961752100987	0.00308879117220599	0.0036393076971182	7.19933551478985e-05	0.000748498316470393	0.00479029445111087	0.00154556068091482	0.00122482127690239	0.00461859564090425	0.000543372522519019	0.000453605835272728	0.000516173191843486	0	0.00901626904447701	0.00740194431284355	0.00119131037616501	0.00143684942595684	0.000283931166483962	0.00719109617895947	0
A[C>G]C	0.00203507419819466	0.000312760512214042	0.0139317708324342	0.00537036035132898	0.00826437386721864	0.000949623707606758	0	0.00496157474861767	0.00300899921597669	0.000288179499971145	0.000295743624524007	0.00186515614949156	0.00110778864223189	0	8.49171141531764e-05	0.00298902328141202	0.0018883820349496	0.0025179390807984	0.00188813321675153	0.00200335594395044	0.000905723631682044	0	0	0.00790443425345057	0.00188132553744101	0.00178489567929354	0.0023983137904835	0.000373359430362788	0.00335643101021652	0
A[C>G]G	0.000731220407300776	0.000397638576418949	0.0094587993417325	0.00482490176746042	0.00408627215465163	0	0	0.00105377005118666	0	0	0	0	3.74491928509049e-05	0	0.000797376791374878	0	4.6870348153068e-05	0.00412309804997089	0	1.93888039865354e-05	0	0	0	0	0	0.000561613954039051	0	0	0.000233171726403791	0.00775315371732004
A[C>G]T	0.00178145886933834	0.000539731799168898	0.0203279286097847	0.00409350571216843	0.0101040730516223	0.0010857623559293	7.35093056541367e-05	0.00758327474736944	0.00378939439217386	0.000146441374766692	0.000676283230804145	0.00236949566774738	0.00354022057297451	6.84827939758592e-05	0.000647272564793278	0.00692999448620389	0.00117539932851709	0.00305928479177656	0.00545385391568266	0.000629252277010905	0.00155335310651779	0.000278660010741455	0	0.00277570431077902	0.00300523377316789	0.00222414086414962	0.00136529546340854	0.000325652686407001	0.00292443395972581	0
A[C>T]A	0.0186486099343668	0.00691083275625312	0.0164074890253066	0.00956299283129196	0.0198334111312516	0.0197846245197393	0	0.0166797139580335	0.00974944970625061	0	0.017773770603246	0.0120562494140944	0.00142691321368241	0.0210940530583343	0.00796130027518506	0.0134727031437493	0.00869694333474725	0.00308902625786162	0.0175984420110317	0.0256142152875379	0.00462677951978182	0.00304570538941512	0.0150270122394504	0.0047479551696058	0.019339915570446	0.00552867485684729	0.014891136243856	0.00604566335118421	0.00401782783765678	0.0536321097408191
A[C>T]C	0.0112936404853311	0.00315965225932066	0.0101919750434891	0.00745883382129025	0.0144569316297028	0.0128990553616585	0.0189983801646944	0.00650963684539384	0.0073262589606389	0.00307391466635888	0.108340747783962	0.00671456213816964	4.87335746838696e-05	0.0288399517840561	0.0143509922918868	0.00946524039113805	0.00490323887926094	0.0024841114802987	0.0201732127895032	0.021592952195543	0.00701935814553585	0.00186157932445657	0.0776795104680557	0.00360674151993076	0.0151121514285742	0.012411452959049	0.00734532463646775	0.00252065862355447	0.00866009744440694	0.0559099612684882
A[C>T]G	0.211816990962414	0.00602547507626242	0.00640584728062437	0.00435797578996424	0.0297271817029471	0.112453574514463	0.000150927181393849	0.0347372682880782	0.0255930099468313	0.0189421594366427	0.0111082014382708	0.00369738480658363	0.000596074580662536	0.0697410188884374	0.0410649047558062	0.00682186646907722	0.0167652960229723	0.0133477162857789	0.0572326643659249	0.0526354320521581	0.0453589289904692	0.00692713145709251	0.0137316929834782	0.00456735725646649	0.0353823600678722	0.0364305358537658	0.0142126574149582	0.0118036960031016	0.0477701943181369	0.0329113332609657
A[C>T]T	0.00758732080793042	0.00293864331432218	0.0129224695201417	0.00447253401885068	0.014234863181803	0.00898769950185918	0.00316090014312788	0.0182720403963273	0.00757878878434771	0.00344137230701725	0.0480161093870943	0.00635024838956298	0	0.018969733931313	0.00427199892763566	0.00958807456310402	0.00507490134611757	0.0043056758249879	0.0201489602996054	0.0139552563482053	0.00258892184419632	0	0.0240149601559344	0.00244605348217253	0.00502137735946527	0.0100908932855736	0.00461967489169962	0.00172428037926499	0.00350749605086276	0.01718548024596
A[T>A]A	0.0014110266294882	6.82674221829605e-08	0.00429687552165272	0.0021241648097482	0.0044898003610542	0.00021128022809628	0.000429128789950879	0.00685198047100807	0.00704396052124765	0	8.77326881471495e-05	0.00320914422354904	0.000665739479523087	0	0.000793508942922892	0.00448890463712761	0.000316613145919366	0.0013618480426635	0.000486417309428665	0.000248650393913868	0.00418139416665052	0.0269549676172279	0	0.000487089481270959	0.0104545509135583	0.00231761867560118	0.0862128671626131	0.000595615856610061	0	0.00346412894447243
A[T>A]C	0.00135551499752116	9.5005359481058e-05	0.00612421685702511	0.00281198503987262	0.00607969319652098	0.00189331542432027	0.0005593441051198	0.0103838645672208	0.00398365995297033	0.000139286990593379	7.14714951119906e-05	0.0058597086745944	0.000924539036811075	0.000521096570994138	0.00554085093837827	0.00659143004051885	0.00158088245989796	0.00059260529850586	0.00381850736001445	0.00139047614805535	0.0239677515718377	0.0103261816272946	0	1.03206375661713e-05	0.00741402545671336	0.0108576749062502	0.0014373811665741	0.00338803568545029	0.00213303607168932	0.00278543013783375
A[T>A]G	0.00158117920656037	0.000440615611866798	0.00601321720621705	0.00709473521259557	0.00930435642289039	0	0.000619183508296054	0.0115371189754918	0.00634643263796341	0	0.000492287376940688	0.0040804521797947	8.8015779536498e-05	0	0.000545210560657684	0.00710778964714673	0.00090037864269118	0.00323716516282499	0.0031902011619068	0.000132268159863592	0.00218070038334467	0.0591488935543881	0.00016068180022498	0.0042383164711445	0.00512076928072645	0.000976822810016793	0.00118463156318895	0.00176882988105	0.00269102960272717	0.00483243164829031
A[T>A]T	0.00304598825597205	7.98436351657028e-05	0.00463374884180573	0.00137847214912281	0.00586132464534985	0.00193781915778368	0.00155950030933024	0.0128342335881569	0.011182348942632	0.000532586492977591	0.000136641450746404	0.00344700775944425	0.00054016850979734	0.000373593301049838	0.00309948394489074	0.00483352996537095	0.001096969714056	0.00127403868679189	0.0015151654014526	0.00333558454329134	0.00224926818875789	0.00823510174696955	0	2.15315267587661e-06	0.00789055766787422	0.00215484207346583	0.00158615550123239	0.00362652687360946	0.00227575173828918	0.00443758494119495
A[T>C]A	0.00488261271592175	0.0006722258195571	0.00664559510373615	0.00371728841705935	0.0178357055544138	0.0026410028512035	0.000214564394975439	0.00830871699678891	0.0146700665401191	0.00132507611872263	0.000263198064441448	0.0257838139340319	0.000294136325401743	0.00103944173393401	0.00434540611600633	0.0397351188249444	0.00139315116764652	0.00131514525065164	0.00641186453337791	0.00709719572815018	0.0133502343874986	0.00914806207273452	0.000451041599057613	0.0019729976531852	0.0105736548288683	0.028599621320006	0.00304132848641151	0.0025286585381674	0.00434410056945161	0
A[T>C]C	0.00358721470203344	0.000357585759332289	0.00763028516931324	0.00144204361019109	0.0113152837711277	0.00321289890187683	6.99180131399751e-05	0.00650520273568071	0.00995914988242578	0.00362146175542785	0.00107207242667986	0.0285773484591758	0.000126911650821184	0.0029963052832163	0.00449424576112904	0.0154401991360099	0.00679798303118265	0.00110554341105554	0.00345827081661686	0.013578328702857	0.0135434212649083	0.000980918250692485	0.000152398765987886	0.000427128004486972	0.00792253430964876	0.0233666795754777	0.00181202669871208	0.00793310371357524	0.00444127788128519	0.00652370391324053
A[T>C]G	0.00570257308991926	0.00047578982033923	0.00957639150494866	0.00574673552220244	0.0230012976131541	0.0122505774303469	0.000481587173119153	0.00809811254377461	0.0164260609453171	0.00178172921094235	0.000562614145075072	0.0431995698165221	0.000239600455912543	0.00224328300101958	0.00442226343644566	0.0309188849650883	0.00367063342855591	0.00239355819409476	0.00957060348572037	0.0380210344535852	0.0180917365136743	0.0042793643519623	0.0003375824467564	0.0018230133506909	0.0163349888626606	0.0431534271893679	0.00549559933181504	0.00546851210247291	0.0100894186890638	0.006635593106955
A[T>C]T	0.00337219671342526	0.000796859142379941	0.00898747672062701	0.00165416657894737	0.0142966752172897	0.000840940389226877	0.000490128668646647	0.011620298922709	0.0149299469666491	0.0017752883099253	0.000136641450746404	0.0143625323310177	0.000148664791578914	0.00103775916958288	0.0024717403611154	0.0285983856284448	0.00168413674054309	0.00255658396028601	0.00734625649189142	0.003299701502283	0.00988631831802889	0.00148375031005438	0.000137300022587425	0.00308735249881617	0.00769796113950796	0.02108480240053	0.0016221660064185	0.00207367863607751	0.00351798589720792	0
A[T>G]A	0.000557052329790719	1.73887382179349e-05	0.00119872571987435	0	0.00174598879460288	0	0	0.00216335615244428	0.0195018741703965	0	0	0.000663960873837734	0.000206742243722518	0	0	0.00288176593988439	2.74461950318184e-05	0.00017313962767731	0.000619076575636488	7.64170029212582e-07	0	0.000897425643837863	0	0	0.0027027001705212	4.19173894389801e-05	0.000684717480689595	0.00393234461481218	0	0.00242936774715138
A[T>G]C	0.00101991373429235	2.08755706100139e-05	0.00121621475536719	0.000144204361019109	0.00184595490009364	0.000975344309498322	0	0.000662958862720942	0.00483730137146397	0.00278573981186758	0	0.000901493642245293	9.80212116428842e-05	0.00130274142748535	0.000369390062558551	0.00379232961235331	0.00544355442307837	0.000916838128196219	0	0.000268993660700782	0.00254452157098277	0	0	0.000995771944018597	0	0.00013817083047372	0.000941485107385616	0.0167212999896164	0	0.00183251198367061
A[T>G]G	0.000779550567111734	0.000226086480269352	0.00739977047967898	0.00106421028188934	0.00443888650318207	0.000395179917107963	0.000619183508296054	0.00564319234976823	0.00485315437020731	0.00102792069862058	7.03267681343838e-05	0.0015966986790501	3.08970708051464e-05	0.000448656600203915	0.000726947414210245	0.00541968960594938	0.002882892612313	0.00170312923649497	0.000708933591534843	0.000457181736007896	0.00129226689383388	0.000946578681024284	0	0.000567307595866091	0.00585457711578334	0.00104575961183374	6.53625889359488e-05	0.00653036120856019	0.00201323765475956	0.00461605520617419
A[T>G]T	0.0011506970418393	0.000116567890475523	0.00372172788407599	9.18981432748541e-05	0.00200091158263388	0.00106031614293824	0	0.00156498463413547	0.011665909977989	0.00608036246149418	0	0.00172350387972212	0.000106995029543747	0.00232458053986566	0.0011377852455928	0.00437319377819277	0.0165853836355547	0.000157642797334162	0.000780539752263458	0.000239175839402017	0.000941554125526558	0	0	0.000466180541386114	0	0.000998534148067787	0.000160184659662634	0.0554221167745283	0	0.0045310882612503
C[C>A]A	0.00482759129821844	0.000728766605143861	0.0199732232678705	0.042556054639382	0.010177836351675	0.00741894993747499	0.0010741930993236	0.033926771320855	0.0119006608500313	0.00276410341165349	0.000640535111290012	0.0155814715243835	0.00190963122749448	0.0046701226771815	0.00835510392497157	0.0183808649759552	0.00111234856815365	0.0830279169741786	0.0103311298157944	0.0156915093555036	0.00210177621200211	0.00515566088557451	0.00014506871593613	0.0553508718660008	0.0158331286515904	0.0040176556759921	0.00636653762139497	0.00150599416487349	0.0460380957819361	0
C[C>A]C	0.00664353490782484	0.000284174462153048	0.0207198295875877	0.0700702209651514	0.00644051312541349	0.0218848106175537	0.000663983130978417	0.0337205668359574	0.00855705930915043	0.000992064218847304	0.00192308511181459	0.0159807592150644	0.00160034974687397	0.0105158677867963	0.00818521253167575	0.0142913581788016	0.000561919294084197	0.0238677131445032	0.0181314110534765	0.0407487232934831	0.00181881780011044	0.00527364904962714	0.000802185345070441	0.0363424380807641	0.0103221816656342	0.00533521038440287	0.00347164444292604	0.000532622099455633	0.0285906427112953	0
C[C>A]G	0.00141669865575083	1.57898450364592e-05	0.00452652026054968	0.0176111763706501	0.00638718308674864	0.0144913124641595	0	0.00268856470466215	0	0.0013531186969178	0.00198376472143101	0.00700612683081467	0.000591101484992933	0.00162715165874757	0.00256320010307127	0.00551361913669228	0.000694797218192606	0.0348333473553845	0.00359954463265873	0.0244363893363029	0.00615128009326962	0.00221140779377377	0.000312998830633868	0.0423448276207116	0.00295506825092637	0.00190786715061882	0.000725694511309668	0.000149906312857352	0.028142773432426	0.00467928675986934
C[C>A]T	0.00561400075780827	0.000478020882449883	0.0167107746927608	0.0425633577411503	0.0123658648290276	0.0447660604688502	0.0012420416697868	0.0328631344223415	0.0117944609637397	0.0152266469392534	0.00136730259652801	0.00874630771194153	0.00149788182951355	0.111883808620541	0.0191810571806172	0.0103642960190649	3.61991806805184e-05	0.037612718070293	0.00945132573412272	0.0996562508936148	0.00628110720220332	0.00536984670086863	0.000679274359365824	0.018669890734447	0.0143135369838345	0.0220296568193055	0.00415959283789694	0.000256778947992575	0.0385707257812856	0
C[C>G]A	0.000940493793805898	2.98760233400441e-05	0.0179004169346459	0.00969281070962064	0.0079293473863147	0	8.95160916103002e-05	0.0070787303648995	0.00218583566633228	0	0	0.00219294784417249	0.00595600806797095	0	0.000709395616271174	0.00462411697508308	0.00207398749094058	0.000428817248166191	0.00018448446099633	1.2024566259316e-05	0.000105088810600105	0.000659535871272325	0.000175281755520529	0.011736347257627	0.00768633732926597	0.00138672845452874	0.00594618398405753	0.000133219211167284	0.00234520476428736	0
C[C>G]C	0.000635306932438421	0.000371898480649057	0.0177894046812964	0.0110697254619213	0.00992708239646263	0	0.000442655420652279	0.00803529955805738	0.00300247695057909	0	0.000226245307272305	0.00271102165255556	0.00125943182278738	0	0.00029232901898842	0.0071456790894008	0.000944835779885307	0.00422539718456028	0.0031929528899204	0.000611909312554324	0	0.00115616175536311	0.000308927607134445	0.0173392149053028	0.00606816813298379	0.00162838733476076	0.00196046628421384	0.000229928207870893	0.00123051497864459	0
C[C>G]G	0.0008033460530469	4.4687999883957e-05	0.00962866322153279	0.0126080012653518	0.00596100958223863	0	0.0011643877406703	0.00152099980008968	0	0	0.00158701177714481	0	0.000691086371247565	0	0.000683520027485672	0.00701733344669927	8.21684543374233e-06	0.0109615089191271	0.000399949403628747	0	0	0.000938731066979475	0	0.00150558810727059	0.00190615622758788	0.00048847661218416	0.000983325896844191	0	0.00295100689363356	0.00671385818211274
C[C>G]T	0.00107923102729743	0.000359126365907581	0.0272931877242257	0.0092614713603429	0.0105734708108482	0.000156798810749038	0.000286625000720029	0.00890889892941312	0.00505476898445986	0	0.000195328942361144	0.00234056121868858	0.00760770803110719	0	0.00143016654416883	0.00987075811339515	0.00109677725867481	0.00551019365297804	0.000787610477843561	0.000116357948698679	0.000336487885832321	0.00212944281055692	0.00018400347246303	0.00965599322054092	0.000223709647941437	0.00265792376568719	0.000359572589375618	0.000400288136494028	0.000133571445491157	0
C[C>T]A	0.015294343864393	0.0161573489669681	0.0153082705873067	0.0193856214192413	0.0239528246241809	0.00624367073945918	0.0674951330741663	0.0052037098256273	0.0119006608500313	0.00106997551418845	0.0283665549285577	0.0215832235189608	0.00407286085140737	0.00500370286840876	0.00401990849220332	0.0242766141191862	0.022911302792362	0.00913589511571362	0.0404020969581963	0.010064088504156	0.00357301956040358	0.00876107834394562	0.0533399678320296	0.00525599496129116	0.0153005312191739	0.0071492932333597	0.0219192820172371	0.00565984929235133	0.00817280006166769	0.0662551661191515
C[C>T]C	0.0167407469348856	0.00467715074401801	0.0112335829286415	0.0164334068713059	0.0227712370701159	0.0089900259383312	0.111438502149211	0.00526213629585725	0.0103585454794979	0.0026455045835928	0.17172018821968	0.0134124229126433	0.00138633510854891	0.0172171560823036	0.00857498455699366	0.0140055310152255	0.00512428913413794	0.00653869821607621	0.0858676259325023	0.020264420496324	0.0118223157007178	0.00996158602048309	0.202894442757697	0	0.00783402467554843	0.00872594954382039	0.0111023932247863	0.00421847827543	0.00782428735594844	0.0752947350625466
C[C>T]G	0.15165545798963	0.0116125037196372	0.00811168853870702	0.0152096523201069	0.0293339517831828	0.14347991791437	0.0403654416765705	0.0193329606249534	0.0200080082176813	0.0210699911377199	0.0267808237393185	0.011510065507767	0.000312784805553497	0.0529728262236711	0.0264864010650697	0.00400990482668529	0.030776040353341	0.0328153812609148	0.0475939790318209	0.0868896558211491	0.0724484099873978	0.013516696069	0.0289206420147268	0.00552116010283996	0.0267497365777936	0.0279806094477302	0.0204470328649663	0.00638318256887115	0.0385855150060792	0.0358073815235652
C[C>T]T	0.0133685424944337	0.0102836436887707	0.0182461017703964	0.019803784504563	0.0229381563514006	0.00682074826758314	0.0752868335224611	0.021508698585911	0.0125721177305797	0.00409216136492434	0.0796942084833469	0.0252534236753241	0.000729139303351976	0.0165555993662853	0.00807623460236515	0.0260341245240797	0.0110945662840358	0.00514453197994094	0.114105067977586	0.0133456220081702	0.00448650514443095	0.00504320721843957	0.146634275260279	0.00369112799671819	0.0155313628130879	0.00721872786897489	0.00958948991573248	0.00333434289446953	0.00156180680952749	0.034856714155858
C[T>A]A	0.000602637672954469	0.000115793899426822	0.00560594594581204	0.00482043597258602	0.00369382619268264	5.11429399269493e-05	0	0.00895322233818895	0.00465020731899688	0	0.000254841125833778	0.00136611810210162	0.00022170850028484	0	0.000878072946113942	0.00434637509175357	2.25637712910562e-05	0.000268530707201875	0.00276161335656169	2.83186765074572e-05	0	0.0685613541561389	0.000364513486580964	0.00167749770844995	0.0195433459581727	0.00268827077389235	0.289325282967068	0.00230307554433035	0.00110074669656399	0.00352834744280225
C[T>A]C	0.00146497615065142	0.000524983322040796	0.0142325121769045	0.0107765239534959	0.00686933659625997	0.00200858262726325	0.00131802738895641	0.0201116294105804	0.0062580116941063	9.37751744010795e-05	0.00105860239772695	0.0104392293810173	0.000261060187029893	0.00298204687847116	0.00356459122709654	0.0155623105477726	0.0115847216538653	0.0024508001255856	0.00514163156389111	0.00416824778356319	0.00408934251902114	0.0640069597149072	0	0.00246781667813614	0.0177373375416296	0.00444860780751954	0.00371941841103808	0.0265816243471189	0.000361051408282604	0.00681016037999694
C[T>A]G	0.0012214022425941	0.000277986857942444	0.0137259557432713	0.0354075119173534	0.0123970943146975	0.000659052368623289	0.000702761601050827	0.019618439579317	0.00694582841471294	0.000300001011753342	0.000615750853795542	0.00401277923225522	0.000359375543829627	0.000187059224331788	0.00238681427519757	0.0168547006765457	0.00539769746668604	0.00579368239994126	0.00217249088146955	0.00114219937252473	0.002946492614637	0.270982242232572	0.000170975330881794	0.00675002819531171	0.0752535007158595	0.00290634328425742	0.00619824585582838	0.0127683671906072	0.0035722496107585	0.00884099447536624
C[T>A]T	0.00141736600241784	0.000549532763948692	0.0155503216033567	0.00943313421604011	0.00914642568338339	0.000717978588232851	0.0014317637351698	0.0249429952118624	0.00744546514045612	0.000713071113424263	0.000325239011948497	0.0055381689774376	7.9425586709915e-07	0.0014820675502723	0.000490277284364208	0.00986138227292796	0.0299127844721794	0.00275410087468355	0.00180322623704271	0.00191413179877055	0.000933800748264605	0.0622560749044196	0.000358230277920695	0.00225585713543621	0.0347362740947185	0.00157596068218639	0.00606577721976743	0.0125316257218812	0.00177667040075846	0
C[T>C]A	0.00212840217773454	0.000409415176758156	0.00584561376601581	0.00334216894099298	0.0104289744991848	0.00317086227547086	0.000623254947889806	0.00385243874850071	0.0130205804931913	0.000310403936572858	6.37102814584446e-05	0.0250722851679827	3.32388727376243e-05	0.000348382342705781	0.00175614589222788	0.0117513104332597	0.00557132147686504	0.000125145676751271	0.00423875538449005	0.00934749979791194	0.0160237888843849	0.00317750218574097	0	0.00112103198733355	0.00670959273628577	0.0286000612146055	0.00428742626884619	0.0186088837956834	0	0
C[T>C]C	0.0040432208719289	0.000443878472842182	0.0161402221186067	0.002524230835954	0.01381812571206	0.00309012711886654	0.000753158507975092	0.0123011921845432	0.0150703138756029	0.00178172831362051	0.000384946326446163	0.0467337594382752	5.0861536354987e-05	0.00464848483996975	0.0041448735198797	0.0235866269239678	0.0449360972385731	0.00300047299720057	0.00679083414098826	0.0174326856836159	0.0110522770784355	0.00161182101023417	0	0.00407906597178005	0.0120924996140819	0.0247887356592225	0.00756739694396351	0.058669096754778	0.00261347882446225	0
C[T>C]G	0.00575685199510398	0.000436778520471232	0.0100458549236249	0.0103530736600448	0.0221118481944349	0.022243017441036	0.00100394514435833	0.00678597662028996	0.0209736779581528	0.00150000505876671	0.000102625142299257	0.0537194639156747	6.79703682572879e-05	0.0014964737946543	0.0113152676750107	0.02463379329649	0.0345702333764846	0.00272369443940212	0.0041380778694658	0.0750949055508153	0.0248683976675363	0.00349454866788354	0.00031673115357438	0	0.0159827284254921	0.057438696818308	0.00798098233297146	0.0536085562498838	0.0069323084832408	0
C[T>C]T	0.00436641882258741	0.000536164070747437	0.0112755911286461	0.00442947171883624	0.0178112572690586	0.00215393576469855	0.0035794093379245	0.0105675827061557	0.0296739552699338	0.00158460247427614	0.000731787776884118	0.0332290138646256	7.58036150015358e-07	0.00200079119286761	0.00245138642182104	0.0270160785185421	0.0975265318556127	0.00108879405442481	0.0043441359346938	0.00882717481551536	0.019049535264598	0.0023797355065981	0	0.0012361008457573	0.00849953057677851	0.0199804089513044	0.00435657823333954	0.00578643916379081	0.00242015285884981	0
C[T>G]A	0.000154249156964536	8.52241249643351e-05	0.00146172033564424	0	0.00149539001027416	5.11429399269493e-05	0	0.00180494601926129	0.0182626323800605	0.00136577732092057	0	0.00104467854866595	1.17356082897188e-05	0	0	0.000160976855250132	6.86155396643694e-05	3.97264514076018e-05	0	1.46264096848538e-05	0	0.000883940684506731	0	0	0	7.20080149612088e-05	0	0.00860527656737168	0.00069635276323031	0.00307101335372334
C[T>G]C	0.00161533709741553	2.4998009723947e-05	0.00651405405262522	0.001262115417977	0.0038485430051509	0.00309012711886654	0.000753158507975092	0.00235769773334929	0.00817372955964904	0.00168795313921942	9.62365816115404e-05	0.00594793301941685	0.000173374562947006	0.0017541452226301	0.00157505193755429	0.00996960519466679	0.0224519503397096	0.00198284009857968	0.00106713107929815	0.00805005276168394	0.000552613853921776	0.00126875364670879	0.000176098245398192	0.0020016084204141	0.0032404046661887	0.0044689536306906	0.000503984295335088	0.0459677368994311	0	0.00602061001342709
C[T>G]G	0.0013129998775828	0.000275376183843868	0.0124809152145765	0.00476241388362063	0.00843274873539988	0.00411907730389556	0.000903550629922492	0.00792094327255419	0.0171602819657614	0.00370001247829121	0.00112887656529183	0.00582500211133821	5.75940256660648e-05	0.000467648060829469	0.000618803700977147	0.00868665342560437	0.01625197351186	0.00557226081184241	0.00134487530757639	0.0155796958841585	0.000471438818341921	0.00532324814569034	0	0.000111253825116111	0.0140898340501296	0.00668417335516992	0.000568471397793169	0.0267643130056911	0.00217909010435075	0.00789374506729128
C[T>G]T	0.00179405210852981	6.41516868686089e-05	0.00824413972944145	0.000984327048630279	0.0107375702934267	0.00561328714436591	0.00103405158651152	0.00462478423398646	0.0549237935723501	0.0144198825159129	0.000731787776884118	0.00646119714034387	0.000460128651537706	0.00466851278335777	0.00315178254234133	0.0191064281537978	0.250309634657642	0.0019461801417344	0.00155733175017325	0.00175353634532798	0.00298816239444675	0.00164070409058692	0.000164974470249494	0.0019606566469454	0.00811043484121359	0.00653988966303617	0.00160733020326813	0.136242745739794	0.000910047093722208	0.00775521158372215
G[C>A]A	0.00613284656012957	0.000385425141067246	0.010495325630377	0.0353276500808784	0.0127331638820694	0.00179431538587669	0.000273330968047549	0.025777975284361	0.014584565087894	0.00127053636995137	0.000372538674359571	0.007283378235534	0.000150152180603106	0.00152784479778058	0.00192541213824524	0.0112955277329747	0.00716669897754649	0.122544467113966	0.00300432040209435	0.00102580778600988	0.0001069603830089	0.00149750146240724	0.000313614440940497	0.0484632173788294	0.0146292350193645	0.00151758324794413	0.0137603560059396	0.00280275004177621	0.0711358421237927	0.00859650546800477
G[C>A]C	0.00504778798685419	0.000172422824518597	0.0138116389054693	0.0441166734066976	0.0116525061929991	0.00510291682291423	0.000107218700988675	0.0202668330226764	0.013381421769644	0.00234955006269421	0.00109600952880121	0.00774162548976426	0.00100881597661739	0.011387136914303	0.00934653452859134	0.0130156572407027	0.00166962175780311	0.018028946121552	0.00342500270648958	0.00353829492528636	0.00478310045954114	0.00245617659992733	0.000599449060760124	0.114681744510354	0.00826987077121206	0.00254726074785638	0.018732204970105	0.000662561782417486	0.0787941038500191	0.0106784715351735
G[C>A]G	0.000952765545377136	0.000405435088407512	0.00208691481748586	0.0442585251469418	0.00624166289158525	0.00325799947061834	0	0.00192200323379993	0	0.000376645893507295	0	0.00365659287627789	0.000228354647360265	0.00193750840463008	0.0021642129491549	0.0087898602276431	0.00292107018520992	0.018315717081884	0	0.00715510113459628	0.000665868360483095	0.000799003617952898	0.000277900558074073	0.0855738907530706	0.001483692315383	3.02931426372009e-05	0.0043263016407174	0	0.032878406149244	0.00178388198223138
G[C>A]T	0.00365522792828175	0.000147991537809563	0.0145489117452813	0.0266741694776366	0.0121369682345541	0.00715733075183739	0.000100256347809075	0.0252262410218351	0.0115604488499004	0.00878791875328483	0.000614903434801884	0.00349019131739224	0.000689246746152129	0.0687430574469916	0.0272781704125326	0.0081568060836107	0.00374524321542986	0.0754420344750162	0.00743828920984776	0.0130839244339579	0.00270704253958446	0.000658876994939839	0	0.049185160556668	0.0125205807417383	0.0023495017487204	0.0104348104711049	0.00190318958591047	0.0597782230141916	0.00872379332143267
G[C>G]A	0.000448548989100689	4.90944176873191e-05	0.0128985358094093	0.00657695613207842	0.00595257647339202	0	0	0.0040541545127595	0.00135957810141385	0	0	0.00140968611010336	0.00153371312256242	0.00016976053308673	0.00176496112672481	0.00364751416377309	0.00142154394898273	0.000879526792563538	0.00187770025130897	0.00123135606864031	0.0004278415320356	0	0	0.00438312212723057	0.00453008050475633	0.00145721989307275	0.00181430892989514	0.000107028558700472	0.000242227705666767	0.00716375455667065
G[C>G]C	0.00209813991103259	1.87091284019631e-05	0.0125128179590003	0.0100616974436328	0.00679000943023763	0.00263943973599012	0.000428874803954702	0.0039024949978963	0.0042180568621704	0.000213595460244928	0.000219201905760242	0.00152067643548941	0.00105504563776763	9.98871659149389e-05	0.000472047198413704	0.00443086203938816	0.00033650545709081	0.000726684062092756	0	0.00195889589738346	0.0052865847184402	0	0.000145027998707093	0.00977346885875887	0.00305925724049206	0.00239645124683874	0.00202751127982693	0.000162424854999396	0.00101361987741386	0.00753111691935863
G[C>G]G	3.84197786789449e-07	9.23964633700738e-05	0.00375330505184322	0.0120882315379312	0.00244537152074422	0	0	0.000725540072635735	0	0	0	0	0.000192906985408225	0	0.000998867514994572	0	9.96144070989155e-06	0.00107238230465245	0	1.21591685106628e-06	0	0.000513850231090271	0	0.0103474833693166	0.000942817485406339	0.000469545966319041	0	0	0	0.00317141291294924
G[C>G]T	0.000729623088050417	0.000323411436383623	0.021336545607776	0.00620329522735734	0.00711780695025357	0.00139855888254294	0	0.00691784106848808	0.00598423234583078	0.000399450852422038	0	0.00116339710579741	0.0033519396060451	0.000280202679811108	0.00158901963568151	0.00375472026070969	0.00219662572985576	0.00144219872151688	0	0.00125230822255784	0.000470790006884254	0.000683359717188025	0	0.00298041617098584	0.0023838441161308	0.00148806051913522	0.00642034721502462	0.000230487987255878	0.00481088899267968	0
G[C>T]A	0.0185817980599177	0.00699739940587131	0.0174558131874996	0.00817421690701175	0.0214553317976428	0.0488203311240617	0	0.00246136154740499	0.00766307657160535	0	0.0243081485019621	0.014566756471068	0.0033348599343052	0.0472783084646544	0.0381873407418639	0.0147077184023109	0.00226858819859297	0.0025733018701647	0.0351129946994777	0.0521982190644384	0.0174345424304507	0.00220913167991174	0.0477555450318864	0.0209882506629366	0.0109058063125148	0.0106002768161271	0.018186138736333	0.00443932048808793	0.0106082165835283	0.0471855222872408
G[C>T]C	0.0238112110970572	0.00257160658424042	0.0104556949665888	0.00884544830209478	0.022708514386062	0.0680095638640121	0.0225159272076219	0.00207082376269304	0.010036066327233	0.0143108958364102	0.106860929058118	0.0127183847331841	0.00336409013397109	0.0617302685354322	0.126980696373287	0.012738728363241	0.000420028214872917	0.004704508801675	0.0678371503801486	0.0588699650874705	0.0493414573721085	0.00438286094553827	0.171836631223125	0.0166048971397533	0.00889069247819628	0.0253311134956039	0.0303266955582109	0.00260483276057039	0.00405630306203581	0.0565395980211012
G[C>T]G	0.160105489189484	0.000688490213548373	0.00272430983042827	0.00448434395761965	0.0293150007586085	0.207736251959904	0.00037813054067969	0.0262166842692533	0.0225703515231886	0.0508471956234847	0.0173939436266589	0.00560677574362608	0.00755971077500268	0.172262110884383	0.304488114154178	0.00219746505691078	0.0170920621488227	0.0235032790009953	0.0541608211120602	0.00875920724942398	0.0042171662830596	0.00789961002418458	0.0242650296367437	0.0232637992179959	0.0236009069664153	0.0515264807487053	0.0248712049590126	0.0059594538795152	0.037230642041463	0.0317135246286512
G[C>T]T	0.0145008488905569	0.0039347505116748	0.0126388138924247	0.0084778368107217	0.0229783630910605	0.043108520850147	0.016141271997261	0.00752781722538619	0.0137365333392934	0.0151791323920374	0.0534965988277639	0.0148656296851892	0.00211078758067649	0.0518374957650548	0.0706230949191781	0.0150188810428388	0.00111701728919441	0.0020043768504647	0.0947348778531999	0.0501431958236209	0.0195377852856965	0.00141390893160761	0.106111052786331	0.0176827063301516	0.0117443900580944	0.0210149943487451	0.0106843650514319	0.00150694491610446	0.00577832538192922	0.0201802832464006
G[T>A]A	0.000396131087497461	9.71335594964671e-05	0.00370308684731073	0.00500136353938087	0.00556765816793487	0	0	0.00683466766529665	0.00286052111741702	0	0.000215548525374727	0.00135939247469349	0.000120966193070356	0	0	0.00272313376854718	7.22946529052988e-06	0.00137736130946248	0.00188313755522443	0.000115664331935219	0	0.0477891605017638	0	0.00152152551991518	0.0303556996289727	0.00190928634892433	0.108418636320593	0.000558061798453166	0.00206029312951365	0.00280016230155165
G[T>A]C	0.000480356503211308	0.000375579656869587	0.00709479715499892	0.00570305931924948	0.00502633452291279	0.00244356114510816	0	0.0100503903225642	0.00418395604772026	0.000105934325550737	0.000326144657094118	0.00534790177077573	0.000335480758682733	0.00247699074227512	0.00355855514591876	0.00549380100603162	0.00329414644419576	0.00167832983818022	0	0.00407587709688926	0.017729191615222	0.0127757078348245	0.000191670357653853	0.00502126593807731	0.0074152299077451	0.00670718835575135	3.50275435396715e-05	0.00484470843974063	0	0.00379088246855896
G[T>A]G	0.000917026953385124	9.96327643899645e-05	0.00895886895420784	0.0128165670020666	0.00748329739973082	0.000460078518328606	0.000560676045170053	0.0101114757071887	0.00354946316156864	0	0.000382088996546638	0.0022892221618423	0.000178956744190961	0	0.0021393358936429	0.00615458303543919	0.0039801425149022	0.00146983883406899	0.00154066926033142	0.000780822147086814	0.00340077429548893	0.0594945563323177	0	0.000177961485678808	0.0426118300150285	0.00153703309835381	0.00205471478758107	0.00289642020465183	0.000498849785564205	0.00499623407004313
G[T>A]T	0.0012238853833262	0.000184189913437113	0.00732450118936528	0.00329657190925098	0.00425849868197039	0.00122413684213371	0.000710379989555517	0.0151170146883322	0.00346926209553263	0.000283036334928035	7.26163654701229e-05	0.00283939624103668	0.000108774231262874	0.000595624260530738	0.0026897013065497	0.00302741785329483	0.00331658166108664	0.00268032404102141	0.00380647294254395	0.00136207486997037	0.00341924279777705	0.00953361104657038	0	0	0.0170840458608901	0.00216215329345334	0	0.00205345116121134	0	0.00484083693874122
G[T>C]A	0.00646407286169547	3.94791947629085e-06	0.00571986345710416	0.00442149530293092	0.0134598924939316	0.00703655032297132	0.000140575620213697	0.00480387789140565	0.00867691405616498	0.00448075778152653	0.000718495084582422	0.0519287925332913	0.000924237592751983	0.00510756338815558	0.0120686725167095	0.0146141512245365	9.64527911654676e-06	0.000388602474605308	0.00282470633283664	0.00175082570242049	0.117667060093002	0.00375259350925124	0.000173668330078914	0.000868245495083077	0.0146589750886304	0.0834687437925922	0.00471504994707579	0.00369879925112734	0.0049858858001973	0
G[T>C]C	0.00608672171117204	0.000237807415553344	0.00791012001242827	0.00175478748284599	0.0119666268581765	0.00514893241290647	0.000106351893084592	0.00658294072664655	0.0139946116078919	0.0106993668806244	0.00173943817116863	0.0375724380818602	0.000703021289554295	0.0125831129707576	0.0467294478371963	0.0135971574899282	0.0123622811143121	0.0025326812977923	0.00328772257345618	0.00167965933135367	0.0830275522825536	0	0.000563091614504978	0.00694279128145755	0.00513059412527295	0.0518131216974602	0.00293436511822601	0.010827407420334	0.00756593758934977	0.00747023172291364
G[T>C]G	0.00380309688787193	5.55927130845375e-07	0.00677039584480763	0.00404733694802101	0.0154884710028476	0.00881817160129832	0.000280338022585026	0.00562741645295336	0.0119160548995519	0.00502627205566254	0.00181492273359653	0.0493990045450179	0.000734508488398892	0.00713861159764245	0.0126714510623464	0.0178603586126471	0.00523453683741583	0.00573248701404587	0.00577750972624286	0.0257734870144954	0.0969769186197489	0.00174469660844761	0	0.000252439605776376	0.0149340122422226	0.0504987810324467	0.00161282918396348	0.011075576482279	0.00527524385431401	0.00783729630848912
G[T>C]T	0.00619593479404538	0.000493947785733678	0.00633729997676576	0.00175817168493386	0.0130791873757106	0.00244827368426742	0.00575407791539969	0.00720384185620576	0.0121424173343642	0.00877412638276908	0.00167017640581283	0.0370953379877373	0.000599221857802766	0.00569152071173816	0.00587981215850398	0.0130270707626626	0.0069676547112041	0.00354174829809338	0.00724693887138173	0.00107365644697216	0.0836463542968385	0.00140380458686752	0.000695864755528296	0.00292917270150882	0.0119945162576372	0.0477734978417472	0.0037378077274992	0.000417172412322529	0.00798608649967868	0.00640478333520625
G[T>G]A	5.69206526745859e-05	8.07114023685342e-05	0.00346068806398332	0	0.00134447455995839	0	0	0.000818377579577435	0.00686525068180085	0	0	0	1.62122430106324e-05	0	0	0	3.31571121442334e-05	0.000985251857168019	0	2.53773244755549e-06	0	0	0	0	0.00464853179067322	3.18314756390711e-05	0	0	0	0.00243167652409492
G[T>G]C	0.000175970270524837	6.00728727214178e-05	0.00568801656804756	0	0.000409614797605887	0.00139632065434752	0	0.000666827802676313	0.000865646078838675	0.00211868651101474	0	0.000548502745720589	0.000123879220345192	0.00188251296412909	0.00206021613711086	0.00439504080482529	0.011620814331351	1.02282780345308e-06	0	0.00303672835199183	0.000749120772474167	0	0	0.00111082374220383	0	0.00316948376156379	7.58481049638397e-05	0	0	0.00211845098930683
G[T>G]G	0.00090795343197251	0.000123444947671219	0.0181965790037982	0.00173457297772329	0.00653286400117766	0.000766797530547679	0.00158858212798182	0.00679633250269198	0.00633832707422971	0.00083771200927709	0.000955222491366596	0.00132533914632975	1.23322656724016e-05	0.00104467486794767	0.00304443954095336	0.000965424789872815	0.00537922640971368	0.00946617712254979	0.00414054863714072	0.00257644744415378	0.000438809586514701	0.00222107114193161	0.000172022396375722	0.00265880195364112	0.00967789609306141	0.000924855098198317	0.0062233307543458	0.00567459977546102	0.00340329680045313	0.00333085591071007
G[T>G]T	0.000465083034548985	7.38253569830098e-05	0.00596419600093346	0.000146514307077821	0.00276117452478772	0.00204022807022285	0.000639341990599965	0.00460619228575257	0.017828152435376	0.00212277251196027	0	0.0029309896681669	4.76241980529279e-05	0.00251485798890756	0.0118847267033591	0.00403655713772644	0.0542910425900824	0.00214554583682874	0.00183003506853075	0.0025500628162929	0.000667169326395521	0	0	0.000570217775527921	0.00234522572884111	0.00673959375979418	0.00229269964749931	0.032369673856923	0.00439256282183237	0.00424499736183364
T[C>A]A	0.00733446575280561	0.0133122433537013	0.010137492189579	0.0249198893904204	0.0127139088859045	0.00102150789163734	0.000732272711231837	0.0236490659907355	0.0220531034861088	0.0272794703146214	0.000673688522255426	0.00623146808935772	0.0439990605378691	0.000341100223782427	0.00367529822346074	0.011537199146129	0.00160808746064198	0.0513258479720814	0.0038483247169258	0.000508436203130723	8.59662959742241e-05	0.00375581559217731	0.00149206924212594	0.0224055341557907	0.00605835166887018	0.00237684857919806	0.00727911671720728	0.000818027304304924	0.0197016075083056	0
T[C>A]C	0.00878966857053519	0.00756060420595177	0.0190003291934134	0.0534325456626652	0.0136308643367931	0.00229182906097247	0.00192616845097021	0.0208139354854982	0.00561793378342221	0.00988081971686145	0.00246120657692285	0.0122934294691494	0.020820026242501	0.0148940054179427	0.00525776096700353	0.0180343286645811	0.00149128047320458	0.0421330618865133	0.00625220922590601	0.00394263767410937	0.000565313866721076	0.00334025535077118	0.00065978830917913	0.0585942036985003	0.0117674543991606	0.00236971220969971	0.008477449143356	0.00114989884717321	0.0304529953622282	0
T[C>A]G	0.00300632978935869	0.00321659496938825	0.00260538158778147	0.0173298967122076	0.00741034766888427	0.00145853197482632	0.000323171690689389	0.00327188363325864	0	0.00498949382572006	0.000165176060317956	0.0039584986880355	0.00462239124620265	0	0.00355703552155187	0.00834701154787212	0.00422601002781919	0.0255998095197189	0.00299712256669392	0.00163180321859058	0	0.00104966253829281	0.000157992729513403	0.0201254470451764	0	0.000518740830971841	0.0032817781478347	0	0.0202067486995063	0.00287975425395039
T[C>A]T	0.00975462424667948	0.011645830745777	0.0151659923346286	0.0298322019293183	0.0167624546601677	0.00372110747573777	0.00101640693102264	0.0356268084604477	0.0341526201755824	0.240098403015664	0.000319689259506518	0.0049396244929166	0.0181749594057059	0.0375848755997749	0.00998245007245474	0.0158522760465449	0.00471673876429081	0.0962991651777049	0.00700926052086875	0.00964506066408166	0.000367146693689523	0.0035686921519369	0.000159540686055335	0.0230450679824152	0.0229589777052227	0.00285700048822662	0.010765765635663	0.00224917584314872	0.0322302719594527	0
T[C>G]A	0.00112252858062848	0.0327730945291003	0.0139549029223663	0.00241647412270743	0.00230720701452379	0	0.000146454542246367	0.00360249365428009	0.00327816403171888	0	7.48542802506029e-05	0.00226598839613007	0.255990991706843	0	0.000580310245809591	0.00472836030579058	0.000346095429118544	0.00137951740683567	0.00037728673695351	1.79488985159237e-05	0.000171932591948449	0.000209027037566504	0.000166120878676263	0.00728122648233809	0.00855619272467183	0.0037265073503942	0.00295145957465538	0.000549676086062765	0.000601020259683444	0
T[C>G]C	0.00162798357154113	2.24687771003234e-05	0.0230541523624838	0.0104282849341633	0.0089684843849986	0.000158057176618791	0.00096308422548511	0.00437184370459226	0.00326624057175709	0	0.00108293089384605	0.00335275349158618	0.0767528758190433	0	0.0022048675022918	0.00795997954850477	0.000759948035928505	0.0079125958386607	0.00109165557912645	0.000147669143554946	0.000339188320032645	0.000766488130886467	0.000157068822649218	0.00710042201366337	0.00375133665530675	0.00327497692897569	0.00420297893790302	0.000925315617993952	0.000427888634784095	0
T[C>G]G	0.000402822537283164	0.00315641702047241	0.00485262395046404	0.00516564228921573	0.00250484403773143	0	0.000484757536034084	4.95220473380311e-05	0	0	0.00049552818095387	0	0.0192068769977979	0	0	0	2.65305240130126e-05	0.00255489117969385	0	0	0	0.000809634526648512	0	0.00250371868579918	0.00396431326993367	1.21274241253687e-08	2.90658331451911e-05	0	0.000231636892733167	0.00338795631132436
T[C>G]T	0.00201469415785523	0.0628395687437487	0.0303482287870052	0.00403137863909706	0.00610520848703449	6.41570254437547e-05	0.000547296039781423	0.00583567472095793	0.00519713785280601	7.78781715911982e-05	0.000639378519013035	0.00151212994681121	0.322080467521102	7.28389062011141e-05	0.00103266724887463	0.0170639149800387	0.0026841747651255	0.00291410948434169	0.0084594523527726	0.000538727500607676	0.000275360020267142	0.000254736992829017	0.000337613876640718	0.00464034456207644	0.0152908120600831	0.0075936220181225	0.00233905323796996	0.00140233930424501	0.00107144569954958	0
T[C>T]A	0.00867683722712656	0.369551405793736	0.00772516197882613	0.00264301857171125	0.00946404671414264	0.00444656376359786	0.0880191798900665	0.00628195094435672	0.00496691519957406	0.00269877112738233	0.022605992635682	0.0130294332777479	0.103993276662186	0.00627624411759666	0.00722163861451935	0.0162655594519196	0.0141905415611682	0.0114184315083711	0.016449701731173	0.00791154718049469	0.00550184294235035	0.00186947629744485	0.0104874063318541	0.0189295254345808	0.00967283060446093	0.0100244701794626	0.019287266075551	0.00803607765469871	0.00884675035089241	0.0663285473684547
T[C>T]C	0.0139226807546731	0.0948736800666639	0.0154796061750686	0.00695218995610885	0.0233660923420909	0.0052949154167295	0.27804241589755	0.00467258910440527	0.0109745683211038	0.020241290876289	0.156434290029217	0.0117967252481736	0.0180510985181921	0.0253915875498663	0.0132292050137508	0.0162930831383457	0.0194506847171946	0.010025575614293	0.0327496673737934	0.00794264501773864	0.0097233985076025	0.0024271717948733	0.0412223775244658	0.0112953772353434	0.00740594524064869	0.012605914381904	0.0108039653065766	0.00709471603900406	0	0.0926874051737873
T[C>T]G	0.100412294602886	0.0926656471372007	0.0032737339562917	0.00183296984456043	0.0143075352054986	0.0518441820142811	0.160293158581938	0.0106853139047887	0.0103025578890242	0.344596976802151	0.0132140848254365	0.00208342036212395	0.0123001959357451	0.0141504521831939	0.0147972677696558	0.0075123103930849	0.0316465143455356	0.0195002711367086	0.0149856128334696	0.0377573079975797	0.0239017238458914	0.0030651618211817	0.00437550353870072	0.00843110691557162	0.0271362284021261	0.0202828170946674	0.010457763819049	0.00446216813985894	0.0255891863210389	0.026087763016366
T[C>T]T	0.0087973884308104	0.214860269180379	0.00957104244138387	0.00620832310420948	0.0108305929859178	0.00301538019585647	0.0659882653679317	0.0114041698644988	0.0101821476299873	0.0305282432637496	0.0762458883923046	0.00907277968086724	0.027446571592184	0.0166801095200552	0.00523218072763146	0.0194871928470265	0.0186581894682095	0.00440985525221425	0.0215111788399075	0.00752424023349146	0.00587434709903237	0.00117010840973798	0.0187119872397228	0.00420813809322382	0.0115780272869035	0.00686427745306171	0.0130434134026387	0.00697146606976795	0.0105294364803842	0.0379506598301771
T[T>A]A	0.00218981034935967	4.64107250238489e-05	0.00405241124065697	0.00221932532353721	0.00517381229703691	7.84872449611855e-05	0.000478243564391979	0.00865031081060834	0.0139486277835598	0	0.000146660843349565	0.00351477541520172	0.000240583166982893	0	0.000336886804483054	0.00524971550607646	0.000402243247795452	0.00233027141591316	0.00192195150613288	0.000446030569147099	0.0015158920081133	0.024707125694951	0	0	0.0124493757303883	0.00036382536532018	0.0354661246608145	0.000139939643063837	0.000569906194419168	0.00391070977387686
T[T>A]C	0.00123057060441336	4.34546158264732e-06	0.00814152358194341	0.00357138266250098	0.0060476590379451	0.000494230081739976	0.00112930302897283	0.0108775231013852	0.00275757217995191	0.000599930168910667	0	0.0128134699551503	0.000724871487604516	0.00112222093579407	0.00125955667501422	0.00845875010615797	0.00233727621863103	0.00202812356904505	0.003723824074153	0.000537855205874364	0.00397728866353441	0.0243701290403399	0	0.00585510589006192	0.00305746918628138	0.0046262850041188	4.97829756895882e-05	0.0110355967180447	0.00126731182992126	0.00520924782446728
T[T>A]G	0.000589816627750152	5.29696961077145e-05	0.00516190995672182	0.00559603244498963	0.00555608473499887	0	0.00066176996288277	0.00661153668263804	0.0125683705854026	0	0	0.0031570565771105	0.000202416921599263	0	0.00034962556430093	0.00538412716716217	1.68329570919472e-05	0.00139451334004401	0.00354600283642239	6.47558229610288e-05	0	0.0585119905926889	0.000150723623251172	0.0072119473166296	0.0080423725498929	1.61404476348914e-05	0	0.0030969567963776	0.00161451561518289	0.00256699251411487
T[T>A]T	0.00156521569901293	0.000159676654473553	0.00840445415975364	0.0022314855534766	0.0057871660048899	0.000276210535661221	0.00240431989322535	0.0158864171515593	0.00906736162437202	0.00134113271884024	0.000393238491265007	0.0058280556334678	9.61855534238126e-05	0.000537579428676468	0.000127024758840222	0.00496798116709287	0.00224741524331682	0.00141623067576286	0.00421182051011691	0.0011222141415703	0.000451614208504431	0.0143532388023961	0	0.000126578609263808	0.00833014311475225	0.000719552146509431	0.0013030000871938	0.0114183830821571	0	0
T[T>C]A	0.00315699963782581	5.8583389738691e-05	0.0051789408331654	0.00138091353464538	0.00958797060713885	0.00231537372635498	0.00109996019810155	0.00280025164622093	0.0101208648103969	0.00142909753574056	9.77738955663765e-05	0.0308313632912431	0.000467762952895666	0.000801974924920926	0.00286353783810596	0.0151932942881743	0.000983479336231658	0.000151063125542254	0.00256260200817717	0.00276636990581648	0.0218400737465212	0.00290819430900292	0	0.000782698727427119	0.00827762659510136	0.0166751494826929	0.00115571387098104	0.00683701355039229	0.00550127607786608	0
T[T>C]C	0.00299005177617498	0.000425547305153321	0.00979704799331432	0.00124222005652208	0.0125598368744301	0.00216225660761239	0.0013551636347674	0.00546955324878919	0.0139921255056819	0.00727415329804184	0.000692636752308177	0.0331985357928895	0.000124887337553881	0.00392777327527925	0.00656295320138987	0.0177925433267461	0.0100348017678697	0.00492509385466481	0.00155159336423042	0.00853197432989142	0.0276642522596949	0.00086934111014762	0.000170793210951102	0.00171719238229629	0.00664884170779367	0.0334081508655488	0.00368861328365033	0.0314458285885091	0.00269948015655345	0.00734030375265844
T[T>C]G	0.00450476641581735	0.000152975558892014	0.00480590698311632	0.00245679473194667	0.00979635858846656	0.00575616018229291	0.00125736292947726	0.00135391238590335	0.00879785940978177	0.00428461583761137	0.000473531506121663	0.0273042730993341	3.0877071816155e-05	0.00209616332411748	0.00227256616795605	0.0141012854378057	0.0047248440260994	0.00106573817576023	0.00388696464761685	0.0158664084350946	0.0193446894773429	0.00149262761582253	0.000155923928843874	0.000309844619239801	0.00386081342242459	0.0153432215644591	0.00107126035448593	0.0149427281114688	0.00112166548456154	0.00423205348986011
T[T>C]T	0.00246010146419452	0.000338249022652427	0.00615494710387673	0.00109094849281078	0.00981879536708507	0.00114430079059649	0.00115407354874816	0.00574683207394313	0.0201569405894312	0.00474186211304229	0.000245774057040629	0.0230022195746442	0.000107797016385002	0.00116475542879901	0.00199005455516347	0.010805359038427	0.00417185555031744	0.000682218012037506	0.00188293152216991	0.00261706634713394	0.0154677866412768	0	0	0.000167544099409055	0.00975633627518538	0.013436476180255	0.00103169148104292	0.0119713784656699	0.00182784372371721	0
T[T>G]A	0.000546480844223991	4.12292429052846e-05	0.00308343823757261	0	0.0029241533911396	0.000353192602325335	0	0.000995998041078512	0.032568423941149	0.00238182922623427	0	0.00117159180506724	0.000326087295134004	0	0	0.00419977240486116	7.67924793021519e-05	1.8148550854656e-05	0.00157698585118595	1.29844847156956e-07	0	0.000999956532591973	0	0	0.00118702405393524	4.94348371606421e-06	0.000798464581552771	0.00646526886276871	0	0.00441209981174703
T[T>G]C	0.000795152845702849	1.29212651179076e-05	0.00550971525927656	0.00023291626059789	0.00454025632928634	0.00117379644413244	0.000752868685981888	0.00229344690061052	0.00827271653985571	0.00689919694247268	0	0.00262093703628075	0.000221033243861179	0.00105208212730694	0.000265169826318784	0.0067086638772977	0.00871109708738591	0.00254392061945203	0.00139643402780737	0.000286494709969756	0.00159091546541376	0	0	0	0.00051978056276274	0.00247875669061212	0.0002963136095624	0.0326452276607275	0	0.00347288537535185
T[T>G]G	0.00109898231249344	0.000164317027168714	0.00870807551657954	0.00204732894328889	0.00470919957120158	0.000597337377407753	0.00066176996288277	0.00476770784441529	0.00790011865368159	0.00145017766811462	0.000202942074052141	0.000938584387789606	3.95450428681488e-07	0.000123303724948087	0.000524438346451395	0.00418765446334836	0.00360214415268673	0.000521784213172588	0.000750115984627813	0.000344077050373174	0.000233068547919793	0.00215529197976901	0.000161124235087578	0.000875893905707669	0.00744080403799675	0.00109735053890516	0.00218653132684031	0.0120991733957168	0.00023415529717465	0.00582771341510834
T[T>G]T	0.00158452243148732	1.36368641436711e-05	0.00742694196479056	0.000545474246405392	0.00755543094818218	0.00284102265251542	0.000673209570103099	0.00415008246620873	0.0355518855056311	0.0303191789652098	0.000147464434224377	0.00198401893905287	0.000402260857199837	0.00111995714307597	0.00139727234724244	0.0101222616279517	0.0335916843738545	0.00106841937313583	0.000644160783900234	0.000298639253125569	0.000169355328189161	0	0	3.25199592199032e-05	0.00451249789039262	0.00149559496969302	9.42331417279433e-05	0.161768464645474	0.00293672284892435	0
