Type	DBS1	DBS2	DBS3	DBS4	DBS5	DBS6	DBS7	DBS8	DBS9	DBS10	DBS11
AC>CA	4.18751012908443e-05	0.000308793262180612	0.00631289197333241	0.00385161807973475	0.00208465648711434	0.00254769009021557	0.0599159346322921	0.211041599837131	0.0232477623616687	0.00713323009092264	0.00123486674281107
AC>CG	2.22435145689796e-05	2.61731187463246e-05	4.62282640566861e-05	4.61449895543102e-05	0.000450052007965805	0.000139835621493036	0.00815848783119447	0.000955085937867576	0.00195621414994529	1.31109213509169e-05	0.000174864341682735
AC>CT	0.0036145711174592	0.000104031954638388	0.00300235177314392	7.74044986072298e-18	0.00196775986166867	0.000229866775057044	0.0177528695206792	0.312145249991664	0.0269333832238845	0.0099998552676485	0.00068143011501107
AC>GA	0.000107004785994713	0.000195679152772206	0.00581581386519599	0.00409350713788235	0.000543569308322335	0.00821773720828933	0.0127011338556035	0.00113864305028405	0.0239092840548869	0.00396290560606812	0.000398402263009117
AC>GG	4.81100258291189e-05	3.44296230827046e-18	0.00044737029732277	6.52170114467165e-18	1.08129378537239e-17	9.96089358580525e-05	0.00331560945459743	0.000795086957525937	0.00673807096092269	0.000437030711697233	0.00202806581848533
AC>GT	0.00249396981530984	0.000231182121418641	0.0100409777843556	1.04198363509733e-08	0.000800741884302795	0.000126426726281375	0.00587411123846002	0.000148219914304218	0.0114348749827721	0.0212589515690009	0.00514678036602277
AC>TA	0.00101106884404453	0.00122196264178424	0.00100409777843556	0.00118153501479786	0.00144172504716318	0.00967356011698391	0.00707504064721185	0.012171701572002	0.0389352768008436	7.7776652081711e-05	0.000237959722702279
AC>TG	0.000144919867646383	5.25113675793769e-06	1.10351340006283e-17	4.94011884139892e-05	0.00109103517082619	0.000430042425002554	0.00130274733688513	0.00252268330968106	0.0169160547265801	5.67399195186577e-06	0.000215425658052441
AC>TT	0.0223277703059833	0.00241089926622296	1.76959806496561e-06	0.00014978514754524	0.00727681493399256	0.00304573476950583	0.00154032250252952	0.000263065808169076	0.0419593759698411	0.00052591831407633	0.00254184249250161
AT>CA	0.000261931671702925	2.01293387172847e-05	0.00451407516357389	0.000549641914715785	6.7855644258991e-05	7.04224787070446e-05	0.00934531890736009	1.76001310314228e-05	0.00774089659596009	0.00168646039196768	0.00551124045001674
AT>CC	0.000161397731319022	2.22061752516077e-18	0.00582213103483677	4.20032030896342e-18	1.33826409510788e-05	3.94736525384223e-05	0.00527042309550217	9.05330481112753e-05	0.00108494456226842	0.000554190950334992	0.00110457350791475
AT>CG	2.16283828501586e-06	2.22061752516077e-18	0.00936157633354811	5.67643287468485e-18	6.59707652517968e-18	1.12428869514755e-06	0.000934531890736009	0.000168404131451743	5.61976902478363e-18	0.00123737462186864	1.01155679145877e-05
AT>GA	0.00115206461412905	8.94637276323758e-05	0.00116057898381658	0.000194414825729165	0.000697405232661854	0.00100074048688958	0.0121236569608996	0.000102561914643543	0.00388263868632014	3.85067160318966e-05	0.00651117015191851
AT>GC	9.45562466313469e-05	3.11525480148453e-06	0.00336632025692655	1.05608053482509e-05	6.59707652517968e-18	1.06251459101856e-05	0.00782144258102479	0.000143080201910127	0.00110323014477857	0.00194922334255754	0.00243006171741245
AT>TA	0.00127161848918017	0.000243895162235883	0.00150682906738617	0.00271820728565776	0.000498236350901666	0.0013590302908377	0.0286253011576795	0.000199425945140222	0.00560757863644353	0.0013998099004151	0.00223240119494349
CC>AA	1.08665692210174e-05	0.727313892718869	0.0109952629372089	7.92369990849897e-18	1.24450639031924e-17	9.67230888600636e-18	1.43577103263915e-17	0.0455031738698026	1.03714551065903e-17	0.012347175374181	8.06072249689867e-18
CC>AG	1.26093208885392e-05	0.0729323047118646	1.34265587022023e-17	0.00614652721473564	0.0288014336045312	0.0717848466720472	0.000131824110297621	0.0185117898945391	0.0303554783607521	6.4259387166358e-05	0.00106598942407966
CC>AT	0.0191702683427382	0.100457719988794	0.00712454331134879	0.0177717269376334	0.00288014336045312	0.000510418227960336	0.00135318243341654	0.0343960999330792	0.0224216601528283	0.00946316360794897	0.0378360443731977
CC>GA	0.000137369837322296	0.0177810164380166	0.000768095925756618	0.00401844781073877	8.01225066529345e-05	0.0413695139100272	0.00047964917240821	0.000966196001592398	0.0126481159836466	0.00305524996485208	0.00104515218225094
CC>GG	0.000100669537500369	0.000452059739949574	8.76959915233935e-05	8.26328704743464e-05	1.41044057569515e-05	0.0210926254020139	0.00325589670012197	6.68813054254317e-05	0.00351847590090536	6.6782897461811e-18	0.00378360443731977
CC>GT	0.00709402443485287	0.00110503491987674	1.37894386671267e-17	9.04433746698668e-05	2.93940556951594e-05	0.00400876416480264	0.000258883493717015	0.000273496766828998	0.0205819341915705	0.00097335397110332	0.0762204372155724
CC>TA	0.0106615396130737	0.0160732351982071	0.0251596775680909	0.000192432712063546	0.00150526011019566	0.0025870512924017	1.43577103263915e-17	0.000855125262225162	0.000789932334615027	0.0215399628790456	0.0644857799751893
CC>TG	0.0026141275012825	0.000238084796373443	3.50783966093574e-05	9.3952441772202e-06	0.00570102451184341	0.00800587494540526	0.00037482518108721	0.00502804099716191	0.0178223452496841	6.6782897461811e-18	0.03542331110882
CC>TT	0.87957701807858	4.18908692353273e-18	1.34265587022023e-17	7.92369990849897e-18	1.24450639031924e-17	9.67230888600636e-18	1.43577103263915e-17	0.00523107353148912	1.03714551065903e-17	0.0185658257451188	0.364103383533382
CG>AT	1.05200031791441e-06	0.00196604353682424	0.000584617820565212	0.000558650189634899	0.00330798592707491	0.0149532427659917	0.000167849607501439	0.000654462187080822	0.000428537905320182	1.13652038792245e-17	0.00339680012169754
CG>GC	9.45579058556565e-06	0.000630843534859255	2.28494993249079e-17	9.82453781771719e-06	0.000200092807296239	0.00117008133049537	0.000505440847065524	2.29671512857557e-17	2.34815290586401e-05	2.91415484082679e-05	0.000309818033077904
CG>GT	2.96583837554643e-06	0.00218829193663915	2.28494993249079e-17	1.34846597498079e-17	0.0130705785411253	0.00638586760033069	5.59498691671463e-05	0.00245931442971365	0.000194505332369069	1.56444101981228e-05	0.00220232095802366
CG>TA	0.000621081448055603	7.12904482483225e-18	0.201528467018783	1.34846597498079e-17	2.11791781916381e-17	1.64604661747654e-17	2.44341457618842e-17	0.00102844057969843	1.76502826757445e-17	0.549088122639993	1.37738378561141e-17
CG>TC	2.19820961952265e-05	0.00367564661232357	0.00148624671284536	1.34846597498079e-17	6.01085247724588e-05	0.0176702112791759	0.00013163085161546	0.00183940459412467	0.000260253613733261	0.00406447912010053	0.00127846597986967
CG>TT	0.000216331740333973	0.00950539309977631	0.0147595414558189	0.000695423167097235	0.00447788338908922	0.0370856286106161	8.46005268082938e-05	0.000668689625930404	0.000162218229913439	0.0119173595332758	0.00130459521157504
CT>AA	2.38221710797209e-05	0.00270522463760545	0.000104518687031229	6.64726517083654e-18	0.46334953676794	0.00437970706143683	1.20448160439814e-17	0.0206394879820973	8.7007096554711e-18	0.00297135529196564	0.00404812852077223
CT>AC	0.000360342587812383	3.51426378156222e-18	0.0295290659476579	6.64726517083654e-18	0.20781127292811	0.00190634570754504	1.34571506686075e-17	0.0140268364926875	8.7007096554711e-18	0.00982891063500083	0.00216206864177607
CT>AG	2.45101760206514e-18	0.000494693726565233	0.115680876908351	0.000344708179573381	0.0265481386946438	0.0386157207425791	0.00167881285568766	0.0204391046036304	0.000561398339188934	0.0200358562944248	0.000456334487796142
CT>GA	7.6712550913758e-05	1.52537588600183e-05	1.7453605989681e-05	0.000639087065710427	0.0160084282016392	0.00717568076583623	0.00249157146042534	0.00558067709030497	0.00273946955892882	5.60247906195047e-18	0.0106723388274905
CT>GC	0.000216721556393128	0.000112928380510632	2.72966279722336e-05	6.85617921906283e-05	0.00482241470670496	0.00174992759820802	0.0207853020227998	0.000237454303483353	0.00299991208741852	5.60247906195047e-18	0.0056213784686178
CT>GG	9.28806670256268e-06	7.56788699242895e-05	6.07831976035982e-05	0.000879338221170661	0.000566758017076666	0.00665754577865731	0.00532956462123069	0.000306586569054456	0.0100318603566407	5.60247906195047e-18	0.00369851742125099
CT>TA	0.00671664823583464	0.00284849198601446	0.000186712994308215	6.64726517083654e-18	0.00332100311760713	8.64210054087088e-05	1.20448160439814e-17	0.0109208941264496	8.7007096554711e-18	0.00304696229685025	0.0383652180264095
CT>TC	0.00903006484971362	3.23615657582708e-05	0.00643348034735915	6.64726517083654e-18	0.000235652017626613	8.1141894218584e-18	0.0842071210154449	0.0178341206835599	2.89380587210791e-05	0.0020791926343271	0.00275088733570658
CT>TG	0.00192641383460559	0.000328672152232437	0.0529696646896131	2.92479667516808e-05	0.000869028959517553	0.0109492676535921	1.20448160439814e-17	0.000967851717995439	9.12513451671359e-18	0.0345524012322722	0.00136164322971429
GC>AA	0.00164478642220451	0.00518218447669398	2.65314708478519e-05	0.377024578129959	0.000160075664212793	9.82191105588872e-18	1.45797818756653e-17	0.0156448810059331	1.05318710121481e-17	0.00373398915574734	0.00111365961434072
GC>AG	0.000111387434921445	0.000331537392701879	0.000641177212156422	0.012988956502648	0.00320151328425586	0.00433110776681359	0.000117734964261457	0.0103328981527558	0.14478403608718	6.78158324609996e-18	0.00366394013118096
GC>AT	5.06968979502276e-05	0.000972169646907355	0.00490095225383931	0.0106210582375635	0.00188961498356455	0.00222472202229769	0.000564482705363149	0.00668242591803808	0.147119262475683	0.0070927490090789	0.0302915415100674
GC>CA	5.99618341259366e-05	0.00108132195773536	0.000291109194025043	0.0136786356089832	0.00551238001574881	0.0102834225392377	0.00108058117883803	0.00585773451617492	0.0319926015224898	9.60953091552625e-05	0.00234982178625891
GC>CG	5.36117093313496e-06	6.82456971438637e-05	1.36342280745905e-17	1.12992426921265e-06	0.000388755184516783	1.0697599511474e-17	0.00427394048346384	0.000293493116545411	0.00291903298562863	6.78158324609996e-18	0.0044991848419365
GC>TA	8.60910361495652e-07	0.000750804680087948	0.005195746374371	0.020345533636891	0.000267193965828873	0.000981007742811053	1.00639202327601e-05	0.0103814094116889	0.0163465847195204	0.00257169351167893	0.000270619286284795
TA>AT	0.000268290927742507	0.00143167365872661	0.000908945328561812	0.0178332946992689	0.00114862287744945	0.00517560245752243	0.0459281528291353	0.00600366529283433	0.00923619037615581	0.00485745082238885	0.00126741696962163
TA>CG	4.01108218704144e-06	9.83950259997568e-06	0.0020937085499286	0.000228195777566304	4.84632861127067e-06	0.000156415523512055	0.0025104097872556	1.2935732435076e-05	0.000804442387600664	0.00191962720000176	0.00033191547545248
TA>CT	0.000372950953020278	0.000145770408888529	0.0002156394434657	0.00511533979531662	0.00139431761059372	0.0157623365392456	0.0239517786259468	0.00253763172171348	0.00846154215105889	0.000756641378102883	0.00192101764902292
TA>GC	1.06785101933157e-05	4.27940271808465e-05	0.00124744910609518	4.11808318384435e-05	3.20631626753269e-05	0.000159435128213059	0.00124285861598556	0.000488339372788277	0.000345016401793175	3.46093371095207e-18	0.0005797153852081
TA>GG	3.73482222184124e-05	4.10760187903746e-05	0.0034226493061707	0.00130229981027556	0.00100120603756289	0.000131654764963814	0.00354749710920382	0.000134308800880933	0.00193662056274235	0.00401206755426157	0.000213130656326507
TA>GT	0.000610959538423534	0.000676791184125308	0.000226922902716812	0.00472816958145092	0.00117319235076388	3.77450587625615e-05	0.0216471401327286	9.46969886395522e-05	0.00463597168558014	0.00168609591046383	0.00151749027304473
TC>AA	9.20212104857545e-06	0.00119957160670944	0.0054687609376877	0.353300333662879	0.039433384675292	0.0439533924971309	0.0256358479001391	0.0381613120652969	0.00349409234545797	0.00561104437596213	0.000195984273444078
TC>AG	2.60867468257782e-06	0.000165458152649578	6.11624629460884e-06	0.0017431968969646	0.0145435007837092	0.00794615916760357	5.23180569390596e-06	0.0114090520607589	0.0442206267026794	0.000201136643635679	0.0428094680241905
TC>AT	0.00207680897059593	3.44980248274372e-18	0.00111566707654102	0.00783972508207075	0.000730103260819762	0.000570050548980256	0.00299520875976117	0.0181954709589689	0.0490498600256701	0.00229340305842897	0.0764067720431753
TC>CA	3.73150229676179e-06	0.000564212300535064	0.0652466013512831	0.0788633462477033	0.00139578564568484	0.0113242364948939	0.00354454835762129	0.0173102858852893	0.0462091345415579	0.0187034812532071	0.000254689240143917
TC>CG	2.78596325323844e-05	3.2181610690343e-06	0.000115551232927462	0.000372876341596707	1.03463831078736e-17	0.000827245072762593	0.00213196082026668	0.0107205747812303	0.0073764171737446	0.000624933778380968	0.00292621680165352
TC>CT	0.00160403944883425	0.00277142405688044	0.0193249475757999	7.71854027105182e-06	0.00102487757200635	0.00901140514297072	0.012020073581749	0.00861580138381446	0.0486710966277885	0.0194456828902391	0.0181533820102579
TC>GA	5.41996487448206e-05	0.000732152325474386	0.0774990165668676	0.0339317470853003	2.40114174012917e-05	0.00704405897224761	1.18238808682275e-17	0.00945180950895626	0.0163815169583801	0.0325084317020028	0.000212241033453265
TC>GG	0.000346979059721515	8.1653598332567e-06	0.000176315243346215	9.69478488151434e-06	3.39673709579247e-05	0.00144911839892287	0.000923413704974403	0.00187855943414219	0.00353196868524613	5.49971413040733e-18	0.00662011393707418
TC>GT	0.00430557957318668	7.08988184103445e-05	0.0432320992159647	6.52533597794236e-18	3.76764516947097e-05	7.96535278878136e-18	1.18238808682275e-17	0.000271456755928401	8.66421272654211e-18	0.0340670551397702	0.0137279306744239
TG>AA	0.00112483142004555	0.00238152592997476	6.47140358194679e-05	0.00691727120782615	0.0170867955639115	0.0237997574834249	0.0287478574026892	0.00827395411467863	0.0145502524182655	0.00102498068205471	0.00687746960055731
TG>AC	0.000194587625219558	0.000177005305606232	7.78893485012758e-05	0.000106977457735713	0.00138592897351727	0.00942657061108198	0.00333271621217015	0.00368262697589743	0.00669495791650573	0.000149416198017835	0.000760649894518855
TG>AT	0.00197871804548158	0.00345160345932152	0.000928084525674406	6.34612037415244e-18	0.0193650349724331	0.20626456485635	0.00164091752431279	0.00786264772516282	0.000686992930634563	0.00180454345432167	0.00922266038388914
TG>CA	0.00022907150816986	0.000115858018214988	0.0154034905618194	0.000728897254402651	0.000451850816023439	0.0106398915808252	0.0304014952178881	0.00484002402546519	0.0209965667807882	0.0210770675464772	0.0492753569082076
TG>CC	8.45676177114537e-05	4.77914325136826e-05	0.00046888612779375	0.00010879063498547	0.000480328808629958	0.00736392496251852	0.00133563054304529	0.00119565810905761	0.0108666442111097	0.000137145302528447	0.00274923114300694
TG>CT	0.00151893293947757	0.00247002858277787	0.00588045205724806	7.44309261025593e-05	0.000311359385831278	0.256664051291838	1.14991429610757e-17	0.0186522665012986	0.000891433186131712	0.00312546926288514	0.00490118523258107
TG>GA	0.000334165246685064	0.001182717269278	0.000506668274454817	0.00711672070529952	0.0031041011941106	0.00694392924222279	0.0104942399810701	0.000259218678043689	0.00569117468005576	1.45807111109191e-05	0.0064207283244028
TG>GC	7.2990885578138e-05	0.000218842923294977	0.000482448949672081	0.000547579529426868	0.000277185794703454	0.00522661340812468	0.00493547286382451	0.00338610376485114	0.00360072702249482	5.34866679860945e-18	0.00537549348089537
TG>GT	0.00155998518108506	0.00514924525399947	0.00997836181048679	2.92828125835891e-05	0.0785043329519714	0.0255730727468957	0.0110793733618329	0.00751829818975422	0.00307581285297512	0.00156634371835122	0.00460254670586466
TT>AA	0.00313458261816697	0.00241146730594166	0.00216929391917307	1.13481031673285e-05	0.003247833265245	0.000125265121773963	0.207876506580532	0.00238133520189994	0.000218377718437899	0.00727839871482608	0.00291357231042228
TT>AC	0.000411092802382552	0.000193029285510412	0.00163707584583557	4.16097116135378e-07	0.000637684336224932	8.30773864614886e-05	0.0353832351626438	7.51650496689089e-18	0.0042650897501361	3.71951272254216e-18	0.000635244277324772
TT>AG	0.000238662210272093	0.000120293612709387	0.01542758718915	4.41315123173886e-18	0.000589494940216216	0.0013759692132684	0.0476789093816625	0.00971159048819526	0.000587890749343085	0.00349363138311652	0.000775730992502373
TT>CA	0.000413947613510209	2.33313658138672e-18	0.00046754347202053	4.41315123173886e-18	6.93135148070579e-18	5.38704927836215e-18	0.0864235518847574	0.00418396603909236	5.78284691347282e-18	0.000647526506353492	0.00123383984634235
TT>CC	0.00309461526237978	1.66732542266964e-06	0.00549734111194169	4.41315123173886e-18	0.000510279494722436	5.38704927836215e-18	0.0313141631189398	0.000195562164625303	0.0033044839505559	0.00144564057232408	0.0024432472204799
TT>CG	4.78466344995249e-05	8.50447866596596e-06	0.0214234616862433	4.57076377572952e-18	6.93135148070579e-18	7.26927131538026e-06	0.00236183094710647	7.71605819610034e-05	1.26799965544587e-05	0.00430680420504882	6.08368557899495e-18
TT>GA	0.00106198973948826	2.68002979013007e-05	0.00828643329373566	4.41315123173886e-18	1.97378485022003e-05	5.38704927836215e-18	0.0385677263272818	0.00241459407343486	5.87250345476697e-18	0.00436201964357508	0.000431843946219822
TT>GC	0.000605219959063201	8.61637970104453e-07	0.0448006352872699	4.41315123173886e-18	3.73632851245665e-05	2.65458211427725e-07	0.00324641182617257	0.000190240745179716	2.27983776433701e-05	0.0129505301270699	3.53049223359346e-06
TT>GG	0.000919249183105428	2.33313658138672e-18	0.115201633595837	4.41315123173886e-18	6.93135148070579e-18	5.38704927836215e-18	7.99661114675749e-18	0.000357865457715689	5.77644287480895e-18	0.0425158876652255	4.48335864958061e-18
