Type	Signature_1A	Signature_1B	Signature_2	Signature_3	Signature_4	Signature_5	Signature_6	Signature_7	Signature_8	Signature_9	Signature_10	Signature_11	Signature_12	Signature_13	Signature_14	Signature_15	Signature_16	Signature_17	Signature_18	Signature_19	Signature_20	Signature_21
A[C>A]A	0.00708840239494226	0.00810181550948832	0.00972680488085549	0.0221619377238625	0.029087436528513	0.0135156839482549	0.00107800838729349	0.000309110142351917	0.0335505457532703	0.0125799351048395	0.000538818855284217	0.000157989072028854	0.00767215871806004	0.000651975567382218	7.19933551478985e-05	0.000884588919465008	0.0160674459714344	0.00167133564942865	0.039773603080802	0.00852051264787505	0.00100946189461486	9.07211670545454e-05
A[C>A]C	0.00726633225432478	0.0090412617504503	0.00705192725833618	0.0227017741346532	0.0307303953437159	0.0100748560523115	0.00221578865108244	0.000482192389966862	0.0326535761314882	0.00876534554219297	0.00096059833323715	0.000985812081746688	0.00584415593507358	0.000116233245588325	0.00377345163529706	0.00339668456612706	0.0120806357623735	0.000347623806022863	0.00754458936699453	0.0073537820020849	0.002325706480433	0.000792508177721788
A[C>A]G	0.00185411128731271	0.00243435095975581	0.00235200616102829	0.00342660691640729	0.0284824846272663	0.00389752256106624	0.000619237745123698	0	0.00302701720571098	0.00102372039787326	0.000451003796110542	0	0.00330818640589063	0.00018190619041199	0.000703034464601182	0	0.00428803035199139	0	0.00264111949068283	0.00077761772236311	0	0
A[C>A]T	0.00379280004253705	0.00496492702510287	0.00326040601587549	0.0151082440691093	0.0184207757047579	0.00793832076147358	0.00114608248681426	0.000294037222616547	0.0260172914404973	0.00678102154389006	0.00673630323926781	0.000150285162400921	0.00435987202865518	0.000177195355109434	0.0202709070168543	0.0036894536193217	0.00835396595597182	0.00282637775751377	0.013695962640871	0.00560534985778496	0.00214206986783474	0.000517784368839264
A[C>G]A	0.00113920752775858	0.00397300568253755	0.00444653937410538	0.0199457439514763	0.00773008587196097	0.0106129867244686	0.000824359354989138	0	0.00774944670931517	0.00503197404193582	0.000384870610917298	0.000552961752100987	0.00308879117220599	0.00167650860183999	7.19933551478985e-05	0.000748498316470393	0.00479029445111087	0.00148563168838102	0.00111366088626246	0.00461859564090425	0.000388254574851869	0.000453605835272728
A[C>G]C	0.00205352868057005	0.0041803683362297	0.00358376631161347	0.0125608801049604	0.00537036035132898	0.0082636459754915	0.000949623707606758	0	0.0042096944838504	0.00300899921597669	0.000288179499971145	0.000295743624524007	0.00186515614949156	0.00162726543823655	0	8.49171141531764e-05	0.00298902328141202	0.00185399363212194	0.00168760551630141	0.00188813321675153	0.00213189760706358	0.000905723631682044
A[C>G]G	0.000741644514925083	0.00182576321981687	0.00036184710169666	0.0068532138328146	0.00482490176746042	0.00407468267747834	0	0	0.00142447868504047	0	0	0	0	0.00127334333288393	0	0.000797376791374878	0	0	0.00419471919108451	0	0	0
A[C>G]T	0.00180609525835098	0.00400158297545604	0.00546338305362922	0.0182704346882252	0.00409350571216843	0.0100954731423088	0.0010857623559293	7.35093056541367e-05	0.00702466868893427	0.00378939439217386	0.000146441374766692	0.000676283230804145	0.00236949566774738	0.00124036748576604	6.84827939758592e-05	0.000647272564793278	0.00692999448620389	0.00105989165906767	0.0032537369809804	0.00545385391568266	0.000443186869207187	0.00155335310651779
A[C>T]A	0.0187969242080165	0.0206440491347539	0.00685508153507913	0.0170831603288106	0.00956299283129196	0.0198653341252873	0.0197846245197393	0	0.0208779211345079	0.00974944970625061	0	0.017773770603246	0.0120562494140944	0.00121081176799555	0.0210940530583343	0.00796130027518506	0.0134727031437493	0.00882093814976231	0.00278415221565614	0.0175984420110317	0.0229846708312306	0.00462677951978182
A[C>T]C	0.0113733896154649	0.0160409482669279	0.00416179313606726	0.010947556054782	0.00745883382129025	0.0144896806145604	0.0128990553616585	0.0189983801646944	0.00728163370179528	0.0073262589606389	0.00307391466635888	0.108340747783962	0.00671456213816964	0.0018597319294132	0.0288399517840561	0.0143509922918868	0.00946524039113805	0.0049826078863277	0.00138979277813057	0.0201732127895032	0.02160968938069	0.00701935814553585
A[C>T]G	0.211368686753649	0.102394887244729	0.00868433044071983	0.00360695464884979	0.00435797578996424	0.0294085793244089	0.112453574514463	0.000150927181393849	0.0521715318396071	0.0255930099468313	0.0189421594366427	0.0111082014382708	0.00369738480658363	0.00727624761647962	0.0697410188884374	0.0410649047558062	0.00682186646907722	0.0170464215048121	0.013982397303615	0.0572326643659249	0.0517148362875027	0.0453589289904692
A[C>T]T	0.00764580326035243	0.0140796438025305	0.00405347774946683	0.0129122783613899	0.00447253401885068	0.0142372057135124	0.00898769950185918	0.00316090014312788	0.0180386553987448	0.00757878878434771	0.00344137230701725	0.0480161093870943	0.00635024838956298	0.0010631721306566	0.018969733931313	0.00427199892763566	0.00958807456310402	0.0051228096854937	0.00363207849039673	0.0201489602996054	0.013443335032618	0.00258892184419632
A[T>A]A	0.00140580382461833	0.00198994571890961	0.00108027565238742	0.00497396369390402	0.0021241648097482	0.00438233325122738	0.00021128022809628	0.000429128789950879	0.00572090323556914	0.00704396052124765	0	8.77326881471495e-05	0.00320914422354904	0.000103442180070094	0	0.000793508942922892	0.00448890463712761	0.00030936901191444	0.00128102414998979	0.000486417309428665	4.31202197718615e-05	0.00418139416665052
A[T>A]C	0.00125976296442913	0.00845796864519201	0.00201153670352343	0.00735216043193756	0.00281198503987262	0.00599115332303588	0.00189331542432027	0.0005593441051198	0.00775381506735278	0.00398365995297033	0.000139286990593379	7.14714951119906e-05	0.0058597086745944	0.00050561546146995	0.000521096570994138	0.00554085093837827	0.00659143004051885	0.00159617530442554	0.000575772253950655	0.00381850736001445	0.00133486084133628	0.0239677515718377
A[T>A]G	0.0015776547873554	0.00554833409567705	0.00239167690705696	0.00649452192169011	0.00709473521259557	0.00920619602356312	0	0.000619183508296054	0.00852245421552366	0.00634643263796341	0	0.000492287376940688	0.0040804521797947	0.000497517244717485	0	0.000545210560657684	0.00710778964714673	0.000909300571664403	0.00311602701973606	0.0031902011619068	0.000138261154962589	0.00218070038334467
A[T>A]T	0.0030288139050096	0.00404255257370692	0.0013353191297162	0.00527103427369598	0.00137847214912281	0.00570088675754759	0.00193781915778368	0.00155950030933024	0.0138777753940655	0.011182348942632	0.000532586492977591	0.000136641450746404	0.00344700775944425	0.000698137216855583	0.000373593301049838	0.00309948394489074	0.00483352996537095	0.00107074319850288	0	0.0015151654014526	0.00237293916372557	0.00224926818875789
A[T>C]A	0.00492031338616415	0.0139296200323672	0.00262352658436946	0.00707636071916242	0.00371728841705935	0.0177308195911728	0.0026410028512035	0.000214564394975439	0.00830290381091449	0.0146700665401191	0.00132507611872263	0.000263198064441448	0.0257838139340319	0.00155163270105141	0.00103944173393401	0.00434540611600633	0.0397351188249444	0.00139216055361498	0.000839291684476068	0.00641186453337791	0.00711483626235713	0.0133502343874986
A[T>C]C	0.00360750303450159	0.0081055532849757	0.00150865252764257	0.00743570770957322	0.00144204361019109	0.0113257418983418	0.00321289890187683	6.99180131399751e-05	0.00618655457501551	0.00995914988242578	0.00362146175542785	0.00107207242667986	0.0285773484591758	0	0.0029963052832163	0.00449424576112904	0.0154401991360099	0.00688875657699441	0.00100760144441364	0.00345827081661686	0.01454295758719	0.0135434212649083
A[T>C]G	0.00574717101108042	0.0125531058914693	0.00206179043711807	0.010522769695903	0.00574673552220244	0.0230154900589077	0.0122505774303469	0.000481587173119153	0.00689912960304294	0.0164260609453171	0.00178172921094235	0.000562614145075072	0.0431995698165221	0.000663356326289981	0.00224328300101958	0.00442226343644566	0.0309188849650883	0.00371986597499073	0.00247865785660824	0.00957060348572037	0.0400957349391509	0.0180917365136743
A[T>C]T	0.00335723950916727	0.0137895960014225	0.00368548079801671	0.00931748482724037	0.00165416657894737	0.014173764323811	0.000840940389226877	0.000490128668646647	0.0104083315455492	0.0149299469666491	0.0017752883099253	0.000136641450746404	0.0143625323310177	0.000698137216855583	0.00103775916958288	0.0024717403611154	0.0285983856284448	0.00165965195767947	0.00247675385692089	0.00734625649189142	0.00358179496411407	0.00988631831802889
A[T>G]A	0.00056232152984733	0.000432596895415133	5.14416977327345e-05	0.000410223809806517	0	0.00166226433667246	0	0	0.00273388296213039	0.0195018741703965	0	0	0.000663960873837734	5.17210900350469e-05	0	0	0.00288176593988439	0	0	0.000619076575636488	0	0
A[T>G]C	0.00103071515271474	0.000634347648389401	0.000419070146567382	0.000835472776356541	0.000144204361019109	0.00180555305625739	0.000975344309498322	0	0.000659899154668321	0.00483730137146397	0.00278573981186758	0	0.000901493642245293	0	0.00130274142748535	0.000369390062558551	0.00379232961235331	0.0054605997256663	0.000791686849182153	0	0.000281023335018163	0.00254452157098277
A[T>G]G	0.000788827393677703	0.00256610451925064	0.00140201749724029	0.0066589401981886	0.00106421028188934	0.00444158580084185	0.000395179917107963	0.000619183508296054	0.0049511400680661	0.00485315437020731	0.00102792069862058	7.03267681343838e-05	0.0015966986790501	0	0.000448656600203915	0.000726947414210245	0.00541968960594938	0.00289322909165946	0.00198292628528658	0.000708933591534843	0.000483914042369062	0.00129226689383388
A[T>G]T	0.00116773548144948	0.00161702102948277	0.000320476591131888	0.00340753730824791	9.18981432748541e-05	0.00193516339476386	0.00106031614293824	0	0.00220782790360134	0.011665909977989	0.00608036246149418	0	0.00172350387972212	0	0.00232458053986566	0.0011377852455928	0.00437319377819277	0.0163823709370941	0	0.000780539752263458	0.000179089748205704	0.000941554125526558
C[C>A]A	0.00491193930711239	0.00812155833037225	0.00654573754813692	0.0207513362009939	0.042556054639382	0.0101922799008495	0.00741894993747499	0.0010741930993236	0.031999430351679	0.0119006608500313	0.00276410341165349	0.000640535111290012	0.0155814715243835	0.00377614944455751	0.0046701226771815	0.00835510392497157	0.0183808649759552	0.00107557084106347	0.0889201307602359	0.0103311298157944	0.0160108514461521	0.00210177621200211
C[C>A]C	0.00670678821335108	0.00524323592605755	0.0015918959679837	0.0212899624864626	0.0700702209651514	0.00649492731602167	0.0218848106175537	0.000663983130978417	0.0265033236475026	0.00855705930915043	0.000992064218847304	0.00192308511181459	0.0159807592150644	0.00146716344500835	0.0105158677867963	0.00818521253167575	0.0142913581788016	0.000531867795529953	0.0249471867227013	0.0181314110534765	0.0416994548068474	0.00181881780011044
C[C>A]G	0.00143042786120256	0.00254322903174124	0.00139580665762649	0.00417409283286888	0.0176111763706501	0.0063782700172198	0.0144913124641595	0	0	0	0.0013531186969178	0.00198376472143101	0.00700612683081467	0.00327457111608733	0.00162715165874757	0.00256320010307127	0.00551361913669228	0.000699528698710886	0.0383547600287824	0.00359954463265873	0.0257403008599927	0.00615128009326962
C[C>A]T	0.00571205987817371	0.00943875332193842	0.00125983346526417	0.0179240311979497	0.0425633577411503	0.0124484215959869	0.0447660604688502	0.0012420416697868	0.0333643779141806	0.0117944609637397	0.0152266469392534	0.00136730259652801	0.00874630771194153	0.00126667592552314	0.111883808620541	0.0191810571806172	0.0103642960190649	0	0.0397324958296793	0.00945132573412272	0.102147503225042	0.00628110720220332
C[C>G]A	0.000953062850633746	0.00189503027708686	0.00450690126265166	0.0163657445296498	0.00969281070962064	0.00798570383984086	0	8.95160916103002e-05	0.00570286877554675	0.00218583566633228	0	0	0.00219294784417249	0.00561027917477115	0	0.000709395616271174	0.00462411697508308	0.0020435845980206	9.21452132230424e-05	0.00018448446099633	0	0.000105088810600105
C[C>G]C	0.000634425912073751	0.00345830454697413	0.00238784395197556	0.0163972381883315	0.0110697254619213	0.0100021880666734	0	0.000442655420652279	0.00509177153819016	0.00300247695057909	0	0.000226245307272305	0.00271102165255556	0.000533513980003038	0	0.00029232901898842	0.0071456790894008	0.000930768642177417	0.00444264969034408	0.0031929528899204	0.000667191276909559	0
C[C>G]G	0.000794682145112533	0.00234759602929962	0.000465268885875497	0.00672492734184431	0.0126080012653518	0.00592267930170409	0	0.0011643877406703	0.00251847454490444	0	0	0.00158701177714481	0	0.000233897936863381	0	0.000683520027485672	0.00701733344669927	0	0.0115863337586947	0.000399949403628747	0	0
C[C>G]T	0.00109546353827989	0.0035636109480788	0.00503933386105667	0.0248881452302741	0.0092614713603429	0.0106540545190879	0.000156798810749038	0.000286625000720029	0.00777750701377858	0.00505476898445986	0	0.000195328942361144	0.00234056121868858	0.00472124663149534	0	0.00143016654416883	0.00987075811339515	0.00103317343579862	0.0057041701933698	0.000787610477843561	9.60032925047385e-05	0.000336487885832321
C[C>T]A	0.0154689431910554	0.0223794051770258	0.0145937755171577	0.0163657445296498	0.0193856214192413	0.0240621865700468	0.00624367073945918	0.0674951330741663	0.00559726009451811	0.0119006608500313	0.00106997551418845	0.0283665549285577	0.0215832235189608	0.00582605914303159	0.00500370286840876	0.00401990849220332	0.0242766141191862	0.023232330166971	0.00608158407272079	0.0404020969581963	0.00989434639930748	0.00357301956040358
C[C>T]C	0.0168576028065311	0.0204151526482666	0.0080921378372505	0.0129591076004555	0.0164334068713059	0.0228621441523962	0.0089900259383312	0.111438502149211	0.00326395611422446	0.0103585454794979	0.0026455045835928	0.17172018821968	0.0134124229126433	0.00266756990001519	0.0172171560823036	0.00857498455699366	0.0140055310152255	0.00518571100641704	0.00398699331184725	0.0858676259325023	0.0206829295841963	0.0118223157007178
C[C>T]G	0.150989607571381	0.0874479520914105	0.0113990877039496	0.00510166901795083	0.0152096523201069	0.0293856011507627	0.14347991791437	0.0403654416765705	0.0297637900761432	0.0200080082176813	0.0210699911377199	0.0267808237393185	0.011510065507767	0.0100576112851254	0.0529728262236711	0.0264864010650697	0.00400990482668529	0.0312456152090864	0.0373559381530331	0.0475939790318209	0.0902860552892169	0.0724484099873978
C[C>T]T	0.0134585520417244	0.0217669209261029	0.0117966224474736	0.0188373576284185	0.019803784504563	0.0229903281727686	0.00682074826758314	0.0752868335224611	0.0182602338584366	0.0125721177305797	0.00409216136492434	0.0796942084833469	0.0252534236753241	0.00380002777656942	0.0165555993662853	0.00807623460236515	0.0260341245240797	0.0112501107453628	0.00186860747713838	0.114105067977586	0.0134404609506634	0.00448650514443095
C[T>A]A	0.000612525337362764	0.000879608701518621	0.000224137555372003	0.00528770610029751	0.00482043597258602	0.00365792026667623	5.11429399269493e-05	0	0.00691181483672217	0.00465020731899688	0	0.000254841125833778	0.00136611810210162	7.51183002153901e-05	0	0.000878072946113942	0.00434637509175357	0	0.000192468054734689	0.00276161335656169	0	0
C[T>A]C	0.00146496442189534	0.00417584934789734	0.0018056934523795	0.0149620556261059	0.0107765239534959	0.00685151455032598	0.00200858262726325	0.00131802738895641	0.0146611770110992	0.0062580116941063	9.37751744010795e-05	0.00105860239772695	0.0104392293810173	0.00113468788140794	0.00298204687847116	0.00356459122709654	0.0155623105477726	0.011651223466692	0.00222892729588149	0.00514163156389111	0.00435158573831044	0.00408934251902114
C[T>A]G	0.00123332722893705	0.00283376453829962	0.00385112489234677	0.0137959321111662	0.0354075119173534	0.0123736485935455	0.000659052368623289	0.000702761601050827	0.0143315730102093	0.00694582841471294	0.000300001011753342	0.000615750853795542	0.00401277923225522	0.000484005160385989	0.000187059224331788	0.00238681427519757	0.0168547006765457	0.00542825705125703	0.00671730406483915	0.00217249088146955	0.001210555048574	0.002946492614637
C[T>A]T	0.0014331729775564	0.00481111623756999	0.00238378181737206	0.0154927917060519	0.00943313421604011	0.00915004909069687	0.000717978588232851	0.0014317637351698	0.019237614627999	0.00744546514045612	0.000713071113424263	0.000325239011948497	0.0055381689774376	9.5869148518986e-05	0.0014820675502723	0.000490277284364208	0.00986138227292796	0.030105601909023	0.00311138760205029	0.00180322623704271	0.00199816880825535	0.000933800748264605
C[T>C]A	0.00214383868076967	0.00502633543724928	0.00127011281377468	0.00573455450313956	0.00334216894099298	0.0104616519626941	0.00317086227547086	0.000623254947889806	0.00448532664936225	0.0130205804931913	0.000310403936572858	6.37102814584446e-05	0.0250722851679827	0.000600946401723121	0.000348382342705781	0.00175614589222788	0.0117513104332597	0.00561648891646043	0	0.00423875538449005	0.0092687413697826	0.0160237888843849
C[T>C]C	0.00408647970318174	0.00930075536577131	0.00214426097470066	0.0156370355791633	0.002524230835954	0.0139240456990495	0.00309012711886654	0.000753158507975092	0.0119955084636267	0.0150703138756029	0.00178172831362051	0.000384946326446163	0.0467337594382752	0.00124815666954874	0.00464848483996975	0.0041448735198797	0.0235866269239678	0.0454737071224291	0.00329493600260742	0.00679083414098826	0.018541539232801	0.0110522770784355
C[T>C]G	0.00583774888363535	0.0120434992877734	0.0013238241817442	0.0106768518077721	0.0103530736600448	0.0222725674683819	0.022243017441036	0.00100394514435833	0.00959386292418972	0.0209736779581528	0.00150000505876671	0.000102625142299257	0.0537194639156747	0.000484005160385989	0.0014964737946543	0.0113152676750107	0.02463379329649	0.0349821009969898	0.0025835784864766	0.0041380778694658	0.079694874031122	0.0248683976675363
C[T>C]T	0.00442980738517435	0.0127494580295604	0.00343264581701576	0.0111205928196815	0.00442947171883624	0.0178332589420724	0.00215393576469855	0.0035794093379245	0.011167200686497	0.0296739552699338	0.00158460247427614	0.000731787776884118	0.0332290138646256	0.000383476594075944	0.00200079119286761	0.00245138642182104	0.0270160785185421	0.0982493928967483	0.00073690758995928	0.0043441359346938	0.00879194275632358	0.019049535264598
C[T>G]A	0.000153131334340691	0.000565462736690544	7.47125184573347e-05	0.00052132313664905	0	0.00146316810667049	5.11429399269493e-05	0	0.00205883846200234	0.0182626323800605	0.00136577732092057	0	0.00104467854866595	0	0	0	0.000160976855250132	0	0	0	0	0
C[T>G]C	0.00161917120314748	0.00218283034094634	0.00135427008928462	0.00641230955404536	0.001262115417977	0.00386779047195822	0.00309012711886654	0.000753158507975092	0.00133283427373629	0.00817372955964904	0.00168795313921942	9.62365816115404e-05	0.00594793301941685	0.000226937576281589	0.0017541452226301	0.00157505193755429	0.00996960519466679	0.0220581415146112	0.00232583717831111	0.00106713107929815	0.00860857178665761	0.000552613853921776
C[T>G]G	0.00131554904419952	0.00323858804377099	0.00168486714040172	0.0115166041971475	0.00476241388362063	0.00848478760700263	0.00411907730389556	0.000903550629922492	0.00710656512902942	0.0171602819657614	0.00370001247829121	0.00112887656529183	0.00582500211133821	0.000121001290096497	0.000467648060829469	0.000618803700977147	0.00868665342560437	0.0161641432192987	0.00661396092538008	0.00134487530757639	0.0168468910926549	0.000471438818341921
C[T>G]T	0.00182403833507179	0.00569315421445782	0.0010488639996437	0.00988497139527245	0.000984327048630279	0.0108306703522534	0.00561328714436591	0.00103405158651152	0.00722583573832158	0.0549237935723501	0.0144198825159129	0.000731787776884118	0.00646119714034387	0.000575214891113917	0.00466851278335777	0.00315178254234133	0.0191064281537978	0.247630522369139	0.00171945104323832	0.00155733175017325	0.00135875478961364	0.00298816239444675
G[C>A]A	0.0061933090813064	0.01552208422696	0.0101572975392335	0.0116491593776391	0.0353276500808784	0.0127266189669859	0.00179431538587669	0.000273330968047549	0.0286996997137123	0.014584565087894	0.00127053636995137	0.000372538674359571	0.007283378235534	0.000988302994728371	0.00152784479778058	0.00192541213824524	0.0112955277329747	0.00722519259483722	0.131863492059177	0.00300432040209435	0.00109860644996716	0.0001069603830089
G[C>A]C	0.00509302270094081	0.00724170935091862	0.00552670950723327	0.0149899307875394	0.0441166734066976	0.0117044762627618	0.00510291682291423	0.000107218700988675	0.0145467805818199	0.013381421769644	0.00234955006269421	0.00109600952880121	0.00774162548976426	0.000516904781700694	0.011387136914303	0.00934653452859134	0.0130156572407027	0.00167475699869484	0.0167758987543897	0.00342500270648958	0.00366304936864501	0.00478310045954114
G[C>A]G	0.000929052139021049	0.00285889868828897	0.00249305630103789	0.00225920158811147	0.0442585251469418	0.006213957617307	0.00325799947061834	0	0	0	0.000376645893507295	0	0.00365659287627789	0.000455744853234711	0.00193750840463008	0.0021642129491549	0.0087898602276431	0.00295320109078018	0.0188779643470678	0	0.00778912960786813	0.000665868360483095
G[C>A]T	0.00369488963580014	0.00818639404230892	0.00324491470241515	0.0161729361878504	0.0266741694776366	0.0122389374321258	0.00715733075183739	0.000100256347809075	0.0240107886155336	0.0115604488499004	0.00878791875328483	0.000614903434801884	0.00349019131739224	0.00120834763666444	0.0687430574469916	0.0272781704125326	0.0081568060836107	0.00373431957791048	0.0792583025863654	0.00743828920984776	0.013499260926008	0.00270704253958446
G[C>G]A	0.00044770909021492	0.00211247300130225	0.00273045632775093	0.0120846419711957	0.00657695613207842	0.0059889971609345	0	0	0.00354715389720039	0.00135957810141385	0	0	0.00140968611010336	0.00109811443858708	0.00016976053308673	0.00176496112672481	0.00364751416377309	0.00142314399595278	0.000844076407206678	0.00187770025130897	0.00128170752496169	0.0004278415320356
G[C>G]C	0.00210745766935482	0.00313447121159164	0.00295614694572941	0.011530715990415	0.0100616974436328	0.00679614750741005	0.00263943973599012	0.000428874803954702	0.00316234360474347	0.0042180568621704	0.000213595460244928	0.000219201905760242	0.00152067643548941	0.00142148814967691	9.98871659149389e-05	0.000472047198413704	0.00443086203938816	0.00025765492287613	0.00033110326488927	0	0.00204699817659574	0.0052865847184402
G[C>G]G	0	0.000381186491771862	0.000226641481912536	0.00248512174692262	0.0120882315379312	0.00244119763537061	0	0	0	0	0	0	0	0	0	0.000998867514994572	0	0	0.000973090945725145	0	0	0
G[C>G]T	0.000738977927160028	0.00363839735213729	0.00468709901459966	0.0196471224800553	0.00620329522735734	0.00717860753230453	0.00139855888254294	0	0.0052043088624802	0.00598423234583078	0.000399450852422038	0	0.00116339710579741	0.00157085192766377	0.000280202679811108	0.00158901963568151	0.00375472026070969	0.00216831459362544	0.00154801372238995	0	0.00120888903814998	0.000470790006884254
G[C>T]A	0.0186545454256217	0.021216576665253	0.00600700392105207	0.0197055873584362	0.00817421690701175	0.0216031683305138	0.0488203311240617	0	0.00386962243330953	0.00766307657160535	0	0.0243081485019621	0.014566756471068	0.0041728348666309	0.0472783084646544	0.0381873407418639	0.0147077184023109	0.00229892491653912	0.00300116055895708	0.0351129946994777	0.0498950429360086	0.0174345424304507
G[C>T]C	0.0238845202526879	0.0274536444049751	0.00372731571418057	0.0125556685228963	0.00884544830209478	0.0229055341916413	0.0680095638640121	0.0225159272076219	0.00316234360474347	0.010036066327233	0.0143108958364102	0.106860929058118	0.0127183847331841	0.00297220249477899	0.0617302685354322	0.126980696373287	0.012738728363241	0.000386482384314195	0.00562875550311758	0.0678371503801486	0.0569927387062708	0.0493414573721085
G[C>T]G	0.158867915772599	0.093390690484106	0.00453282963825072	0.00203328142930032	0.00448434395761965	0.0295162986822082	0.207736251959904	0.00037813054067969	0.0394805807999696	0.0225703515231886	0.0508471956234847	0.0173939436266589	0.00560677574362608	0.00729191765175539	0.172262110884383	0.304488114154178	0.00219746505691078	0.0172648679153302	0.0260788373454339	0.0541608211120602	0	0.0042171662830596
G[C>T]T	0.0145332325674805	0.0233463830095477	0.00492746306663042	0.014016544696137	0.0084778368107217	0.0230656897759294	0.043108520850147	0.016141271997261	0.00626882658435116	0.0137365333392934	0.0151791323920374	0.0534965988277639	0.0148656296851892	0.00290003432799465	0.0518374957650548	0.0706230949191781	0.0150188810428388	0.00108415729681272	0.00165121463721595	0.0947348778531999	0.0495644505641488	0.0195377852856965
G[T>A]A	0.00040295368319669	0.00120454957939536	0.000337029289712884	0.00377951219543264	0.00500136353938087	0.00552781259077449	0	0	0.00522419126446848	0.00286052111741702	0	0.000215548525374727	0.00135939247469349	0.000169429888650385	0	0	0.00272313376854718	0	0.00151939598554984	0.00188313755522443	0	0
G[T>A]C	0.000435504158526726	0.00321634202929032	0.00152986853331037	0.00787916397869168	0.00570305931924948	0.00499348456269034	0.00244356114510816	0	0.00690091091259051	0.00418395604772026	0.000105934325550737	0.000326144657094118	0.00534790177077573	0	0.00247699074227512	0.00355855514591876	0.00549380100603162	0.00332243490408787	0.00164213232872419	0	0.00427463000418693	0.017729191615222
G[T>A]G	0.000918372930376175	0.00188402426927949	0.00156825408610214	0.00960290045225431	0.0128165670020666	0.00745878620734414	0.000460078518328606	0.000560676045170053	0.00683519559830931	0.00354946316156864	0	0.000382088996546638	0.0022892221618423	0.00045050618667112	0	0.0021393358936429	0.00615458303543919	0.0040420451426298	0.00134666773170093	0.00154066926033142	0.000751180060771289	0.00340077429548893
G[T>A]T	0.00122176334484803	0.00157546640434039	0.00161797557638429	0.00746993144727132	0.00329657190925098	0.00425264755141859	0.00122413684213371	0.000710379989555517	0.0116494125696702	0.00346926209553263	0.000283036334928035	7.26163654701229e-05	0.00283939624103668	8.56191154247715e-05	0.000595624260530738	0.0026897013065497	0.00302741785329483	0.00332884239858456	0.00285185206676104	0.00380647294254395	0.00128486215745188	0.00341924279777705
G[T>C]A	0.00650482374303228	0.00821927948293301	0.00109534519156687	0.00680312195177875	0.00442149530293092	0.0135307651475674	0.00703655032297132	0.000140575620213697	0.00563880961879137	0.00867691405616498	0.00448075778152653	0.000718495084582422	0.0519287925332913	0.000677719554601541	0.00510756338815558	0.0120686725167095	0.0146141512245365	0	0.00028940875915235	0.00282470633283664	0.000141254834915043	0.117667060093002
G[T>C]C	0.00609705821937417	0.010613928696658	0.00101991235554025	0.00813333055864947	0.00175478748284599	0.0119843629504568	0.00514893241290647	0.000106351893084592	0.0071518531275938	0.0139946116078919	0.0106993668806244	0.00173943817116863	0.0375724380818602	0.00128181468277986	0.0125831129707576	0.0467294478371963	0.0135971574899282	0.0125230238692542	0.00273688721454031	0.00328772257345618	0.00138925475136075	0.0830275522825536
G[T>C]G	0.00382655387656739	0.00951432255986143	0.00112018149007296	0.00770465268843659	0.00404733694802101	0.0155757006094539	0.00881817160129832	0.000280338022585026	0.00584298978565151	0.0119160548995519	0.00502627205566254	0.00181492273359653	0.0493990045450179	0.00011262654666778	0.00713861159764245	0.0126714510623464	0.0178603586126471	0.00527711449176668	0.00634857644944724	0.00577750972624286	0.02694858468017	0.0969769186197489
G[T>C]T	0.00622517513803521	0.0103837558467889	0.00144766235781752	0.00730016027801516	0.00175817168493386	0.0130914836386808	0.00244827368426742	0.00575407791539969	0.00595041937011935	0.0121424173343642	0.00877412638276908	0.00167017640581283	0.0370953379877373	0.000599333807973398	0.00569152071173816	0.00587981215850398	0.0130270707626626	0.00699910453035727	0.00350997177447513	0.00724693887138173	0.00049966861678684	0.0836463542968385
G[T>G]A	5.75648118852415e-05	0.000354279288057457	0	0.00302360975634611	0	0.00132007464854316	0	0	0.000165847341729158	0.00686525068180085	0	0	0	0	0	0	0	0	0.0011576350366094	0	0	0
G[T>G]C	0.00017420166341069	0.000964902608787089	0.000637445222212655	0.00584583133902931	0	0.000374511342201775	0.00139632065434752	0	0	0.000865646078838675	0.00211868651101474	0	0.000548502745720589	0	0.00188251296412909	0.00206021613711086	0.00439504080482529	0.0116285221643075	0	0	0.00331283825324487	0.000749120772474167
G[T>G]G	0.000918372930376175	0.00442745703280682	0.00190430853312403	0.0197641090703373	0.00173457297772329	0.00658128194765659	0.000766797530547679	0.00158858212798182	0.00639421523712806	0.00633832707422971	0.00083771200927709	0.000955222491366596	0.00132533914632975	0.00033787964000334	0.00104467486794767	0.00304443954095336	0.000965424789872815	0.00538939352350639	0.0113504851671935	0.00414054863714072	0.00281692522789234	0.000438809586514701
G[T>G]T	0.000465433655180203	0.00157546640434039	0.000425783046416917	0.00585710533933774	0.000146514307077821	0.00275171312150615	0.00204022807022285	0.000639341990599965	0.00628565426421058	0.017828152435376	0.00212277251196027	0	0.0029309896681669	0.000941810269672483	0.00251485798890756	0.0118847267033591	0.00403655713772644	0.0540296727770263	0.00233998118298342	0.00183003506853075	0.00256972431490375	0.000667169326395521
T[C>A]A	0.00743655188577926	0.0098917559930338	0.0216819053644413	0.0120752230351841	0.0249198893904204	0.0127213458836472	0.00102150789163734	0.000732272711231837	0.0247079884582265	0.0220531034861088	0.0272794703146214	0.000673688522255426	0.00623146808935772	0.0312432446272982	0.000341100223782427	0.00367529822346074	0.011537199146129	0.00158373772930709	0.0486941775935918	0.0038483247169258	0.000515067566811531	8.59662959742241e-05
T[C>A]C	0.00891291552112953	0.0115533246501323	0.0159320256563191	0.0201393543279133	0.0534325456626652	0.0136788042703983	0.00229182906097247	0.00192616845097021	0.0188612670510863	0.00561793378342221	0.00988081971686145	0.00246120657692285	0.0122934294691494	0.0195008511978022	0.0148940054179427	0.00525776096700353	0.0180343286645811	0.00150433835897168	0.0388617187003662	0.00625220922590601	0.0040644976199158	0.000565313866721076
T[C>A]G	0.00304374473835843	0.0055383191409809	0.00542361667278782	0.00308934579270222	0.0173298967122076	0.00739718392267174	0.00145853197482632	0.000323171690689389	0.00343142354039265	0	0.00498949382572006	0.000165176060317956	0.0039584986880355	0.00759535257935811	0	0.00355703552155187	0.00834701154787212	0.00427133764444833	0.0261140742309808	0.00299712256669392	0.00178603231922311	0
T[C>A]T	0.00992505771583542	0.0150540508671476	0.0140586353301574	0.0169100956876201	0.0298322019293183	0.0167947618826261	0.00372110747573777	0.00101640693102264	0.0429841842221668	0.0341526201755824	0.240098403015664	0.000319689259506518	0.0049396244929166	0.0172446892382846	0.0375848755997749	0.00998245007245474	0.0158522760465449	0.00460318313568414	0.0905416605573597	0.00700926052086875	0.00950611249803462	0.000367146693689523
T[C>G]A	0.00113947165991779	0.00147638149149758	0.112447452517609	0.0153127828344726	0.00241647412270743	0.00232078607336806	0	0.000146454542246367	0.00457875310589512	0.00327816403171888	0	7.48542802506029e-05	0.00226598839613007	0.200080326469166	0	0.000580310245809591	0.00472836030579058	0.000351941717623797	0.0016583156456022	0.00037728673695351	0	0.000171932591948449
T[C>G]C	0.00165638253047541	0.00349512342356943	0.0391373673731319	0.0205996824268371	0.0104282849341633	0.00904383753414762	0.000158057176618791	0.00096308422548511	0.00556748244279056	0.00326624057175709	0	0.00108293089384605	0.00335275349158618	0.0691815911541076	0	0.0022048675022918	0.00795997954850477	0.000694310011833083	0.00832751115007847	0.00109165557912645	9.67737528551383e-05	0.000339188320032645
T[C>G]G	0.000397010183264143	0.00130313391552492	0.0106535327501189	0.0038616822408778	0.00516564228921573	0.00246572797422392	0	0.000484757536034084	0	0	0	0.00049552818095387	0	0.0206437788054348	0	0	0	0	0.00232864356199828	0	0	0
T[C>G]T	0.00204904417359183	0.00543837439703238	0.139367938239628	0.0282146347937086	0.00403137863909706	0.00614890189145327	6.41570254437547e-05	0.000547296039781423	0.00959303682211452	0.00519713785280601	7.78781715911982e-05	0.000639378519013035	0.00151212994681121	0.247739278729237	7.28389062011141e-05	0.00103266724887463	0.0170639149800387	0.00263039036324807	0.00265588870968255	0.0084594523527726	0.00039281456603449	0.000275360020267142
T[C>T]A	0.00869596793095154	0.0169045680776473	0.185744581988494	0.00927517131688052	0.00264301857171125	0.0095410094127354	0.00444656376359786	0.0880191798900665	0.00552906035428845	0.00496691519957406	0.00269877112738233	0.022605992635682	0.0130294332777479	0.133710496074454	0.00627624411759666	0.00722163861451935	0.0162655594519196	0.0144296104225757	0.0123619893581254	0.016449701731173	0.00787317566411912	0.00550184294235035
T[C>T]C	0.0140398138297439	0.0227183022532013	0.0591101241741697	0.0163416475117925	0.00695218995610885	0.0235139775887839	0.0052949154167295	0.27804241589755	0.00749905798416686	0.0109745683211038	0.020241290876289	0.156434290029217	0.0117967252481736	0.035519407538854	0.0253915875498663	0.0132292050137508	0.0162930831383457	0.0196721170019373	0.00475857780004484	0.0327496673737934	0.00754835272270077	0.0097233985076025
T[C>T]G	0.100311239638074	0.0622246444663149	0.0515243583914843	0.0019308411204389	0.00183296984456043	0.0140356823148131	0.0518441820142811	0.160293158581938	0.0179196562664949	0.0103025578890242	0.344596976802151	0.0132140848254365	0.00208342036212395	0.0420665681318296	0.0141504521831939	0.0147972677696558	0.0075123103930849	0.0320350323333624	0.0221221138389837	0.0149856128334696	0.0396174441718583	0.0239017238458914
T[C>T]T	0.00883650299861478	0.0210441444059079	0.0977543776623618	0.00850176081532279	0.00620832310420948	0.0108294093013654	0.00301538019585647	0.0659882653679317	0.0133749071077558	0.0101821476299873	0.0305282432637496	0.0762458883923046	0.00907277968086724	0.0706749558946092	0.0166801095200552	0.00523218072763146	0.0194871928470265	0.0188824451076022	0.00120722214076479	0.0215111788399075	0.00769916549427598	0.00587434709903237
T[T>A]A	0.00215421428377637	0.00212127785092314	0.00114658636093346	0.00377169264368853	0.00221932532353721	0.00494003814207169	7.84872449611855e-05	0.000478243564391979	0.0108330031599503	0.0139486277835598	0	0.000146660843349565	0.00351477541520172	5.76406874389172e-05	0	0.000336886804483054	0.00524971550607646	0.00034477700502761	0.000443060783582496	0.00192195150613288	4.80554278435178e-05	0.0015158920081133
T[T>A]C	0.00123317952905218	0.00417424244447859	0.00216599832686058	0.00863641875017155	0.00357138266250098	0.00600933814025156	0.000494230081739976	0.00112930302897283	0.00879332115703256	0.00275757217995191	0.000599930168910667	0	0.0128134699551503	0.000453700497427521	0.00112222093579407	0.00125955667501422	0.00845875010615797	0.00235196302383767	0.00185995374062834	0.003723824074153	0.000529554408172553	0.00397728866353441
T[T>A]G	0.000596179191006435	0.00153437188948833	0.000396647477358897	0.0052981601086367	0.00559603244498963	0.0055152333881494	0	0.00066176996288277	0.00523094748854919	0.0125683705854026	0	0	0.0031570565771105	0.000478562118892102	0	0.00034962556430093	0.00538412716716217	0	0.00129429215631774	0.00354600283642239	0	0
T[T>A]T	0.00153590349850067	0.0026661260682708	0.00167165974541743	0.00833169709216449	0.0022314855534766	0.00570088282474244	0.000276210535661221	0.00240431989322535	0.0136721808556537	0.00906736162437202	0.00134113271884024	0.000393238491265007	0.0058280556334678	0.000405695604712785	0.000537579428676468	0.000127024758840222	0.00496798116709287	0.00219555211319994	0.00103947298633743	0.00421182051011691	0.000483187353659505	0.000451614208504431
T[T>C]A	0.00317257012701611	0.00409792312110151	0.00137590363312015	0.00520036409963116	0.00138091353464538	0.00954325550172943	0.00231537372635498	0.00109996019810155	0.00372384483623292	0.0101208648103969	0.00142909753574056	9.77738955663765e-05	0.0308313632912431	0.000288203437194586	0.000801974924920926	0.00286353783810596	0.0151932942881743	0.000976868180911559	9.84579519072211e-05	0.00256260200817717	0.00192221711374071	0.0218400737465212
T[T>C]C	0.00295963086972524	0.00789311298592312	0.00135374895428786	0.00944608300800015	0.00124222005652208	0.0125489119987606	0.00216225660761239	0.0013551636347674	0.0065727855113173	0.0139921255056819	0.00727415329804184	0.000692636752308177	0.0331985357928895	0.000544440596913025	0.00392777327527925	0.00656295320138987	0.0177925433267461	0.0101315330257623	0.00534736700430647	0.00155159336423042	0.00854852116049977	0.0276642522596949
T[T>C]G	0.00455264109495822	0.00500338659615759	0.000634635963774235	0.00521908309208988	0.00245679473194667	0.00978759728037785	0.00575616018229291	0.00125736292947726	0.00226414145026756	0.00879785940978177	0.00428461583761137	0.000473531506121663	0.0273042730993341	0.000159520706297367	0.00209616332411748	0.00227256616795605	0.0141012854378057	0.00477085491176513	0.000749327037868166	0.00388696464761685	0.016092211455604	0.0193446894773429
T[T>C]T	0.002402310600219	0.00683497773865783	0.00138344254793166	0.00620567783416391	0.00109094849281078	0.00976487850178655	0.00114430079059649	0.00115407354874816	0.00669426282558976	0.0201569405894312	0.00474186211304229	0.000245774057040629	0.0230022195746442	0.000695478179507632	0.00116475542879901	0.00199005455516347	0.010805359038427	0.00415999347764199	0.000692981990891621	0.00188293152216991	0.00198106815000397	0.0154677866412768
T[T>G]A	0.000548345454052165	0.000433897742234277	0.000229317272186691	0.00182869946360656	0	0.00286297665051882	0.000353192602325335	0	0.00163623485228416	0.032568423941149	0.00238182922623427	0	0.00117159180506724	5.76406874389172e-05	0	0	0.00419977240486116	0	0	0.00157698585118595	0	0
T[T>G]C	0.00080156669388392	0.00265633610103183	0.00126349902400201	0.00503791093760007	0.00023291626059789	0.00450700360518868	0.00117379644413244	0.000752868685981888	0.00275346420068698	0.00827271653985571	0.00689919694247268	0	0.00262093703628075	0.000362960397942017	0.00105208212730694	0.000265169826318784	0.0067086638772977	0.0086841711649391	0.0027899306109425	0.00139643402780737	0.000302602518955744	0.00159091546541376
T[T>G]G	0.00108396216546624	0.00193464281718093	0.0019039078913227	0.00782862463813482	0.00204732894328889	0.00466076060970372	0.000597337377407753	0.00066176996288277	0.00523094748854919	0.00790011865368159	0.00145017766811462	0.000202942074052141	0.000938584387789606	7.97603531486838e-05	0.000123303724948087	0.000524438346451395	0.00418765446334836	0.00357814118382385	0.000544965118449574	0.000750115984627813	0.000265986966208332	0.000233068547919793
T[T>G]T	0.00157528563948787	0.00412037665096396	0.00115286878994305	0.00649297773389372	0.000545474246405392	0.00745065874124756	0.00284102265251542	0.000673209570103099	0.0063538765802208	0.0355518855056311	0.0303191789652098	0.000147464434224377	0.00198401893905287	0.000173869544876908	0.00111995714307597	0.00139727234724244	0.0101222616279517	0.033048837072378	0.000742480704526735	0.000644160783900234	0	0.000169355328189161
